test_Numazu_00321.jpg,7 60 334 600 541
test_Numazu_00126.jpg,2 207 407 261 599
test_Adachi_00249.jpg,8 142 351 479 593
test_Numazu_00119.jpg,2 269 361 529 597
test_Muroran_00176.jpg,5 173 421 600 600 8 358 427 512 600
test_Numazu_00373.jpg,7 82 328 578 470
test_Sumida_00209.jpg,2 408 453 516 553
test_Nagakute_00089.jpg,2 238 355 305 597 8 462 477 596 600 8 210 361 291 506
test_Muroran_00284.jpg,5 40 368 554 581
test_Ichihara_00022.jpg,5 366 428 553 600 8 153 383 499 600
test_Muroran_00385.jpg,5 51 380 372 596 5 347 388 600 597
test_Muroran_00389.jpg,1 455 385 600 578 1 370 314 595 579 2 369 310 600 584
test_Numazu_00157.jpg,2 0 183 272 517
test_Adachi_00134.jpg,2 1 282 123 554 8 356 376 600 572 8 325 347 542 503
test_Sumida_00086.jpg,2 0 183 272 517
test_Adachi_00199.jpg,1 127 207 278 437 1 336 203 476 373 8 2 296 136 434
test_Chiba_00046.jpg,8 316 409 482 571 8 2 414 196 586
test_Sumida_00102.jpg,2 317 407 393 556
test_Muroran_00024.jpg,1 471 507 600 599 2 353 483 437 596
test_Numazu_00379.jpg,2 247 289 322 426
test_Sumida_00051.jpg,8 375 422 566 559
test_Muroran_00402.jpg,5 143 391 576 483 5 68 380 600 548 8 445 355 600 486
test_Adachi_00150.jpg,2 0 183 272 517
test_Chiba_00006.jpg,1 414 450 571 564 8 135 488 284 588 8 415 445 583 575
test_Nagakute_00040.jpg,1 251 428 338 598 1 440 411 550 527
test_Sumida_00208.jpg,2 278 439 414 540 8 487 396 593 571
test_Adachi_00141.jpg,2 285 302 422 562
test_Chiba_00092.jpg,2 187 473 301 588 8 424 460 597 569
test_Numazu_00290.jpg,1 502 469 596 587 1 262 236 323 397 1 204 384 306 509 7 49 289 525 401
test_Ichihara_00001.jpg,2 6 397 260 587
test_Sumida_00180.jpg,8 435 444 600 548 8 123 471 223 565
test_Ichihara_00048.jpg,2 453 464 562 600
test_Numazu_00211.jpg,5 0 401 189 593 6 0 402 196 599
test_Nagakute_00013.jpg,8 156 350 269 524
test_Nagakute_00027.jpg,2 292 325 595 559 8 5 319 180 532 8 301 322 592 559
test_Chiba_00001.jpg,2 0 183 272 517
test_Chiba_00084.jpg,2 385 466 584 584
test_Adachi_00103.jpg,1 312 390 478 536
test_Numazu_00165.jpg,2 0 183 272 517
test_Nagakute_00112.jpg,1 53 384 184 571
test_Muroran_00069.jpg,5 358 489 512 600 8 143 404 201 600
test_Chiba_00049.jpg,8 337 398 519 575
test_Muroran_00103.jpg,1 440 446 521 597
test_Adachi_00040.jpg,1 9 274 214 538 1 0 259 452 477 3 131 307 577 422
test_Nagakute_00087.jpg,1 135 426 227 597 8 5 378 186 562
test_Numazu_00267.jpg,5 480 479 599 600 7 122 408 539 489
test_Ichihara_00034.jpg,1 436 453 592 595 1 70 417 272 600 1 222 441 585 597 1 247 416 417 588 5 82 411 276 599
test_Numazu_00087.jpg,2 327 352 518 596 5 71 337 293 600
test_Muroran_00041.jpg,2 0 389 170 557 5 162 367 600 597
test_Muroran_00346.jpg,8 0 297 212 556 8 408 438 544 600
test_Sumida_00169.jpg,2 54 401 277 525
test_Nagakute_00023.jpg,1 201 332 291 548 8 42 303 271 600
test_Sumida_00125.jpg,2 309 419 375 544
test_Numazu_00312.jpg,5 15 324 319 600
test_Adachi_00157.jpg,2 385 346 468 594
test_Muroran_00313.jpg,2 352 322 397 600
test_Muroran_00290.jpg,2 469 444 600 580 8 16 343 226 600
test_Numazu_00256.jpg,5 48 346 521 597
test_Adachi_00247.jpg,2 455 403 600 557
test_Muroran_00232.jpg,5 159 340 552 600
test_Adachi_00266.jpg,1 75 303 238 485 2 379 174 472 277 8 1 219 135 414
test_Chiba_00048.jpg,8 229 478 328 589 8 471 480 596 559
test_Nagakute_00132.jpg,8 305 321 600 584 8 2 351 188 600
test_Adachi_00031.jpg,2 293 457 400 581 2 165 265 430 458 8 451 347 598 453
test_Adachi_00046.jpg,2 0 207 263 500 8 369 221 504 563
test_Nagakute_00017.jpg,1 414 427 490 582
test_Adachi_00203.jpg,2 275 367 337 599
test_Chiba_00035.jpg,2 394 450 562 581
test_Nagakute_00092.jpg,5 40 349 600 595
test_Numazu_00344.jpg,2 0 183 272 517
test_Muroran_00305.jpg,1 54 399 249 590 5 432 443 583 600 8 457 467 590 600
test_Nagakute_00120.jpg,5 0 363 206 600 8 315 367 473 503
test_Muroran_00223.jpg,5 364 294 596 506 5 216 323 595 566
test_Adachi_00242.jpg,1 17 314 237 518 8 432 313 593 515
test_Sumida_00124.jpg,8 375 421 523 574
test_Numazu_00060.jpg,5 0 434 460 599
test_Numazu_00049.jpg,1 269 355 353 449 2 45 290 207 595 8 388 328 599 503
test_Sumida_00194.jpg,7 194 433 588 544
test_Numazu_00101.jpg,2 284 315 444 570 5 234 309 433 580
test_Nagakute_00170.jpg,8 0 352 570 599
test_Numazu_00080.jpg,1 398 461 590 590 8 295 408 468 600
test_Numazu_00311.jpg,5 37 400 540 596
test_Chiba_00018.jpg,2 148 472 334 593
test_Numazu_00309.jpg,5 317 392 426 507
test_Numazu_00386.jpg,1 130 353 207 576 2 362 372 579 573 8 354 357 592 580 8 0 325 135 537
test_Numazu_00359.jpg,2 107 386 258 599 5 150 390 567 599 5 136 407 300 600
test_Adachi_00090.jpg,1 177 292 273 387 3 420 410 600 465
test_Sumida_00143.jpg,7 88 438 576 561
test_Sumida_00047.jpg,2 359 385 540 519
test_Sumida_00078.jpg,2 242 408 305 560
test_Nagakute_00034.jpg,2 234 316 290 593 8 28 334 227 600
test_Muroran_00275.jpg,1 428 439 591 573 1 422 422 553 521 8 27 305 185 600 8 448 475 590 600
test_Numazu_00378.jpg,1 6 361 189 572 8 308 299 600 582 8 0 287 175 476
test_Nagakute_00152.jpg,1 484 430 595 540 1 133 489 252 600 8 2 400 122 546
test_Numazu_00380.jpg,7 47 386 600 600
test_Nagakute_00213.jpg,2 297 371 597 590 8 1 399 140 548
test_Numazu_00155.jpg,5 290 338 557 594 5 0 375 149 580 8 3 333 139 519 8 305 348 563 588
test_Chiba_00019.jpg,7 0 476 552 592
test_Sumida_00067.jpg,2 0 183 272 517
test_Numazu_00065.jpg,2 302 326 399 470
test_Sumida_00201.jpg,2 359 441 428 559
test_Numazu_00364.jpg,2 241 348 429 600
test_Numazu_00354.jpg,1 372 389 526 565 1 228 410 540 571 3 141 461 590 565 8 0 320 159 536 8 132 360 275 585
test_Numazu_00086.jpg,2 279 416 372 584 2 58 384 198 596 8 0 376 171 559 8 375 420 561 537
test_Chiba_00088.jpg,1 296 473 379 578 8 458 473 600 567
test_Chiba_00025.jpg,2 258 454 383 561
test_Chiba_00075.jpg,2 0 183 272 517
test_Nagakute_00163.jpg,1 57 272 165 416
test_Muroran_00195.jpg,1 147 317 395 590 1 204 399 273 600 5 3 397 169 600 5 0 353 440 600
test_Adachi_00106.jpg,2 371 284 558 600
test_Chiba_00070.jpg,2 454 496 543 583
test_Nagakute_00070.jpg,2 0 183 272 517
test_Adachi_00204.jpg,2 0 183 272 517
test_Muroran_00415.jpg,5 324 417 600 600
test_Adachi_00032.jpg,7 0 336 549 520
test_Adachi_00243.jpg,8 161 469 486 598
test_Sumida_00040.jpg,2 0 183 272 517
test_Nagakute_00162.jpg,1 104 434 246 600 8 313 368 600 594 8 0 364 148 563
test_Numazu_00403.jpg,8 329 308 600 558 8 2 280 185 472
test_Nagakute_00178.jpg,1 151 374 234 575 8 21 369 188 595
test_Muroran_00404.jpg,2 263 323 313 600
test_Numazu_00185.jpg,1 2 311 116 506 1 164 408 259 564 8 10 278 157 596 8 430 401 600 595
test_Numazu_00164.jpg,1 2 345 191 550 2 214 265 265 557 8 337 332 599 589
test_Muroran_00079.jpg,1 497 423 595 532 1 209 414 294 598 2 327 350 488 595
test_Nagakute_00012.jpg,2 106 400 274 597
test_Nagakute_00010.jpg,2 268 343 326 599
test_Adachi_00051.jpg,2 296 123 493 251 5 0 244 496 555
test_Muroran_00386.jpg,2 167 351 283 600 8 406 416 555 600
test_Nagakute_00083.jpg,5 56 332 486 598
test_Muroran_00029.jpg,2 341 378 445 550
test_Adachi_00190.jpg,8 253 429 365 599
test_Sumida_00058.jpg,2 30 418 211 519 8 374 455 561 561 8 339 452 487 547
test_Numazu_00033.jpg,5 159 335 313 579
test_Muroran_00125.jpg,2 334 386 520 585 6 57 351 481 582
test_Numazu_00356.jpg,5 155 434 600 598 5 4 510 125 600
test_Adachi_00005.jpg,3 106 487 600 581
test_Nagakute_00174.jpg,7 39 493 594 600
test_Chiba_00010.jpg,1 124 482 226 587 8 304 438 469 599 8 5 471 170 600
test_Nagakute_00062.jpg,1 270 383 436 600 2 214 377 455 600 5 285 389 436 599
test_Nagakute_00085.jpg,5 74 480 416 595 5 310 399 597 596 8 320 402 597 572
test_Nagakute_00058.jpg,1 277 418 365 582 8 5 330 159 463
test_Muroran_00055.jpg,5 461 391 592 502
test_Nagakute_00084.jpg,1 94 295 257 600 8 93 296 269 600
test_Sumida_00037.jpg,2 150 418 290 567
test_Nagakute_00240.jpg,1 205 325 298 420 8 263 287 597 537
test_Muroran_00141.jpg,5 72 442 490 600
test_Numazu_00204.jpg,3 169 472 561 586 5 0 364 522 591 8 3 279 183 482
test_Nagakute_00180.jpg,2 69 356 211 587
test_Adachi_00253.jpg,1 158 281 418 483 5 24 189 321 439
test_Adachi_00081.jpg,7 22 302 492 420
test_Numazu_00381.jpg,1 34 344 144 455 2 232 302 319 475
test_Muroran_00156.jpg,1 225 342 484 588 1 339 357 596 563 1 336 455 474 598 5 226 332 586 579 8 25 359 194 596
test_Sumida_00134.jpg,2 133 420 224 523
test_Numazu_00076.jpg,2 0 183 272 517
test_Ichihara_00049.jpg,8 0 475 121 582 8 477 470 596 585
test_Sumida_00190.jpg,2 0 183 272 517
test_Muroran_00201.jpg,1 321 377 500 600 1 38 387 191 598 2 314 313 512 543 5 287 313 497 594 8 4 365 184 587
test_Adachi_00286.jpg,1 20 366 298 565 1 27 318 503 545 3 3 380 531 508
test_Numazu_00092.jpg,2 170 371 244 551 5 95 414 243 600
test_Numazu_00218.jpg,5 280 419 558 556
test_Nagakute_00167.jpg,1 350 436 458 595 2 261 234 346 600 8 21 230 276 488
test_Numazu_00114.jpg,2 33 295 201 579 5 33 327 363 584
test_Adachi_00135.jpg,1 38 406 198 570 1 379 383 556 524
test_Chiba_00076.jpg,2 92 517 208 595 2 76 500 171 580
test_Muroran_00020.jpg,1 299 373 600 555 2 258 367 324 600 4 146 436 600 561
test_Muroran_00383.jpg,5 56 391 331 598
test_Numazu_00171.jpg,5 98 307 274 445 8 350 293 578 540
test_Numazu_00285.jpg,5 264 411 600 599 8 139 400 222 599
test_Sumida_00098.jpg,7 0 446 441 535
test_Muroran_00312.jpg,2 350 402 600 593 8 205 348 377 428
test_Nagakute_00146.jpg,5 194 410 600 600 5 346 421 600 591 8 101 417 600 597
test_Adachi_00308.jpg,2 0 183 272 517
test_Muroran_00014.jpg,2 297 356 457 599 5 357 350 600 545 5 301 356 513 598
test_Muroran_00333.jpg,2 0 183 272 517
test_Muroran_00174.jpg,1 153 391 276 593 2 161 382 294 598
test_Adachi_00014.jpg,2 194 368 330 599
test_Numazu_00230.jpg,2 286 418 482 584 8 82 303 215 474
test_Nagakute_00114.jpg,1 221 334 302 574 2 36 363 164 593 8 263 321 550 582
test_Muroran_00299.jpg,5 269 377 578 600
test_Nagakute_00196.jpg,1 213 351 323 517 1 39 342 170 466 8 3 320 170 458
test_Muroran_00240.jpg,1 166 418 268 595 8 435 383 598 559 8 73 387 262 599
test_Sumida_00033.jpg,2 328 404 422 516
test_Muroran_00112.jpg,2 335 350 544 587 5 59 403 347 600
test_Sumida_00105.jpg,2 0 183 272 517
test_Numazu_00338.jpg,5 411 471 600 588 8 254 423 371 548
test_Numazu_00202.jpg,8 446 478 570 600 8 4 269 213 480
test_Adachi_00069.jpg,5 26 175 194 444
test_Ichihara_00021.jpg,1 153 405 297 598 8 408 400 599 584 8 53 401 279 597
test_Numazu_00160.jpg,7 0 413 504 600
test_Adachi_00299.jpg,2 10 378 192 595
test_Muroran_00345.jpg,1 106 314 413 600 5 56 321 377 597 5 5 315 131 587
test_Muroran_00163.jpg,5 202 371 600 599 5 359 343 600 550 5 200 449 402 600
test_Numazu_00390.jpg,2 461 482 600 595 5 72 400 261 597 5 33 408 533 597 5 331 450 522 600
test_Adachi_00068.jpg,1 111 316 462 571 3 30 316 564 528 3 204 349 600 498
test_Chiba_00026.jpg,8 456 482 594 566 8 193 491 300 590
test_Adachi_00072.jpg,8 486 301 596 441
test_Nagakute_00125.jpg,3 198 400 600 525 3 0 378 452 550 3 7 413 307 569 5 295 390 600 535
test_Muroran_00260.jpg,1 395 483 584 600
test_Numazu_00176.jpg,2 322 358 595 595 2 231 313 341 594 3 1 407 144 504
test_Muroran_00005.jpg,2 95 368 214 577 5 149 416 600 595
test_Adachi_00329.jpg,2 381 364 586 594
test_Numazu_00333.jpg,7 31 426 600 600
test_Sumida_00081.jpg,7 12 457 556 571
test_Numazu_00310.jpg,2 282 352 413 593 5 430 364 590 528 8 445 364 599 507
test_Numazu_00284.jpg,2 240 330 299 600
test_Numazu_00357.jpg,2 316 379 564 590 8 283 368 534 588
test_Nagakute_00185.jpg,5 256 343 417 590
test_Muroran_00322.jpg,2 193 361 315 583
test_Nagakute_00091.jpg,5 44 283 201 517 5 341 251 495 361
test_Nagakute_00159.jpg,2 179 274 243 501 2 52 481 129 599
test_Adachi_00180.jpg,2 326 166 412 600
test_Adachi_00130.jpg,2 118 297 262 503 2 53 365 216 594 2 419 333 582 597 2 41 247 281 600 8 381 221 593 566
test_Numazu_00317.jpg,2 360 439 563 600
test_Numazu_00388.jpg,2 57 276 218 585 5 78 289 256 589
test_Numazu_00374.jpg,2 260 303 381 600 5 15 296 277 588 6 15 281 346 589
test_Nagakute_00029.jpg,2 364 276 422 439 7 0 425 513 598 8 103 290 305 436
test_Muroran_00006.jpg,2 388 360 558 566 8 429 386 557 525 8 19 340 291 600
test_Muroran_00397.jpg,2 0 183 272 517
test_Numazu_00396.jpg,2 297 451 383 597
test_Sumida_00060.jpg,2 0 183 272 517
test_Adachi_00164.jpg,5 43 305 388 569
test_Adachi_00236.jpg,8 400 269 597 495
test_Muroran_00131.jpg,1 409 452 493 597 1 194 450 280 594 8 66 374 278 599
test_Nagakute_00199.jpg,2 339 321 591 591 8 6 277 181 559
test_Muroran_00238.jpg,5 108 288 246 440 5 122 270 291 544
test_Sumida_00217.jpg,2 0 183 272 517
test_Muroran_00045.jpg,5 0 384 450 600 5 7 391 250 600
test_Nagakute_00254.jpg,8 1 322 203 522
test_Sumida_00226.jpg,8 208 426 311 578
test_Ichihara_00024.jpg,1 156 459 283 600 2 440 381 556 454
test_Adachi_00265.jpg,1 185 230 440 463
test_Adachi_00021.jpg,2 167 171 279 539
test_Muroran_00104.jpg,1 299 344 367 486 2 194 392 284 598 8 475 464 600 600 8 0 377 234 595
test_Sumida_00168.jpg,2 0 183 272 517
test_Nagakute_00099.jpg,5 129 345 478 597 5 355 400 600 600
test_Nagakute_00086.jpg,7 0 410 501 600
test_Nagakute_00121.jpg,1 75 434 186 600 1 215 422 288 593 8 0 392 139 580 8 317 418 511 599
test_Nagakute_00154.jpg,4 107 461 588 581
test_Numazu_00340.jpg,1 22 408 378 587 5 365 412 573 571 8 0 326 144 577
test_Numazu_00222.jpg,3 31 392 472 505
test_Muroran_00283.jpg,5 5 338 191 582 5 77 391 538 600
test_Sumida_00100.jpg,2 0 183 272 517
test_Numazu_00029.jpg,5 13 395 434 600 5 185 417 553 599
test_Numazu_00393.jpg,1 344 290 596 424 5 339 279 600 430
test_Adachi_00251.jpg,1 346 410 467 537
test_Nagakute_00216.jpg,5 13 463 140 595 5 213 476 525 597
test_Numazu_00405.jpg,5 179 332 343 567 8 340 265 600 543 8 4 253 167 448
test_Muroran_00071.jpg,5 352 391 452 560 5 0 406 593 600
test_Sumida_00227.jpg,2 354 411 458 552
test_Numazu_00131.jpg,5 32 360 284 588
test_Muroran_00198.jpg,5 0 369 498 595 5 32 363 399 501
test_Sumida_00042.jpg,1 381 425 442 473 8 246 404 339 454
test_Numazu_00348.jpg,5 89 443 446 594 5 432 450 596 595 5 192 455 600 600 8 437 459 599 594 8 4 423 86 557
test_Chiba_00020.jpg,2 0 183 272 517
test_Muroran_00261.jpg,1 134 387 217 587
test_Adachi_00224.jpg,2 184 361 276 580 2 191 182 315 570 2 263 148 322 313 2 449 305 593 480
test_Adachi_00195.jpg,1 351 499 508 600 3 95 433 339 500
test_Adachi_00124.jpg,2 407 378 600 585
test_Adachi_00131.jpg,1 323 359 502 517 5 321 356 483 492 5 208 343 516 559
test_Numazu_00254.jpg,1 44 379 258 598
test_Nagakute_00229.jpg,1 108 425 206 571 2 261 325 334 600 5 344 391 545 598
test_Nagakute_00144.jpg,1 13 379 248 567 2 53 379 242 540
test_Nagakute_00073.jpg,2 348 307 600 588 8 33 339 272 600
test_Nagakute_00021.jpg,2 87 253 226 600
test_Sumida_00029.jpg,2 366 440 453 550
test_Muroran_00365.jpg,1 453 406 592 563 8 0 378 215 581 8 401 422 558 598
test_Sumida_00030.jpg,8 357 416 529 559
test_Sumida_00165.jpg,2 0 418 214 552 2 56 435 165 519 8 417 451 577 563
test_Muroran_00023.jpg,5 87 309 524 600 5 279 345 595 600 5 18 305 326 600
test_Numazu_00361.jpg,2 0 183 272 517
test_Muroran_00295.jpg,5 233 471 392 580
test_Muroran_00179.jpg,2 370 439 483 597
test_Adachi_00219.jpg,1 310 381 472 497 5 328 395 467 503
test_Nagakute_00241.jpg,1 110 413 236 594 2 308 327 385 600 8 16 333 257 595 8 405 350 600 504
test_Numazu_00180.jpg,8 282 411 496 596
test_Ichihara_00046.jpg,2 137 409 307 577
test_Sumida_00123.jpg,2 0 388 220 546 8 5 416 176 522
test_Numazu_00108.jpg,5 450 409 596 560
test_Numazu_00288.jpg,2 302 421 438 588
test_Numazu_00258.jpg,2 0 183 272 517
test_Sumida_00096.jpg,2 0 406 169 522 2 224 426 312 548 8 427 433 590 577 8 477 496 586 583
test_Adachi_00262.jpg,7 57 397 598 565
test_Numazu_00372.jpg,2 112 307 255 600 5 176 294 574 596 6 228 276 501 574
test_Sumida_00118.jpg,2 0 183 272 517
test_Numazu_00385.jpg,5 12 351 206 587
test_Adachi_00327.jpg,8 441 377 599 536 8 14 400 255 558
test_Nagakute_00202.jpg,8 269 371 584 594
test_Numazu_00339.jpg,8 0 296 198 561 8 320 302 570 559
test_Nagakute_00217.jpg,1 161 386 277 599
test_Nagakute_00008.jpg,2 299 381 373 545 5 43 408 567 593
test_Chiba_00069.jpg,2 0 183 272 517
test_Numazu_00168.jpg,5 0 358 452 600 5 227 329 572 600 5 45 363 246 597 8 282 310 493 600 8 0 323 125 480
test_Chiba_00045.jpg,1 280 477 365 584 1 17 522 137 595 8 208 468 317 585 8 442 478 596 567
test_Sumida_00111.jpg,8 418 474 587 564
test_Numazu_00302.jpg,1 406 437 523 588 2 0 339 121 511
test_Muroran_00194.jpg,1 185 438 266 593 1 132 365 586 566 2 269 381 592 528 5 14 399 166 576
test_Numazu_00292.jpg,2 312 299 585 553
test_Numazu_00225.jpg,2 140 318 227 577 5 156 346 480 586
test_Sumida_00045.jpg,7 194 432 586 544
test_Sumida_00068.jpg,2 334 404 403 536
test_Muroran_00407.jpg,5 243 372 522 595
test_Muroran_00293.jpg,2 318 364 563 600 4 0 425 422 517
test_Muroran_00418.jpg,5 38 383 476 587
test_Ichihara_00030.jpg,5 70 393 309 599 5 120 389 586 600
test_Adachi_00117.jpg,2 0 183 272 517
test_Sumida_00106.jpg,8 430 420 600 522
test_Muroran_00153.jpg,1 105 434 261 593 1 447 342 593 445 8 6 339 255 578
test_Nagakute_00187.jpg,1 296 432 472 594 2 176 381 265 600 2 256 381 505 587
test_Adachi_00018.jpg,2 339 331 424 599
test_Muroran_00354.jpg,2 318 384 471 592
test_Numazu_00210.jpg,5 96 464 503 600 5 303 447 512 600 6 87 435 454 596
test_Ichihara_00026.jpg,8 442 484 558 600
test_Ichihara_00047.jpg,2 468 419 596 532
test_Adachi_00269.jpg,2 384 315 485 399 7 25 390 590 600
test_Adachi_00276.jpg,2 417 293 598 528
test_Nagakute_00190.jpg,1 33 344 219 565 2 309 285 594 600
test_Muroran_00425.jpg,8 278 321 343 600
test_Muroran_00074.jpg,2 0 183 272 517
test_Muroran_00130.jpg,5 143 375 451 597
test_Adachi_00153.jpg,1 266 442 366 596
test_Numazu_00395.jpg,2 55 377 228 597
test_Numazu_00366.jpg,2 292 371 433 585 2 3 390 106 577 7 92 271 387 337 8 409 373 600 575 8 246 438 321 580
test_Sumida_00166.jpg,2 328 388 393 539
test_Numazu_00259.jpg,1 336 448 419 600 1 463 428 571 531
test_Muroran_00315.jpg,5 82 343 584 600
test_Nagakute_00078.jpg,1 266 339 447 511 1 288 346 408 461 8 285 232 597 526 8 2 278 184 523
test_Numazu_00246.jpg,2 266 395 407 595 5 224 396 587 599 5 69 510 237 600 8 384 408 593 570
test_Chiba_00079.jpg,2 0 183 272 517
test_Numazu_00323.jpg,7 131 355 600 485
test_Numazu_00397.jpg,2 235 387 324 600
test_Numazu_00235.jpg,1 46 327 200 563 1 335 367 557 580 8 340 331 594 570
test_Numazu_00315.jpg,1 303 421 423 571 8 4 375 109 518 8 339 304 584 595
test_Chiba_00089.jpg,8 288 465 474 598
test_Adachi_00263.jpg,1 400 357 590 600
test_Adachi_00128.jpg,1 0 314 269 589 5 7 311 244 514
test_Muroran_00007.jpg,5 12 352 510 600
test_Numazu_00277.jpg,2 71 386 190 524 8 307 397 562 600 8 5 389 171 536
test_Nagakute_00109.jpg,2 237 296 415 541 2 297 379 469 600 3 76 432 330 491
test_Numazu_00281.jpg,5 14 345 244 581 8 387 325 598 452
test_Ichihara_00045.jpg,7 67 443 600 598
test_Muroran_00132.jpg,5 39 368 584 595
test_Muroran_00213.jpg,5 18 375 488 598 5 334 392 505 594
test_Muroran_00120.jpg,1 351 501 470 600 5 0 471 373 599
test_Numazu_00105.jpg,2 332 339 558 583
test_Nagakute_00201.jpg,5 210 400 386 596 8 24 404 187 600
test_Adachi_00096.jpg,2 293 307 413 589 8 273 330 464 404
test_Adachi_00270.jpg,2 189 339 250 600
test_Muroran_00419.jpg,5 82 334 523 597 5 271 330 548 541
test_Adachi_00289.jpg,8 0 296 261 600
test_Muroran_00298.jpg,2 378 391 584 596
test_Numazu_00036.jpg,2 8 274 207 600 5 59 324 304 577 8 355 402 550 588
test_Ichihara_00028.jpg,7 0 458 517 600 7 144 449 600 599
test_Numazu_00391.jpg,5 3 364 442 585
test_Nagakute_00244.jpg,1 303 407 408 537 8 1 318 195 510
test_Muroran_00294.jpg,5 139 420 345 592
test_Sumida_00193.jpg,2 188 405 286 543
test_Ichihara_00029.jpg,1 394 409 569 600
test_Muroran_00143.jpg,1 109 417 251 600 3 39 450 216 514 8 371 394 475 600
test_Sumida_00197.jpg,2 0 183 272 517
test_Sumida_00141.jpg,1 164 452 287 561 8 400 448 594 595 8 69 452 204 566
test_Muroran_00047.jpg,2 177 360 252 597 8 421 397 600 535
test_Muroran_00085.jpg,1 365 374 529 595 5 34 329 331 593 5 81 351 573 599 5 372 384 533 600
test_Muroran_00244.jpg,5 442 419 592 577 8 498 460 600 564 8 72 325 254 600
test_Muroran_00348.jpg,5 239 347 579 583
test_Nagakute_00250.jpg,7 4 381 600 600
test_Adachi_00154.jpg,1 398 397 565 586
test_Nagakute_00274.jpg,1 329 432 541 596 5 11 464 216 600 5 0 479 377 596 5 110 485 519 597 8 331 399 547 598
test_Adachi_00085.jpg,2 152 309 264 598 8 0 278 80 433
test_Adachi_00261.jpg,1 350 156 560 399 2 6 154 158 488 5 335 126 562 395
test_Sumida_00031.jpg,7 327 418 569 572
test_Muroran_00100.jpg,2 0 183 272 517
test_Nagakute_00198.jpg,1 248 418 310 594 2 251 403 309 600
test_Nagakute_00139.jpg,1 39 381 156 600 5 274 407 527 599 8 0 301 123 508
test_Numazu_00229.jpg,2 0 311 100 516
test_Adachi_00073.jpg,2 414 461 537 596 8 351 426 546 486
test_Muroran_00031.jpg,5 20 359 522 600
test_Muroran_00257.jpg,5 59 355 419 596 5 96 336 268 505 5 211 373 600 597
test_Muroran_00357.jpg,5 43 397 538 598
test_Numazu_00370.jpg,2 251 362 329 584
test_Nagakute_00168.jpg,4 5 457 471 565 8 367 374 496 512 8 10 326 170 469
test_Adachi_00165.jpg,7 23 195 575 399
test_Adachi_00208.jpg,2 117 400 213 511 5 361 329 575 597 5 154 382 600 600 8 422 391 570 600
test_Adachi_00086.jpg,1 152 324 254 510 1 315 298 418 411 1 8 322 152 417
test_Adachi_00273.jpg,2 139 243 291 600 8 219 283 392 422
test_Adachi_00225.jpg,8 26 244 239 529 8 56 153 391 402 8 139 195 483 499
test_Adachi_00030.jpg,7 0 173 549 378
test_Muroran_00204.jpg,1 396 386 546 600 5 108 325 508 576
test_Numazu_00240.jpg,2 260 371 415 598
test_Muroran_00328.jpg,1 311 410 372 600 1 168 429 280 600
test_Sumida_00043.jpg,2 332 459 384 555
test_Adachi_00228.jpg,7 36 335 600 600
test_Muroran_00008.jpg,5 151 336 561 594 5 3 434 160 598 5 0 380 443 600
test_Adachi_00029.jpg,8 1 206 198 362 8 419 222 596 354
test_Muroran_00384.jpg,2 386 356 584 600 5 380 376 597 600 5 435 494 567 593
test_Numazu_00250.jpg,2 105 325 252 583 2 299 316 566 593 2 378 400 544 595
test_Adachi_00240.jpg,2 0 183 272 517
test_Nagakute_00227.jpg,5 166 327 335 539
test_Ichihara_00038.jpg,1 408 384 503 576
test_Nagakute_00127.jpg,1 286 520 394 600
test_Adachi_00197.jpg,2 345 232 420 419 8 395 413 489 586
test_Muroran_00420.jpg,1 323 361 397 473 8 364 388 593 600 8 8 421 180 600
test_Adachi_00105.jpg,1 104 184 236 583 2 498 226 599 345 2 93 88 239 386
test_Numazu_00095.jpg,5 236 318 387 598 7 6 413 314 584 8 11 409 260 591
test_Muroran_00297.jpg,2 360 343 592 547 5 158 417 287 538
test_Nagakute_00226.jpg,1 90 356 177 471 8 271 334 522 591
test_Chiba_00052.jpg,2 0 183 272 517
test_Muroran_00115.jpg,2 297 350 362 600
test_Muroran_00058.jpg,1 324 519 508 597 8 0 505 104 600
test_Muroran_00381.jpg,2 119 349 194 581
test_Sumida_00151.jpg,2 369 388 507 547 2 414 431 499 532
test_Nagakute_00173.jpg,1 97 473 481 600 5 44 449 600 600 7 216 332 600 461 7 89 329 600 551
test_Chiba_00034.jpg,2 289 399 413 551
test_Muroran_00059.jpg,7 0 475 556 600
test_Numazu_00097.jpg,5 113 411 293 598
test_Numazu_00233.jpg,1 149 362 326 571 8 346 293 598 497
test_Chiba_00038.jpg,8 312 452 494 597
test_Adachi_00314.jpg,2 370 361 554 600
test_Sumida_00059.jpg,2 326 408 410 544
test_Sumida_00205.jpg,8 377 414 591 576
test_Muroran_00321.jpg,5 123 374 580 599 8 409 504 523 600
test_Nagakute_00016.jpg,5 64 367 572 599 5 343 405 600 597
test_Numazu_00268.jpg,8 127 362 302 599
test_Adachi_00246.jpg,7 0 141 472 327 7 112 140 600 287
test_Numazu_00384.jpg,7 45 300 581 466
test_Adachi_00087.jpg,2 344 435 415 595
test_Numazu_00170.jpg,7 137 347 519 511
test_Adachi_00127.jpg,1 137 464 213 596 8 364 307 599 567
test_Adachi_00172.jpg,1 140 208 286 464 1 196 212 288 379
test_Sumida_00041.jpg,2 0 183 272 517
test_Numazu_00193.jpg,1 49 415 157 571 8 347 283 595 528
test_Sumida_00028.jpg,2 362 418 484 557
test_Muroran_00376.jpg,5 59 351 412 511
test_Adachi_00237.jpg,8 262 308 595 514
test_Nagakute_00239.jpg,1 231 416 323 596 8 287 389 500 600
test_Ichihara_00042.jpg,1 394 401 512 475 8 3 477 156 599
test_Nagakute_00181.jpg,5 51 361 516 600
test_Sumida_00135.jpg,8 450 481 595 597
test_Numazu_00083.jpg,5 0 348 386 597 8 224 349 495 589
test_Muroran_00180.jpg,2 162 405 255 554
test_Muroran_00269.jpg,5 6 367 571 599
test_Numazu_00030.jpg,8 183 300 344 553
test_Chiba_00002.jpg,7 0 509 388 598
test_Numazu_00336.jpg,8 290 351 566 599 8 303 323 487 522 8 383 454 596 596 8 63 276 226 586
test_Adachi_00035.jpg,4 238 450 600 547
test_Nagakute_00030.jpg,1 354 448 580 597 2 266 356 357 600
test_Muroran_00035.jpg,1 61 408 217 595 8 443 381 597 544 8 389 440 491 558
test_Muroran_00424.jpg,5 48 413 600 598
test_Muroran_00186.jpg,1 272 337 330 544 1 131 372 251 600 8 2 341 216 565 8 357 359 471 506
test_Muroran_00326.jpg,5 58 368 290 600
test_Muroran_00417.jpg,2 390 336 599 596 8 188 383 337 553
test_Muroran_00398.jpg,5 362 422 593 592
test_Nagakute_00260.jpg,1 67 360 222 588 2 258 300 504 597 3 344 412 566 474
test_Muroran_00053.jpg,5 182 441 508 597
test_Sumida_00091.jpg,5 164 384 283 481
test_Sumida_00170.jpg,2 313 389 405 535
test_Muroran_00413.jpg,2 421 371 531 599 2 419 298 588 430 7 75 301 263 407 8 78 303 257 403
test_Muroran_00388.jpg,5 112 386 598 596 5 11 337 284 600 5 305 422 574 591
test_Adachi_00061.jpg,1 423 254 600 449 2 0 359 155 590 2 417 255 600 451
test_Nagakute_00074.jpg,5 112 339 290 600 8 458 364 598 481
test_Nagakute_00043.jpg,1 122 433 209 595 1 299 389 429 573 8 2 314 206 509
test_Adachi_00196.jpg,2 334 313 574 595
test_Muroran_00078.jpg,2 0 183 272 517
test_Adachi_00013.jpg,2 426 403 543 589
test_Numazu_00064.jpg,6 183 397 412 596
test_Muroran_00273.jpg,2 13 329 194 594
test_Nagakute_00041.jpg,1 236 495 384 600
test_Nagakute_00057.jpg,2 391 477 477 595
test_Ichihara_00002.jpg,1 378 422 529 591 8 25 450 200 598
test_Nagakute_00221.jpg,1 349 459 599 600 1 185 370 592 590 3 27 483 269 534
test_Muroran_00109.jpg,5 52 358 546 599
test_Numazu_00161.jpg,8 356 304 593 526 8 10 280 209 464
test_Adachi_00250.jpg,2 299 303 439 597
test_Muroran_00138.jpg,5 116 368 568 596
test_Muroran_00211.jpg,5 468 439 594 599
test_Nagakute_00061.jpg,7 0 443 525 600
test_Numazu_00006.jpg,2 0 183 272 517
test_Numazu_00353.jpg,2 307 354 469 599
test_Numazu_00201.jpg,2 317 465 389 593 2 443 462 509 598
test_Muroran_00391.jpg,2 339 376 437 600
test_Muroran_00219.jpg,2 344 351 600 568 2 277 355 358 599
test_Sumida_00018.jpg,8 439 487 599 578
test_Numazu_00147.jpg,5 0 420 408 597 5 190 407 463 595
test_Muroran_00344.jpg,5 36 358 572 597
test_Numazu_00013.jpg,5 137 308 225 407
test_Numazu_00261.jpg,2 80 271 225 595 2 85 370 182 585 2 140 268 220 470 5 37 372 210 573
test_Adachi_00098.jpg,1 393 408 480 517 2 163 369 261 589 7 201 301 600 389
test_Nagakute_00113.jpg,2 83 256 252 579
test_Numazu_00110.jpg,2 298 328 582 586 5 160 357 317 593 8 324 335 547 575 8 158 355 297 560
test_Adachi_00321.jpg,2 308 342 484 600
test_Chiba_00061.jpg,2 0 183 272 517
test_Adachi_00217.jpg,7 0 324 484 541
test_Nagakute_00116.jpg,1 322 386 505 598 1 303 382 422 510 1 166 435 246 574
test_Chiba_00011.jpg,2 368 443 595 577
test_Muroran_00310.jpg,1 470 427 595 538
test_Numazu_00178.jpg,5 158 495 328 598
test_Ichihara_00023.jpg,8 392 390 600 596
test_Adachi_00275.jpg,2 436 295 600 587 2 342 166 430 280
test_Numazu_00306.jpg,1 194 308 272 440 8 384 308 594 481
test_Nagakute_00140.jpg,2 236 396 420 599
test_Muroran_00098.jpg,2 381 408 596 593 8 6 476 119 596
test_Nagakute_00031.jpg,7 0 417 586 600
test_Numazu_00063.jpg,5 0 350 445 576 5 13 349 263 538 5 185 323 378 505
test_Muroran_00137.jpg,1 287 392 427 593 1 373 408 482 563
test_Nagakute_00038.jpg,5 135 459 256 557 8 398 347 586 565
test_Nagakute_00262.jpg,1 287 354 433 541 1 284 391 383 587 8 0 347 163 510
test_Adachi_00201.jpg,2 313 449 390 597 8 381 383 481 467
test_Muroran_00111.jpg,5 251 401 454 597 8 343 446 449 600
test_Muroran_00416.jpg,5 284 416 506 502 5 63 396 317 486
test_Chiba_00058.jpg,1 305 438 384 538
test_Nagakute_00149.jpg,2 373 407 522 510
test_Adachi_00318.jpg,7 120 142 575 262
test_Sumida_00056.jpg,7 44 456 561 553
test_Adachi_00161.jpg,8 144 343 448 596
test_Nagakute_00093.jpg,8 19 351 196 598 8 327 411 591 599
test_Nagakute_00147.jpg,1 55 423 179 600
test_Numazu_00093.jpg,2 0 183 272 517
test_Numazu_00192.jpg,2 118 279 210 430 2 17 289 196 600 5 332 325 599 581
test_Nagakute_00072.jpg,1 223 434 277 600
test_Adachi_00020.jpg,1 96 193 257 459 1 82 319 166 532 8 260 121 343 447 8 343 161 597 395
test_Sumida_00015.jpg,8 324 408 462 555
test_Muroran_00068.jpg,5 66 340 297 595 5 410 472 594 598 5 192 466 559 600 5 452 333 594 442 8 416 374 549 503
test_Numazu_00071.jpg,8 29 353 180 592
test_Adachi_00054.jpg,2 0 183 272 517
test_Sumida_00006.jpg,1 93 457 219 554 8 13 464 183 566
test_Numazu_00132.jpg,5 55 334 345 593
test_Muroran_00246.jpg,1 311 348 425 600
test_Numazu_00401.jpg,1 138 398 237 558 1 264 392 348 482 8 283 367 600 600
test_Numazu_00103.jpg,5 235 371 561 526
test_Sumida_00016.jpg,2 224 432 296 543
test_Muroran_00255.jpg,5 4 322 465 600 5 229 346 600 596
test_Numazu_00078.jpg,6 142 383 352 599
test_Muroran_00343.jpg,2 0 183 272 517
test_Nagakute_00066.jpg,2 277 342 324 599
test_Muroran_00060.jpg,1 128 448 220 577 1 421 443 599 584
test_Numazu_00350.jpg,2 309 328 361 584
test_Chiba_00021.jpg,5 307 466 395 577
test_Nagakute_00197.jpg,2 0 183 272 517
test_Adachi_00268.jpg,1 247 323 364 432
test_Muroran_00245.jpg,2 243 357 314 599
test_Numazu_00220.jpg,6 253 342 504 579
test_Muroran_00117.jpg,2 194 420 284 598 2 0 405 181 560
test_Adachi_00088.jpg,2 189 282 273 486
test_Numazu_00308.jpg,5 50 472 231 600 8 212 409 375 537
test_Muroran_00183.jpg,5 107 295 500 600 5 243 349 591 598
test_Sumida_00055.jpg,8 384 428 539 561
test_Nagakute_00265.jpg,2 353 426 591 600 2 147 320 270 530
test_Sumida_00195.jpg,8 414 441 600 584
test_Nagakute_00135.jpg,1 166 501 340 595 8 15 383 205 600 8 338 372 600 591
test_Sumida_00063.jpg,2 387 416 600 525 2 255 423 353 551
test_Adachi_00099.jpg,8 26 315 202 600
test_Adachi_00257.jpg,7 22 173 505 312
test_Numazu_00088.jpg,5 31 398 534 600 5 296 440 600 595 8 6 363 194 600 8 411 472 588 598
test_Chiba_00068.jpg,2 0 183 272 517
test_Muroran_00070.jpg,2 147 338 268 600
test_Sumida_00224.jpg,7 164 431 600 556
test_Nagakute_00007.jpg,2 48 326 248 600 5 152 329 600 592 5 201 363 420 594
test_Muroran_00286.jpg,5 62 372 498 600
test_Numazu_00090.jpg,2 283 348 413 600
test_Numazu_00251.jpg,8 331 415 449 536
test_Muroran_00012.jpg,5 337 392 593 592
test_Nagakute_00025.jpg,1 53 398 161 548 8 270 348 579 592
test_Muroran_00352.jpg,5 111 363 600 595 5 96 413 425 598
test_Muroran_00278.jpg,8 228 399 304 600
test_Muroran_00116.jpg,6 68 379 600 589
test_Numazu_00113.jpg,1 346 341 580 583 5 335 339 582 576 8 8 299 189 489
test_Muroran_00262.jpg,5 113 325 575 600
test_Muroran_00243.jpg,2 411 392 516 521 5 174 319 535 591 5 59 287 416 600 8 5 272 230 599
test_Sumida_00044.jpg,2 353 411 466 546
test_Sumida_00052.jpg,2 108 404 250 565 2 123 444 221 541
test_Sumida_00095.jpg,1 163 398 261 493
test_Muroran_00422.jpg,1 62 364 170 583
test_Adachi_00120.jpg,2 380 241 565 533
test_Muroran_00342.jpg,2 393 410 590 593 5 0 369 383 595 5 136 386 472 600
test_Nagakute_00004.jpg,1 426 452 577 600 1 275 441 571 596 1 115 438 424 598 5 77 456 265 600
test_Sumida_00035.jpg,2 326 407 409 540 8 475 441 597 518
test_Adachi_00287.jpg,2 430 335 577 517
test_Adachi_00139.jpg,1 452 420 588 597 8 431 207 600 358
test_Adachi_00070.jpg,2 347 367 515 598
test_Muroran_00022.jpg,5 37 446 286 600 5 27 421 531 594 8 320 382 382 544
test_Nagakute_00134.jpg,1 2 421 253 600 2 240 313 401 584
test_Sumida_00046.jpg,2 318 408 379 543
test_Sumida_00087.jpg,2 376 421 479 563
test_Numazu_00221.jpg,2 271 373 341 596 2 247 313 358 600 8 309 331 395 436
test_Nagakute_00096.jpg,1 339 372 472 544 1 192 490 335 594 2 12 282 141 394
test_Sumida_00027.jpg,1 341 421 407 554
test_Adachi_00296.jpg,2 373 316 598 559
test_Ichihara_00014.jpg,1 159 499 264 600 2 412 421 600 581
test_Muroran_00091.jpg,1 9 419 169 600 1 31 412 147 537 2 305 351 483 592 2 299 338 420 491 8 313 354 416 478
test_Adachi_00330.jpg,5 160 220 351 347 5 392 222 593 363 7 108 253 565 600
test_Adachi_00315.jpg,7 55 181 550 271
test_Sumida_00082.jpg,2 284 397 326 506
test_Muroran_00247.jpg,8 77 379 204 597
test_Nagakute_00032.jpg,2 129 355 226 600
test_Sumida_00053.jpg,8 337 421 431 539
test_Adachi_00277.jpg,2 13 346 106 471
test_Sumida_00128.jpg,8 71 391 172 542
test_Muroran_00172.jpg,5 0 399 462 600
test_Nagakute_00248.jpg,1 69 458 189 593 8 233 309 600 594
test_Numazu_00062.jpg,1 77 413 190 540 5 280 413 531 590 5 77 398 201 537 8 271 311 580 541
test_Muroran_00083.jpg,5 230 314 350 508 5 342 336 586 589
test_Nagakute_00259.jpg,1 315 385 500 596 8 0 315 217 600
test_Numazu_00239.jpg,6 228 424 373 520
test_Muroran_00335.jpg,5 361 411 597 597 5 28 347 233 594 5 0 355 437 595
test_Nagakute_00235.jpg,1 206 437 477 590 3 31 478 506 585 8 2 333 190 511
test_Numazu_00212.jpg,8 279 400 569 600
test_Numazu_00342.jpg,1 104 365 269 596
test_Nagakute_00176.jpg,1 399 353 514 444 2 400 444 508 598 8 0 349 520 600
test_Muroran_00003.jpg,5 134 362 449 594
test_Muroran_00409.jpg,5 37 370 547 597
test_Nagakute_00246.jpg,2 255 377 339 600
test_Numazu_00206.jpg,2 0 183 272 517
test_Sumida_00212.jpg,2 0 183 272 517
test_Numazu_00053.jpg,1 355 396 490 580 2 353 375 495 575 8 402 353 595 543
test_Sumida_00156.jpg,2 196 450 270 561
test_Muroran_00142.jpg,2 0 183 272 517
test_Nagakute_00130.jpg,1 177 436 245 599
test_Numazu_00389.jpg,5 1 353 598 597
test_Adachi_00185.jpg,1 239 364 406 599
test_Sumida_00007.jpg,5 154 431 336 527 8 4 414 94 556
test_Muroran_00052.jpg,1 76 392 325 584 1 400 373 596 508 3 68 398 344 579
test_Chiba_00041.jpg,2 0 183 272 517
test_Numazu_00072.jpg,8 324 332 508 467 8 174 268 253 387
test_Sumida_00076.jpg,2 341 425 411 557
test_Sumida_00186.jpg,8 421 456 595 597
test_Sumida_00088.jpg,2 0 183 272 517
test_Sumida_00080.jpg,8 329 395 426 537
test_Sumida_00019.jpg,7 114 463 600 569
test_Sumida_00131.jpg,8 141 430 259 562
test_Muroran_00206.jpg,5 0 359 340 593
test_Adachi_00238.jpg,2 0 183 272 517
test_Muroran_00263.jpg,1 277 393 470 600 5 0 389 69 597 5 293 392 463 591
test_Muroran_00128.jpg,2 433 386 588 523 8 28 414 193 600
test_Numazu_00272.jpg,5 210 320 361 600 8 301 315 395 439
test_Muroran_00300.jpg,3 330 528 523 586
test_Adachi_00220.jpg,3 238 345 507 410
test_Sumida_00137.jpg,2 0 415 196 543 2 328 426 412 540
test_Muroran_00318.jpg,2 302 372 356 599 5 4 435 224 600
test_Numazu_00343.jpg,7 0 399 531 599
test_Adachi_00198.jpg,2 343 298 592 546
test_Muroran_00252.jpg,2 300 309 370 553
test_Sumida_00145.jpg,8 383 430 548 566
test_Muroran_00224.jpg,5 10 363 229 581 8 323 401 410 594
test_Muroran_00334.jpg,2 275 349 506 548
test_Numazu_00360.jpg,1 171 302 246 570 5 0 299 249 587 8 302 297 595 600 8 0 283 165 480
test_Muroran_00401.jpg,3 97 446 510 569 8 315 437 413 595
test_Nagakute_00067.jpg,1 156 393 349 594
test_Nagakute_00019.jpg,2 391 305 591 480
test_Numazu_00197.jpg,2 0 183 272 517
test_Muroran_00113.jpg,5 112 361 324 600 5 404 364 591 554
test_Nagakute_00153.jpg,7 0 428 570 600
test_Sumida_00064.jpg,2 113 402 200 525
test_Muroran_00216.jpg,5 17 360 499 600 5 0 369 230 600
test_Numazu_00208.jpg,1 257 451 331 596 5 181 408 600 600 8 326 424 432 513
test_Sumida_00013.jpg,2 409 444 599 598
test_Nagakute_00183.jpg,1 0 364 119 495 1 159 435 308 600 8 1 357 125 508 8 170 363 292 448
test_Muroran_00379.jpg,5 139 430 314 600
test_Adachi_00223.jpg,5 355 361 506 409
test_Nagakute_00048.jpg,1 58 426 189 597 2 261 381 417 595 8 269 388 413 596
test_Muroran_00241.jpg,2 178 288 249 431 7 0 422 498 598
test_Adachi_00059.jpg,2 122 290 290 585
test_Sumida_00144.jpg,2 0 183 272 517
test_Adachi_00160.jpg,2 315 339 397 570
test_Muroran_00154.jpg,5 115 384 450 594
test_Adachi_00138.jpg,2 433 299 597 550
test_Numazu_00400.jpg,2 111 419 197 600 2 271 388 350 597 2 130 392 340 600
test_Muroran_00067.jpg,5 179 386 600 595 8 109 355 310 600
test_Muroran_00026.jpg,2 324 324 507 600 2 117 348 278 600
test_Adachi_00179.jpg,5 239 347 566 600 5 0 418 516 600 8 297 314 501 584
test_Chiba_00063.jpg,8 461 485 595 575
test_Sumida_00167.jpg,8 412 460 592 600
test_Adachi_00231.jpg,1 161 123 291 510 1 366 165 597 469
test_Adachi_00260.jpg,2 448 351 595 486
test_Sumida_00024.jpg,2 208 394 288 523 8 348 426 445 536
test_Nagakute_00122.jpg,2 235 319 356 524 3 110 377 282 429
test_Adachi_00320.jpg,1 143 262 231 435 2 348 169 469 541 2 310 128 424 430 2 303 121 382 312
test_Numazu_00159.jpg,1 5 407 178 599
test_Adachi_00074.jpg,1 424 414 566 600
test_Muroran_00405.jpg,2 266 324 430 595 2 373 359 600 554
test_Chiba_00039.jpg,5 136 470 528 571
test_Muroran_00066.jpg,5 0 371 458 596 6 238 416 523 579
test_Muroran_00148.jpg,2 312 389 367 531 8 499 471 597 593 8 85 389 274 600
test_Muroran_00144.jpg,5 80 446 474 596
test_Muroran_00013.jpg,2 0 183 272 517
test_Sumida_00036.jpg,2 26 436 206 568
test_Muroran_00228.jpg,5 202 440 481 599
test_Muroran_00349.jpg,2 134 331 210 598 8 313 379 417 482
test_Muroran_00364.jpg,8 128 391 272 597 8 379 339 591 503
test_Sumida_00202.jpg,2 261 422 314 561
test_Adachi_00302.jpg,2 0 183 272 517
test_Nagakute_00182.jpg,8 295 327 528 580
test_Nagakute_00242.jpg,2 0 377 185 600 2 292 356 429 599
test_Chiba_00082.jpg,8 314 470 581 599
test_Ichihara_00019.jpg,8 7 440 231 597
test_Numazu_00237.jpg,5 56 397 417 599
test_Muroran_00353.jpg,2 0 183 272 517
test_Sumida_00021.jpg,2 0 183 272 517
test_Numazu_00325.jpg,1 76 419 171 589 1 328 458 494 539 8 10 401 151 570
test_Numazu_00262.jpg,1 48 357 185 465 8 290 285 541 588 8 198 427 299 595
test_Numazu_00207.jpg,1 360 359 542 546 7 192 267 460 342 8 369 357 562 557
test_Adachi_00215.jpg,2 360 223 531 586
test_Muroran_00412.jpg,5 22 356 488 600
test_Adachi_00324.jpg,2 395 387 589 537 2 174 377 278 597
test_Numazu_00141.jpg,2 245 356 344 599 8 298 334 512 588
test_Sumida_00122.jpg,7 67 434 527 524
test_Sumida_00116.jpg,2 0 183 272 517
test_Nagakute_00258.jpg,5 353 450 489 563 7 106 367 545 455
test_Adachi_00002.jpg,2 76 185 306 600 2 142 190 296 503
test_Sumida_00200.jpg,5 249 442 347 547
test_Numazu_00198.jpg,1 244 307 391 557 5 126 345 600 583 5 242 321 382 581
test_Numazu_00059.jpg,7 0 377 515 585 7 149 384 600 600
test_Muroran_00258.jpg,1 242 359 369 593 1 12 351 171 600 1 215 331 332 540 5 8 340 178 598 8 361 415 534 598
test_Numazu_00016.jpg,2 306 327 445 531
test_Muroran_00044.jpg,5 41 365 600 600
test_Sumida_00104.jpg,2 249 408 382 532 2 364 404 414 501
test_Nagakute_00261.jpg,8 8 334 205 535
test_Sumida_00211.jpg,8 347 407 534 557
test_Adachi_00022.jpg,1 288 484 401 598 1 189 349 273 486
test_Adachi_00095.jpg,2 190 348 288 598
test_Muroran_00272.jpg,8 379 408 530 561
test_Adachi_00294.jpg,2 346 239 514 569 2 396 328 542 594 2 360 250 465 455 7 202 190 525 250
test_Adachi_00084.jpg,1 386 476 488 598
test_Muroran_00127.jpg,5 274 460 372 592 8 406 324 592 452
test_Adachi_00019.jpg,8 356 441 474 600 8 232 374 366 457
test_Adachi_00136.jpg,2 288 77 473 250 7 60 248 600 600
test_Sumida_00154.jpg,1 381 425 442 472 8 246 404 343 454
test_Numazu_00188.jpg,1 391 386 529 492
test_Nagakute_00141.jpg,3 141 369 309 432
test_Adachi_00091.jpg,1 138 381 315 598
test_Chiba_00044.jpg,8 321 451 431 590 8 175 461 271 599
test_Muroran_00082.jpg,5 0 315 536 600
test_Muroran_00050.jpg,5 215 363 600 594
test_Nagakute_00105.jpg,2 338 448 499 599 8 382 524 589 598
test_Muroran_00167.jpg,5 5 329 406 597
test_Sumida_00017.jpg,1 184 427 308 523
test_Adachi_00063.jpg,2 476 285 595 437
test_Numazu_00387.jpg,2 0 183 272 517
test_Numazu_00399.jpg,5 0 298 288 523 5 367 380 570 541 6 0 302 293 500
test_Sumida_00103.jpg,7 140 464 600 569
test_Muroran_00057.jpg,5 250 382 524 585 6 272 379 472 532
test_Muroran_00061.jpg,1 425 338 591 513 2 279 388 342 600 2 243 354 348 600
test_Muroran_00077.jpg,2 191 374 240 600 5 66 377 382 600
test_Nagakute_00028.jpg,2 116 453 191 596 5 295 435 442 533
test_Muroran_00331.jpg,5 0 333 86 542 7 99 357 585 521
test_Numazu_00040.jpg,8 336 297 599 481 8 22 279 210 600
test_Ichihara_00032.jpg,7 65 480 590 599
test_Muroran_00170.jpg,8 0 387 184 568
test_Muroran_00185.jpg,5 53 348 536 598
test_Nagakute_00110.jpg,2 330 228 593 496 8 11 261 239 568
test_Nagakute_00210.jpg,2 349 428 597 499 8 58 398 280 505
test_Muroran_00250.jpg,2 389 371 510 563 5 149 407 288 592 5 92 397 568 596 8 273 472 335 600
test_Chiba_00037.jpg,7 165 494 600 587
test_Sumida_00221.jpg,2 0 183 272 517
test_Numazu_00152.jpg,2 0 183 272 517
test_Muroran_00182.jpg,1 187 417 273 596
test_Sumida_00089.jpg,7 78 444 600 544
test_Muroran_00288.jpg,5 132 341 498 591
test_Muroran_00150.jpg,5 273 296 486 441 5 231 446 564 598
test_Chiba_00031.jpg,2 70 462 193 597
test_Sumida_00075.jpg,2 215 399 288 544
test_Numazu_00075.jpg,5 41 392 269 595
test_Numazu_00234.jpg,1 238 357 302 570
test_Numazu_00091.jpg,1 188 405 263 592 8 22 267 217 600 8 374 320 600 487
test_Chiba_00094.jpg,4 100 439 328 483
test_Adachi_00078.jpg,1 373 311 508 471 8 362 247 600 430
test_Sumida_00012.jpg,2 371 440 499 590
test_Muroran_00306.jpg,2 289 336 338 600
test_Sumida_00073.jpg,2 250 401 347 539 2 248 427 286 544
test_Muroran_00171.jpg,5 94 365 591 596
test_Muroran_00105.jpg,8 364 486 517 600
test_Nagakute_00263.jpg,1 293 347 484 553
test_Adachi_00062.jpg,7 67 360 547 494 8 0 422 210 589
test_Adachi_00122.jpg,1 143 250 377 570
test_Sumida_00121.jpg,8 4 439 224 567
test_Muroran_00380.jpg,1 127 454 245 596 8 395 415 594 600
test_Adachi_00016.jpg,1 365 343 478 520
test_Muroran_00187.jpg,5 47 369 432 595
test_Adachi_00221.jpg,1 388 418 481 539 8 400 380 552 550
test_Adachi_00317.jpg,2 0 340 155 496 8 454 362 593 483
test_Adachi_00207.jpg,1 417 215 593 453
test_Adachi_00218.jpg,1 441 189 560 539 2 448 214 559 532 7 0 220 366 526
test_Adachi_00015.jpg,1 115 107 254 511
test_Adachi_00209.jpg,1 402 279 525 468 1 379 268 571 542 2 3 198 159 515
test_Numazu_00186.jpg,5 245 338 536 516 5 264 337 435 472
test_Numazu_00304.jpg,2 277 260 567 572 8 302 273 600 586
test_Sumida_00222.jpg,2 0 183 272 517
test_Numazu_00153.jpg,6 181 395 398 591 7 143 401 379 580 8 407 401 596 600 8 141 384 381 593 8 111 383 261 598
test_Nagakute_00273.jpg,1 75 464 156 598 2 242 223 326 596 5 298 293 571 560 8 18 240 215 558
test_Muroran_00032.jpg,5 73 344 537 597 5 320 376 600 580 5 28 324 304 591 8 375 369 600 575 8 392 376 538 485
test_Numazu_00377.jpg,2 73 336 259 586
test_Adachi_00234.jpg,2 0 183 272 517
test_Nagakute_00272.jpg,1 456 425 589 532
test_Chiba_00060.jpg,8 216 464 327 591 8 413 458 599 572
test_Numazu_00182.jpg,1 62 508 156 600 1 291 442 422 593 2 291 421 422 600 5 290 446 430 600
test_Adachi_00293.jpg,2 0 183 272 517
test_Ichihara_00005.jpg,2 471 427 600 568
test_Nagakute_00118.jpg,3 408 419 597 466 8 304 335 569 597
test_Sumida_00054.jpg,2 0 183 272 517
test_Numazu_00054.jpg,2 250 377 344 600 8 354 436 566 600
test_Nagakute_00188.jpg,8 290 380 502 597
test_Numazu_00058.jpg,5 95 423 268 597
test_Adachi_00082.jpg,2 92 266 262 447
test_Muroran_00307.jpg,5 99 399 550 600 5 0 470 69 593
test_Adachi_00003.jpg,2 0 320 177 469
test_Muroran_00010.jpg,2 144 378 273 600
test_Numazu_00404.jpg,5 223 351 526 575 6 216 360 500 581
test_Numazu_00227.jpg,5 96 406 594 599 5 322 432 589 589 8 42 361 216 593
test_Nagakute_00011.jpg,5 117 314 534 541 7 68 324 540 567 8 215 318 540 549
test_Muroran_00254.jpg,1 374 379 587 584 1 349 348 536 518 1 102 367 195 470 1 27 381 187 568 8 341 388 436 523
test_Nagakute_00033.jpg,1 73 485 154 599 1 87 425 218 598 2 221 355 494 600
test_Muroran_00175.jpg,5 73 395 555 596
test_Sumida_00057.jpg,7 196 433 586 543
test_Numazu_00122.jpg,1 0 387 134 581
test_Sumida_00127.jpg,7 0 481 577 570
test_Sumida_00149.jpg,2 0 183 272 517
test_Numazu_00024.jpg,2 186 385 247 589 3 233 430 473 482 8 369 340 600 562 8 2 332 161 521
test_Nagakute_00005.jpg,5 47 418 305 600
test_Chiba_00093.jpg,5 300 459 371 592 8 448 470 595 556
test_Muroran_00358.jpg,2 0 183 272 517
test_Sumida_00092.jpg,2 0 183 272 517
test_Adachi_00093.jpg,2 217 302 281 548 8 195 338 600 579 8 155 339 533 468
test_Numazu_00106.jpg,5 80 408 565 581
test_Muroran_00051.jpg,1 8 437 163 596 5 4 371 156 525 5 270 334 536 600
test_Muroran_00209.jpg,5 92 350 600 596
test_Nagakute_00024.jpg,5 0 457 355 598
test_Sumida_00183.jpg,2 0 183 272 517
test_Numazu_00079.jpg,1 216 412 276 579 8 302 413 574 600
test_Adachi_00056.jpg,2 345 238 513 566 2 396 329 539 594 2 360 249 467 465 7 202 192 525 251
test_Numazu_00158.jpg,2 312 287 476 577
test_Nagakute_00269.jpg,5 71 342 349 585
test_Sumida_00177.jpg,8 431 422 593 557
test_Numazu_00050.jpg,7 0 393 523 593
test_Nagakute_00223.jpg,8 76 354 600 589
test_Numazu_00236.jpg,5 0 350 476 600
test_Muroran_00362.jpg,5 188 363 472 600 8 474 464 600 585
test_Muroran_00316.jpg,5 81 348 290 597
test_Numazu_00167.jpg,7 0 378 484 600
test_Nagakute_00207.jpg,2 263 235 492 580 2 312 257 600 512 3 361 410 545 476
test_Numazu_00253.jpg,2 294 303 532 583
test_Chiba_00003.jpg,2 400 448 569 578
test_Muroran_00118.jpg,2 299 375 354 600 5 334 403 600 598
test_Nagakute_00082.jpg,1 399 345 570 508 2 113 333 288 593
test_Adachi_00202.jpg,2 120 382 291 522
test_Muroran_00411.jpg,5 0 363 466 599
test_Adachi_00076.jpg,8 168 281 521 557 8 62 256 341 521
test_Muroran_00369.jpg,7 0 432 540 600
test_Muroran_00400.jpg,2 428 449 575 597 2 348 436 437 600 6 0 431 256 592
test_Adachi_00316.jpg,1 175 401 230 585
test_Ichihara_00016.jpg,2 0 183 272 517
test_Nagakute_00271.jpg,1 411 416 569 598 2 317 459 408 595 8 83 265 224 600
test_Muroran_00166.jpg,1 132 413 280 597 5 74 405 331 591
test_Nagakute_00107.jpg,2 138 383 220 600 8 255 312 592 582
test_Chiba_00032.jpg,1 393 448 577 584
test_Muroran_00191.jpg,1 0 451 407 593 5 79 457 600 598
test_Adachi_00278.jpg,8 366 308 600 534
test_Numazu_00392.jpg,2 273 319 341 535
test_Numazu_00314.jpg,2 265 394 329 600
test_Numazu_00015.jpg,5 40 297 341 591
test_Adachi_00310.jpg,2 308 96 416 535 2 331 183 450 600
test_Nagakute_00018.jpg,1 5 381 122 495
test_Chiba_00009.jpg,2 15 471 82 593
test_Sumida_00178.jpg,2 0 183 272 517
test_Nagakute_00050.jpg,8 258 397 377 599
test_Numazu_00026.jpg,1 256 310 392 506
test_Muroran_00393.jpg,5 26 397 506 600
test_Numazu_00044.jpg,2 126 290 230 583 8 372 304 597 494
test_Muroran_00291.jpg,1 229 349 292 596 8 84 407 214 600
test_Muroran_00363.jpg,1 168 481 262 599 2 407 381 581 557 3 350 530 556 596 8 0 379 229 536 8 395 373 580 560
test_Adachi_00169.jpg,1 196 312 299 570 2 345 292 600 422
test_Adachi_00267.jpg,2 390 288 470 533
test_Chiba_00028.jpg,2 0 183 272 517
test_Sumida_00214.jpg,8 69 466 197 567
test_Adachi_00044.jpg,2 2 153 150 280 2 86 151 226 437 2 49 185 203 545
test_Muroran_00203.jpg,5 124 356 600 572 5 198 349 514 517
test_Numazu_00305.jpg,1 19 462 202 599 1 0 424 299 586 8 0 421 377 532
test_Muroran_00168.jpg,5 235 364 600 595
test_Numazu_00140.jpg,8 149 516 600 597
test_Numazu_00008.jpg,2 0 183 272 517
test_Chiba_00062.jpg,8 287 462 454 600
test_Nagakute_00165.jpg,2 6 371 193 591 4 15 366 579 459 4 167 480 600 582
test_Sumida_00155.jpg,2 139 437 255 553
test_Muroran_00129.jpg,2 111 432 205 600 2 345 347 577 600 2 116 356 250 600
test_Sumida_00129.jpg,2 185 444 305 565 2 429 469 557 579
test_Chiba_00024.jpg,2 0 183 272 517
test_Sumida_00189.jpg,1 293 421 371 535
test_Muroran_00114.jpg,2 377 493 478 597 5 166 391 313 551
test_Sumida_00163.jpg,2 0 183 272 517
test_Numazu_00156.jpg,2 302 314 474 570 3 248 392 425 449 8 363 330 594 544
test_Numazu_00334.jpg,1 221 465 296 583
test_Muroran_00139.jpg,2 0 183 272 517
test_Sumida_00113.jpg,2 0 183 272 517
test_Ichihara_00018.jpg,1 325 439 483 593 8 436 408 600 556
test_Adachi_00011.jpg,2 222 319 479 579 8 2 254 94 426
test_Sumida_00011.jpg,5 250 450 408 561 8 384 425 511 578
test_Nagakute_00129.jpg,2 238 338 458 599 5 276 407 547 596
test_Adachi_00170.jpg,1 417 349 597 530 5 148 391 564 600
test_Adachi_00239.jpg,1 484 381 594 541
test_Numazu_00300.jpg,2 279 409 364 521
test_Sumida_00107.jpg,2 0 183 272 517
test_Numazu_00166.jpg,1 70 407 173 588 8 4 294 183 554 8 0 394 93 550
test_Numazu_00319.jpg,2 0 183 272 517
test_Muroran_00146.jpg,5 269 454 600 600
test_Nagakute_00169.jpg,2 225 310 372 588 2 238 311 328 484 3 38 449 317 505
test_Nagakute_00264.jpg,5 66 316 432 589
test_Sumida_00174.jpg,8 407 385 600 562
test_Numazu_00135.jpg,1 173 351 255 588 1 280 338 433 473 1 42 343 486 597 2 1 331 143 497
test_Numazu_00345.jpg,2 0 183 272 517
test_Muroran_00327.jpg,2 270 329 331 600 8 460 490 578 599
test_Nagakute_00189.jpg,1 277 429 378 542 8 334 393 591 600
test_Chiba_00071.jpg,8 300 430 454 591
test_Muroran_00096.jpg,5 274 457 371 592 8 406 325 592 452
test_Sumida_00153.jpg,8 342 409 424 555
test_Nagakute_00088.jpg,1 10 354 259 571 1 70 323 276 503 8 315 347 534 600
test_Numazu_00002.jpg,6 13 447 215 596
test_Numazu_00124.jpg,1 127 420 225 594 2 284 301 492 588 8 427 361 599 503
test_Muroran_00027.jpg,5 206 488 312 600
test_Nagakute_00205.jpg,2 301 386 433 600
test_Numazu_00341.jpg,2 162 284 428 585 2 244 388 457 591 8 368 380 534 524
test_Adachi_00175.jpg,2 370 308 434 593
test_Muroran_00157.jpg,2 200 311 283 571
test_Adachi_00057.jpg,2 0 183 272 517
test_Adachi_00306.jpg,2 255 275 422 581
test_Muroran_00087.jpg,5 206 395 494 597
test_Adachi_00119.jpg,7 91 324 600 563
test_Muroran_00225.jpg,1 219 391 356 590 6 449 379 597 510 8 17 373 275 577
test_Adachi_00144.jpg,7 0 310 439 397 8 306 375 560 580
test_Muroran_00237.jpg,1 180 369 314 585 1 447 376 598 549 1 390 405 547 587 8 373 416 532 584
test_Adachi_00254.jpg,2 317 144 461 543 8 7 153 180 368
test_Nagakute_00060.jpg,2 0 183 272 517
test_Adachi_00325.jpg,2 9 328 197 474
test_Numazu_00121.jpg,2 0 183 272 517
test_Sumida_00179.jpg,2 356 423 471 536
test_Muroran_00094.jpg,2 311 491 353 600
test_Adachi_00300.jpg,1 255 497 353 598
test_Muroran_00043.jpg,1 34 321 463 589 5 21 318 500 598
test_Adachi_00188.jpg,1 332 331 381 577
test_Nagakute_00131.jpg,1 47 347 211 493 1 286 357 386 520 8 0 346 183 515
test_Chiba_00087.jpg,1 350 502 445 582 2 486 473 597 572 8 192 472 335 559
test_Adachi_00042.jpg,8 389 214 598 552
test_Nagakute_00270.jpg,1 46 344 215 521 1 245 359 327 520 8 0 295 219 470 8 281 313 571 544
test_Muroran_00320.jpg,5 250 369 585 598
test_Adachi_00210.jpg,8 90 365 409 590
test_Muroran_00124.jpg,1 238 393 302 558 3 26 484 314 538 5 324 349 487 592 5 4 365 519 582 8 365 394 456 593
test_Nagakute_00179.jpg,7 319 395 599 600
test_Numazu_00270.jpg,7 312 416 600 544
test_Chiba_00091.jpg,2 0 183 272 517
test_Muroran_00165.jpg,1 113 448 221 576 5 306 312 600 591 8 410 397 567 568
test_Numazu_00074.jpg,2 268 273 471 580 3 306 363 561 423 8 270 287 463 556
test_Ichihara_00039.jpg,7 107 446 600 599
test_Adachi_00229.jpg,1 424 460 573 598 2 433 457 573 597
test_Sumida_00187.jpg,2 336 394 512 550
test_Nagakute_00006.jpg,5 0 401 304 600
test_Adachi_00118.jpg,3 58 436 502 559
test_Sumida_00039.jpg,7 0 434 492 531
test_Adachi_00272.jpg,2 355 209 534 548 8 5 178 263 590 8 265 173 345 212
test_Adachi_00235.jpg,7 81 152 600 278
test_Sumida_00065.jpg,8 360 414 566 562
test_Numazu_00287.jpg,1 4 440 149 590
test_Sumida_00219.jpg,2 233 389 309 529 2 339 391 432 535 2 221 439 292 533 8 365 393 600 570
test_Sumida_00132.jpg,2 391 442 504 559
test_Nagakute_00119.jpg,5 294 387 460 571
test_Adachi_00280.jpg,2 0 183 272 517
test_Nagakute_00231.jpg,1 175 348 273 468 2 300 307 348 473 8 127 311 269 473
test_Muroran_00280.jpg,2 261 363 333 551 5 199 411 600 600 8 422 508 536 600
test_Sumida_00220.jpg,2 208 394 288 542
test_Numazu_00329.jpg,1 269 333 359 446 8 38 257 228 581 8 388 325 600 499
test_Muroran_00215.jpg,5 202 407 600 600
test_Adachi_00186.jpg,2 32 232 196 501 2 159 232 227 518 3 119 232 582 337
test_Numazu_00245.jpg,6 166 287 326 594
test_Chiba_00059.jpg,8 486 496 600 570
test_Nagakute_00069.jpg,8 237 308 552 597
test_Numazu_00362.jpg,2 231 353 312 573 5 446 442 598 591
test_Sumida_00066.jpg,5 155 429 293 560
test_Sumida_00157.jpg,2 227 424 407 548 8 140 414 267 549 8 334 424 452 548
test_Numazu_00162.jpg,1 290 336 424 504 8 0 300 193 593 8 412 338 598 488
test_Muroran_00325.jpg,1 54 368 187 555 1 235 382 289 590
test_Sumida_00218.jpg,2 241 392 300 530
test_Muroran_00274.jpg,2 0 183 272 517
test_Numazu_00085.jpg,5 94 363 523 591
test_Nagakute_00195.jpg,8 109 399 600 591
test_Sumida_00172.jpg,7 118 450 586 550
test_Nagakute_00253.jpg,8 346 480 501 600
test_Numazu_00145.jpg,2 317 341 492 586 8 336 318 516 409 8 517 432 597 591
test_Ichihara_00036.jpg,7 78 430 600 599
test_Ichihara_00015.jpg,1 64 435 367 585
test_Numazu_00367.jpg,5 105 427 222 577 5 282 450 456 577
test_Numazu_00031.jpg,1 321 330 528 561 5 313 330 521 560 8 5 237 225 578
test_Numazu_00402.jpg,2 0 183 272 517
test_Nagakute_00211.jpg,2 383 454 595 600 8 0 404 573 598
test_Adachi_00023.jpg,2 83 293 237 560 8 281 238 483 295
test_Muroran_00081.jpg,2 391 397 555 578
test_Nagakute_00098.jpg,8 289 313 600 569
test_Adachi_00047.jpg,1 135 288 242 509
test_Numazu_00019.jpg,5 273 398 526 596 5 109 463 477 597 8 281 403 507 598 8 1 442 124 567
test_Adachi_00097.jpg,1 7 315 172 543
test_Nagakute_00200.jpg,2 304 393 574 598
test_Numazu_00012.jpg,1 25 286 187 454 5 438 355 594 515 8 8 284 190 471
test_Adachi_00071.jpg,2 329 297 405 427
test_Numazu_00200.jpg,5 211 341 527 600
test_Sumida_00090.jpg,8 257 428 343 577
test_Numazu_00322.jpg,2 361 348 600 600
test_Muroran_00097.jpg,5 138 458 430 540 8 346 359 511 557 8 397 422 557 599
test_Muroran_00372.jpg,1 369 383 590 597
test_Adachi_00037.jpg,2 413 209 567 387
test_Muroran_00301.jpg,2 0 183 272 517
test_Muroran_00355.jpg,2 190 348 316 599 5 248 313 542 595 5 178 342 323 531
test_Sumida_00158.jpg,2 136 395 253 529
test_Numazu_00043.jpg,2 302 460 384 597 8 364 438 588 600
test_Nagakute_00037.jpg,7 9 375 573 568
test_Numazu_00213.jpg,1 121 369 549 573 3 123 398 518 559 8 1 269 277 475 8 470 301 594 545
test_Numazu_00195.jpg,5 0 401 318 596
test_Sumida_00032.jpg,7 142 504 600 593
test_Muroran_00267.jpg,5 77 324 555 579 5 313 311 583 600
test_Numazu_00289.jpg,5 186 418 600 596
test_Numazu_00199.jpg,8 343 313 597 553
test_Nagakute_00051.jpg,1 96 394 228 599 1 33 340 207 577 8 280 328 583 600 8 6 316 182 529
test_Nagakute_00106.jpg,7 116 374 380 425
test_Numazu_00283.jpg,2 116 423 199 579 5 126 419 260 581 5 94 308 600 587
test_Numazu_00109.jpg,1 119 298 382 589 1 148 331 330 516 1 223 399 360 576
test_Muroran_00064.jpg,5 109 371 600 593 5 0 443 381 593 5 0 418 549 542
test_Muroran_00330.jpg,5 179 328 352 415
test_Nagakute_00063.jpg,2 0 318 186 502 2 227 300 302 600 5 173 417 269 597
test_Adachi_00304.jpg,2 0 183 272 517
test_Muroran_00049.jpg,5 21 347 291 596
test_Numazu_00150.jpg,5 111 360 600 543 5 362 363 600 522
test_Nagakute_00251.jpg,8 346 310 595 556
test_Adachi_00156.jpg,7 1 232 519 441
test_Ichihara_00010.jpg,8 284 415 335 597
test_Numazu_00242.jpg,5 288 375 594 585 8 96 270 259 600
test_Adachi_00038.jpg,2 380 389 593 557
test_Muroran_00259.jpg,2 0 183 272 517
test_Numazu_00068.jpg,1 403 438 572 596 5 143 399 406 596
test_Muroran_00266.jpg,5 72 362 576 600
test_Adachi_00171.jpg,2 332 306 592 548 8 438 395 599 560 8 355 327 590 551
test_Chiba_00077.jpg,2 388 471 561 598 3 74 481 478 577
test_Muroran_00220.jpg,5 197 386 600 598 6 370 444 535 588
test_Numazu_00264.jpg,1 59 378 212 568 2 330 372 464 572 5 53 376 211 577 8 201 326 354 482
test_Sumida_00139.jpg,2 181 436 257 533
test_Sumida_00083.jpg,2 390 417 577 533 2 61 440 215 559 8 58 434 219 554
test_Adachi_00184.jpg,1 189 192 267 441 8 19 189 162 385
test_Nagakute_00237.jpg,1 71 387 188 582 1 205 404 284 532
test_Adachi_00028.jpg,2 320 178 543 600 2 296 143 460 481
test_Numazu_00005.jpg,1 394 482 594 596 5 143 481 354 594 5 120 478 576 595
test_Adachi_00212.jpg,1 81 374 243 533
test_Ichihara_00040.jpg,1 191 441 304 596 8 484 447 599 544
test_Sumida_00112.jpg,7 108 452 600 560
test_Nagakute_00056.jpg,2 13 244 254 539
test_Numazu_00142.jpg,3 170 448 600 567 5 423 369 591 545 8 5 277 203 520
test_Nagakute_00143.jpg,5 242 297 564 596 8 260 255 598 579 8 6 291 164 499
test_Ichihara_00008.jpg,1 183 440 308 599 8 468 449 597 560
test_Numazu_00351.jpg,2 287 498 407 593 3 217 389 600 497
test_Adachi_00108.jpg,2 14 76 183 346
test_Numazu_00111.jpg,8 8 414 182 579 8 287 322 372 600
test_Chiba_00042.jpg,1 313 441 401 540 2 83 443 192 529
test_Nagakute_00148.jpg,1 406 413 576 587
test_Numazu_00382.jpg,7 139 326 562 450
test_Muroran_00072.jpg,1 0 372 182 574 5 175 324 491 561 5 0 375 177 569 5 0 350 569 595
test_Numazu_00179.jpg,2 316 293 600 578 2 224 283 364 577 2 408 389 599 584 6 204 488 355 591
test_Muroran_00428.jpg,5 93 326 569 595
test_Numazu_00037.jpg,2 35 408 115 600 5 5 435 145 600
test_Muroran_00230.jpg,2 0 183 272 517
test_Chiba_00005.jpg,8 432 461 597 568
test_Muroran_00177.jpg,5 121 347 564 599 5 282 364 557 542 6 340 392 518 488 8 354 386 502 538
test_Sumida_00130.jpg,2 351 407 425 547
test_Nagakute_00222.jpg,2 0 183 272 517
test_Chiba_00047.jpg,2 473 470 589 553
test_Adachi_00101.jpg,7 0 395 513 591
test_Muroran_00173.jpg,2 0 183 272 517
test_Muroran_00042.jpg,2 405 371 592 599
test_Numazu_00276.jpg,7 116 383 600 566
test_Sumida_00097.jpg,7 3 419 462 549
test_Ichihara_00007.jpg,1 115 417 291 595 8 410 400 596 578 8 32 403 279 595
test_Numazu_00295.jpg,2 318 395 407 581 8 338 357 532 559 8 290 298 472 551 8 2 301 160 443
test_Numazu_00209.jpg,2 327 421 435 599 3 40 404 345 463 3 0 408 435 484
test_Nagakute_00145.jpg,8 48 402 178 598
test_Adachi_00125.jpg,7 129 336 556 428 8 412 432 581 599 8 0 380 160 578
test_Numazu_00252.jpg,1 9 470 170 584 1 245 465 396 557 5 5 472 165 587
test_Muroran_00065.jpg,5 189 361 593 600
test_Adachi_00100.jpg,7 0 414 441 600 7 68 453 560 600
test_Sumida_00148.jpg,2 0 183 272 517
test_Muroran_00218.jpg,2 38 357 164 529 2 202 314 256 568 8 389 344 593 523 8 1 325 129 453
test_Nagakute_00249.jpg,2 177 333 249 581
test_Chiba_00072.jpg,2 181 505 316 592
test_Numazu_00104.jpg,5 5 330 476 591 5 270 387 544 579 5 41 301 277 566 8 410 279 600 393
test_Numazu_00298.jpg,1 68 438 288 595 8 2 297 219 488 8 355 356 549 600
test_Sumida_00207.jpg,2 0 183 272 517
test_Sumida_00191.jpg,2 346 440 383 551
test_Adachi_00281.jpg,2 0 314 189 596 8 441 308 599 450
test_Ichihara_00027.jpg,1 145 383 286 585 8 0 398 247 593 8 393 377 600 529
test_Numazu_00066.jpg,2 285 292 467 540 5 300 321 513 573
test_Sumida_00215.jpg,8 403 451 597 594
test_Sumida_00114.jpg,8 428 469 594 599
test_Numazu_00073.jpg,7 0 428 447 600
test_Nagakute_00151.jpg,5 1 344 126 590 8 283 348 593 595
test_Numazu_00129.jpg,5 330 423 525 576 6 244 282 420 382
test_Numazu_00102.jpg,5 190 347 565 600 5 157 353 372 598 6 182 343 483 592
test_Muroran_00169.jpg,1 443 491 535 599 5 0 378 302 532
test_Numazu_00035.jpg,2 250 327 326 590 8 54 324 198 600
test_Chiba_00040.jpg,2 304 469 379 596 8 303 468 379 596
test_Adachi_00147.jpg,2 314 322 390 600
test_Muroran_00395.jpg,8 385 370 498 455 8 122 337 225 463
test_Nagakute_00215.jpg,1 50 379 150 572 1 306 377 516 571 8 0 327 113 507
test_Chiba_00012.jpg,2 0 183 272 517
test_Muroran_00192.jpg,1 268 358 338 576 8 359 364 589 591 8 3 367 174 574
test_Numazu_00279.jpg,2 292 417 367 599 2 69 426 192 595 8 339 423 487 597 8 4 442 168 590
test_Numazu_00018.jpg,7 0 378 534 600
test_Muroran_00019.jpg,5 59 368 574 597 5 214 383 445 600 5 456 372 596 546
test_Muroran_00317.jpg,1 123 377 300 600
test_Adachi_00148.jpg,1 441 449 596 594
test_Muroran_00396.jpg,5 88 345 559 599
test_Ichihara_00006.jpg,5 0 389 433 598
test_Adachi_00232.jpg,8 392 443 527 600
test_Muroran_00403.jpg,5 168 363 495 600
test_Sumida_00049.jpg,2 333 422 400 543 8 377 424 534 555
test_Muroran_00123.jpg,2 102 378 232 470
test_Adachi_00279.jpg,1 336 302 543 595 1 314 306 426 438 2 5 303 202 487
test_Nagakute_00232.jpg,5 82 404 547 600
test_Adachi_00189.jpg,2 0 233 130 368 2 484 367 597 528 2 121 183 274 548
test_Chiba_00083.jpg,8 476 494 594 583 8 211 471 325 588
test_Muroran_00202.jpg,5 233 362 504 491
test_Numazu_00098.jpg,6 151 413 369 600
test_Adachi_00055.jpg,2 0 235 299 542 7 6 206 337 502 8 0 202 320 533
test_Muroran_00264.jpg,2 105 351 227 599
test_Numazu_00371.jpg,5 56 345 512 586 5 0 385 280 596
test_Chiba_00066.jpg,2 0 183 272 517
test_Numazu_00320.jpg,2 363 373 586 585 2 70 350 190 598 8 0 315 149 469
test_Muroran_00145.jpg,2 0 183 272 517
test_Muroran_00152.jpg,5 60 403 497 600
test_Chiba_00014.jpg,8 8 522 186 596
test_Sumida_00223.jpg,2 316 394 382 538 8 342 396 517 551
test_Numazu_00001.jpg,5 46 452 215 592
test_Numazu_00022.jpg,5 436 332 600 588
test_Muroran_00265.jpg,5 202 349 433 586 8 443 358 553 454
test_Numazu_00358.jpg,1 219 425 286 590 8 273 391 509 594 8 162 383 272 454
test_Numazu_00025.jpg,2 313 291 468 534 5 243 322 533 573
test_Muroran_00308.jpg,2 0 183 272 517
test_Ichihara_00011.jpg,3 253 535 421 597
test_Numazu_00247.jpg,5 22 484 474 600
test_Adachi_00048.jpg,7 129 155 529 263 8 484 249 600 379
test_Adachi_00233.jpg,1 312 167 417 349 8 1 180 154 441
test_Nagakute_00193.jpg,1 84 365 278 598 2 318 313 547 590 5 154 373 273 528 8 10 330 257 600
test_Sumida_00099.jpg,2 145 427 271 544
test_Adachi_00194.jpg,2 410 364 590 567
test_Chiba_00043.jpg,8 420 462 600 565 8 234 476 329 591
test_Muroran_00392.jpg,5 77 376 588 600
test_Nagakute_00166.jpg,2 203 362 261 600
test_Nagakute_00101.jpg,3 129 456 546 575 5 228 300 600 580 8 209 234 261 553
test_Nagakute_00077.jpg,2 330 317 455 597 2 332 320 413 511 8 47 354 264 600
test_Sumida_00119.jpg,7 4 441 570 559
test_Numazu_00089.jpg,5 237 378 495 585
test_Nagakute_00177.jpg,5 65 341 498 598
test_Muroran_00188.jpg,2 0 183 272 517
test_Numazu_00130.jpg,5 0 406 253 574 5 87 400 420 600
test_Muroran_00034.jpg,2 389 348 596 591 5 47 354 584 600 5 340 333 599 590
test_Chiba_00054.jpg,8 72 439 201 598 8 284 445 512 596
test_Adachi_00193.jpg,2 392 369 541 591
test_Ichihara_00012.jpg,5 306 442 595 594
test_Muroran_00161.jpg,5 330 381 600 595
test_Muroran_00281.jpg,5 250 325 594 592 8 425 360 545 436 8 222 304 276 578
test_Muroran_00106.jpg,2 0 397 134 570 5 253 372 505 505
test_Numazu_00194.jpg,1 108 387 245 588 8 333 342 475 496 8 1 319 148 488
test_Muroran_00337.jpg,2 0 183 272 517
test_Muroran_00196.jpg,5 26 356 551 600
test_Sumida_00162.jpg,2 132 409 269 552
test_Numazu_00330.jpg,5 19 354 199 594 5 209 342 449 585 5 0 329 417 594
test_Nagakute_00002.jpg,2 267 376 402 594
test_Muroran_00285.jpg,2 323 339 521 600 5 90 357 530 595
test_Sumida_00084.jpg,8 424 445 572 525
test_Nagakute_00094.jpg,7 0 468 474 596 7 141 473 600 594
test_Numazu_00318.jpg,2 307 388 523 599 2 215 368 264 600 8 83 367 232 596
test_Chiba_00085.jpg,2 0 183 272 517
test_Sumida_00133.jpg,2 190 378 290 501
test_Adachi_00146.jpg,2 352 367 448 549 8 394 420 526 596
test_Numazu_00291.jpg,5 69 427 300 595 6 127 432 299 589
test_Muroran_00208.jpg,3 122 390 291 454 8 273 325 591 576
test_Nagakute_00042.jpg,1 269 413 406 600 8 355 373 593 531
test_Nagakute_00045.jpg,5 189 327 600 598
test_Nagakute_00103.jpg,5 145 466 340 600 8 249 374 382 600
test_Muroran_00121.jpg,5 9 401 496 600 5 154 464 587 597
test_Adachi_00043.jpg,2 391 204 594 489 2 230 178 311 443 8 425 254 597 533
test_Numazu_00205.jpg,2 0 183 272 517
test_Sumida_00146.jpg,2 212 414 277 543 8 100 428 235 553 8 404 440 592 565
test_Muroran_00017.jpg,5 129 356 600 577 5 378 371 597 594
test_Muroran_00231.jpg,1 12 410 185 597 5 191 290 560 572 5 229 506 425 597
test_Muroran_00427.jpg,2 0 183 272 517
test_Muroran_00324.jpg,5 328 500 497 595
test_Sumida_00109.jpg,7 459 465 581 561
test_Numazu_00266.jpg,1 226 465 287 598
test_Muroran_00048.jpg,5 0 422 568 599 5 11 427 143 590 5 291 444 575 600
test_Muroran_00134.jpg,1 182 419 267 600 2 184 416 270 598 8 0 379 177 580 8 360 359 533 596
test_Adachi_00116.jpg,2 207 239 283 511
test_Sumida_00069.jpg,8 440 461 600 598
test_Muroran_00076.jpg,1 246 428 370 600
test_Adachi_00230.jpg,7 0 269 504 582 7 0 210 538 450
test_Adachi_00205.jpg,2 235 238 299 568
test_Nagakute_00230.jpg,2 282 316 410 600 5 105 416 259 576
test_Numazu_00112.jpg,5 316 457 490 599
test_Nagakute_00053.jpg,2 0 183 272 517
test_Numazu_00100.jpg,2 330 483 456 598 5 277 450 439 595
test_Adachi_00041.jpg,2 372 260 541 553 2 77 407 169 577 2 141 242 242 433 2 117 187 263 514
test_Adachi_00143.jpg,1 348 322 497 536
test_Numazu_00084.jpg,5 24 441 408 596
test_Muroran_00314.jpg,5 24 385 563 600 5 300 390 600 600 8 348 399 435 510
test_Muroran_00302.jpg,1 227 497 325 599 8 80 517 232 598
test_Chiba_00073.jpg,1 306 475 389 583
test_Muroran_00002.jpg,5 0 421 445 600
test_Muroran_00311.jpg,2 0 183 272 517
test_Muroran_00004.jpg,2 280 388 337 596 5 30 395 228 593
test_Muroran_00276.jpg,5 101 398 484 598 5 230 421 600 590
test_Nagakute_00137.jpg,1 182 428 268 590
test_Muroran_00054.jpg,5 266 279 440 413
test_Sumida_00185.jpg,8 219 392 296 530
test_Muroran_00181.jpg,2 361 404 473 536
test_Adachi_00007.jpg,5 0 229 388 548
test_Nagakute_00219.jpg,1 94 491 172 600 8 231 327 590 581
test_Adachi_00027.jpg,2 0 183 272 517
test_Sumida_00126.jpg,2 0 183 272 517
test_Chiba_00067.jpg,2 2 451 102 549 2 374 421 455 557
test_Nagakute_00035.jpg,1 86 347 206 568 1 335 438 433 558 2 334 352 600 585
test_Nagakute_00079.jpg,1 32 381 175 595
test_Adachi_00214.jpg,1 29 410 144 553 2 379 351 597 599 8 357 333 585 588
test_Muroran_00360.jpg,5 123 376 584 600
test_Adachi_00065.jpg,2 385 331 466 428 8 461 417 600 595
test_Sumida_00010.jpg,2 0 183 272 517
test_Muroran_00390.jpg,2 367 371 494 598
test_Adachi_00126.jpg,2 437 255 597 482
test_Adachi_00050.jpg,2 386 373 591 599
test_Adachi_00152.jpg,2 207 355 265 546
test_Nagakute_00234.jpg,2 0 183 272 517
test_Numazu_00219.jpg,5 36 367 600 588
test_Muroran_00368.jpg,5 46 397 550 600 8 515 440 599 545
test_Nagakute_00156.jpg,5 64 407 257 585 8 9 386 213 582
test_Sumida_00014.jpg,7 52 449 588 555
test_Adachi_00009.jpg,2 363 337 563 600 8 373 347 558 600
test_Muroran_00233.jpg,2 163 345 223 599
test_Nagakute_00245.jpg,2 165 325 236 593 8 219 316 567 591 8 2 295 136 469
test_Adachi_00133.jpg,2 417 270 593 518
test_Muroran_00239.jpg,5 24 414 539 600 5 312 426 572 599
test_Adachi_00192.jpg,2 233 116 339 506 8 468 350 600 531
test_Numazu_00038.jpg,5 254 438 574 595
test_Adachi_00297.jpg,2 0 115 171 456
test_Muroran_00253.jpg,5 103 380 580 598
test_Sumida_00175.jpg,4 330 435 573 486
test_Numazu_00257.jpg,5 74 296 424 409
test_Muroran_00140.jpg,5 128 327 557 598
test_Numazu_00004.jpg,1 186 439 259 565 3 165 509 600 596 3 386 543 600 596
test_Muroran_00001.jpg,8 56 403 224 600
test_Numazu_00307.jpg,1 212 382 386 591 8 0 267 198 556
test_Numazu_00327.jpg,2 102 425 183 556 7 268 429 600 563
test_Adachi_00012.jpg,2 397 391 577 595
test_Numazu_00127.jpg,2 119 408 187 599 5 148 462 443 600
test_Numazu_00394.jpg,5 93 379 543 591 6 143 330 229 521
test_Adachi_00301.jpg,2 398 306 547 587 2 335 172 424 346
test_Chiba_00017.jpg,8 94 500 273 595
test_Sumida_00160.jpg,2 395 430 547 582
test_Sumida_00008.jpg,2 0 183 272 517
test_Muroran_00236.jpg,5 82 367 409 593
test_Muroran_00329.jpg,2 0 183 272 517
test_Muroran_00200.jpg,2 54 371 225 599 5 166 363 570 596 8 226 398 274 598
test_Muroran_00242.jpg,5 163 428 600 598 5 394 435 600 599
test_Ichihara_00033.jpg,1 190 470 304 595 8 443 417 599 581 8 6 483 173 597
test_Sumida_00025.jpg,2 329 397 418 520
test_Muroran_00184.jpg,2 0 183 272 517
test_Sumida_00026.jpg,2 0 183 272 517
test_Adachi_00159.jpg,8 224 312 277 578
test_Muroran_00102.jpg,1 462 414 592 580 8 0 368 249 591 8 65 337 266 524 8 438 452 581 592
test_Muroran_00268.jpg,1 384 362 502 488
test_Nagakute_00138.jpg,8 349 310 580 594
test_Numazu_00316.jpg,1 5 291 205 518 3 340 418 577 479 3 149 390 548 480 5 5 294 215 511
test_Nagakute_00064.jpg,1 303 500 404 598 8 289 389 542 600
test_Ichihara_00044.jpg,2 0 183 272 517
test_Muroran_00347.jpg,5 324 388 599 596
test_Muroran_00338.jpg,5 97 342 374 594
test_Sumida_00204.jpg,8 449 434 600 558
test_Numazu_00269.jpg,5 11 305 533 577
test_Numazu_00143.jpg,1 307 362 481 583 8 2 321 172 507
test_Muroran_00339.jpg,1 138 462 310 600 5 128 370 593 598
test_Adachi_00006.jpg,2 36 358 128 525
test_Muroran_00377.jpg,5 151 373 596 598
test_Nagakute_00095.jpg,5 24 409 247 598 8 459 425 598 574
test_Sumida_00171.jpg,2 0 183 272 517
test_Chiba_00056.jpg,2 0 183 272 517
test_Muroran_00210.jpg,5 103 375 499 600
test_Muroran_00046.jpg,5 79 397 503 599
test_Sumida_00188.jpg,2 105 407 221 540
test_Muroran_00040.jpg,5 3 391 145 594 5 160 376 311 592 5 0 375 270 600
test_Numazu_00191.jpg,5 287 378 441 586
test_Chiba_00030.jpg,2 453 478 595 578 8 226 483 334 590
test_Nagakute_00136.jpg,5 132 341 295 598
test_Nagakute_00046.jpg,2 234 316 315 594 8 292 329 600 553
test_Sumida_00050.jpg,2 338 405 402 543
test_Nagakute_00268.jpg,3 353 401 600 465 5 83 281 353 600 8 86 244 236 588
test_Chiba_00022.jpg,1 477 488 589 573
test_Muroran_00394.jpg,5 105 369 600 600 5 46 422 439 600
test_Numazu_00331.jpg,2 0 183 272 517
test_Adachi_00049.jpg,3 150 276 374 401 5 171 279 370 397
test_Ichihara_00050.jpg,7 103 421 600 555 7 0 418 471 524
test_Numazu_00046.jpg,2 255 295 375 591
test_Muroran_00164.jpg,5 21 349 253 563
test_Chiba_00081.jpg,2 303 492 422 596 7 0 495 514 598
test_Ichihara_00009.jpg,1 249 424 349 600 1 22 435 247 590 2 22 433 260 584 5 215 423 600 592 8 400 382 597 526
test_Chiba_00013.jpg,2 0 183 272 517
test_Numazu_00369.jpg,2 243 314 320 572 5 7 336 529 585 5 270 330 476 554 8 381 366 557 554
test_Numazu_00014.jpg,6 49 395 471 590
test_Adachi_00137.jpg,1 421 290 600 449
test_Muroran_00018.jpg,5 244 419 366 589
test_Nagakute_00203.jpg,5 3 417 176 599 8 282 325 568 583
test_Numazu_00363.jpg,1 122 311 182 452 2 193 277 261 529 3 232 436 442 504
test_Adachi_00222.jpg,1 459 283 596 474 5 180 438 469 585
test_Muroran_00359.jpg,5 234 349 579 558 5 169 335 416 511 5 396 376 593 587 8 484 401 600 529
test_Sumida_00077.jpg,2 0 183 272 517
test_Adachi_00311.jpg,2 389 347 463 537
test_Adachi_00255.jpg,2 352 379 421 600 8 138 370 292 516
test_Numazu_00041.jpg,2 0 283 200 532 2 305 359 393 583
test_Muroran_00249.jpg,5 4 336 282 505
test_Sumida_00070.jpg,7 84 435 561 522
test_Numazu_00133.jpg,2 353 468 432 591
test_Adachi_00158.jpg,5 149 368 577 600 5 351 375 600 579 5 142 426 413 598
test_Adachi_00114.jpg,3 264 442 437 526
test_Adachi_00284.jpg,2 253 385 358 600
test_Muroran_00361.jpg,5 33 374 338 600
test_Muroran_00199.jpg,8 399 381 574 597
test_Adachi_00174.jpg,2 0 183 272 517
test_Adachi_00173.jpg,2 349 352 556 599
test_Numazu_00139.jpg,1 30 399 218 571 2 42 410 210 575
test_Adachi_00187.jpg,1 112 346 241 512 2 426 272 580 534
test_Sumida_00003.jpg,1 176 408 311 525
test_Muroran_00101.jpg,5 18 326 456 593
test_Muroran_00323.jpg,5 35 364 552 600
test_Chiba_00015.jpg,7 2 509 487 598
test_Muroran_00367.jpg,5 344 301 597 600
test_Nagakute_00052.jpg,2 29 351 185 598
test_Muroran_00351.jpg,2 0 183 272 517
test_Adachi_00282.jpg,1 352 217 502 468 1 72 213 282 461 1 153 207 277 354 1 33 263 224 501
test_Adachi_00045.jpg,2 347 204 516 563 8 182 280 393 542
test_Ichihara_00020.jpg,7 67 429 600 591
test_Muroran_00038.jpg,5 10 385 518 600 8 402 481 500 594
test_Numazu_00177.jpg,1 124 408 217 580 6 165 460 541 597
test_Nagakute_00218.jpg,1 182 297 319 594 2 169 283 308 591
test_Adachi_00111.jpg,1 303 233 494 493 2 297 236 487 501 7 89 147 410 290
test_Sumida_00199.jpg,2 175 409 287 557 8 377 432 586 580
test_Numazu_00196.jpg,1 303 311 536 577 1 8 331 155 502 5 13 324 168 500 8 275 266 579 594
test_Adachi_00034.jpg,7 0 399 466 594 8 1 299 123 442
test_Numazu_00057.jpg,5 38 402 538 598 8 15 381 190 598 8 432 471 600 598
test_Numazu_00123.jpg,5 232 394 438 598 8 14 326 190 599
test_Adachi_00182.jpg,2 352 177 560 600
test_Nagakute_00115.jpg,7 0 396 408 492
test_Muroran_00039.jpg,5 502 444 600 599
test_Sumida_00210.jpg,2 0 183 272 517
test_Adachi_00010.jpg,2 424 214 585 402 2 242 261 331 599
test_Muroran_00099.jpg,5 0 362 432 596 5 0 372 201 594
test_Muroran_00056.jpg,5 62 357 325 600
test_Muroran_00350.jpg,5 12 328 325 591 5 448 431 600 595
test_Ichihara_00004.jpg,2 0 183 272 517
test_Adachi_00181.jpg,2 355 198 446 334
test_Adachi_00323.jpg,2 0 183 272 517
test_Numazu_00032.jpg,1 132 383 209 497 8 315 296 590 558 8 3 283 173 441
test_Nagakute_00075.jpg,2 368 315 600 567 5 112 355 284 597 8 267 325 321 590
test_Sumida_00071.jpg,2 353 432 388 538 8 109 414 286 555
test_Numazu_00007.jpg,2 338 374 586 570
test_Numazu_00172.jpg,1 176 317 250 447 8 334 283 594 524
test_Muroran_00235.jpg,2 327 394 480 575 2 310 399 385 593
test_Adachi_00112.jpg,2 0 183 272 517
test_Nagakute_00212.jpg,1 299 368 420 474
test_Muroran_00095.jpg,5 137 390 600 599
test_Muroran_00062.jpg,5 373 345 600 594
test_Numazu_00238.jpg,2 308 326 482 575 8 449 407 595 566
test_Adachi_00026.jpg,1 197 440 418 599
test_Numazu_00151.jpg,2 271 296 398 580 8 374 389 600 599
test_Chiba_00080.jpg,1 423 481 503 584
test_Numazu_00116.jpg,1 190 363 281 560
test_Numazu_00398.jpg,5 120 351 311 452 5 84 339 472 462 8 11 268 201 465 8 341 339 487 523
test_Sumida_00120.jpg,2 0 183 272 517
test_Adachi_00177.jpg,8 425 296 564 590
test_Sumida_00136.jpg,7 57 456 573 563
test_Adachi_00298.jpg,2 0 183 272 517
test_Nagakute_00255.jpg,5 26 372 294 598 5 0 368 565 589 5 265 346 577 553 5 300 396 462 505
test_Chiba_00023.jpg,2 0 183 272 517
test_Numazu_00224.jpg,5 111 428 475 597 5 46 432 262 599
test_Sumida_00093.jpg,8 140 441 270 552
test_Muroran_00147.jpg,5 294 373 509 598
test_Numazu_00278.jpg,2 0 183 272 517
test_Nagakute_00065.jpg,2 172 346 242 567 2 160 420 231 600
test_Numazu_00027.jpg,2 0 183 272 517
test_Muroran_00382.jpg,2 2 321 196 518 2 281 279 345 428 5 273 414 444 496
test_Sumida_00184.jpg,2 322 417 383 546
test_Numazu_00335.jpg,2 0 299 208 531 2 212 411 265 593 5 331 312 596 590 6 320 324 600 600
test_Sumida_00085.jpg,8 448 447 600 542
test_Numazu_00299.jpg,1 306 317 553 563 2 9 343 188 559 5 299 313 475 485 8 326 330 570 564
test_Muroran_00303.jpg,2 0 183 272 517
test_Numazu_00265.jpg,2 265 381 484 600 8 6 387 188 600
test_Nagakute_00164.jpg,2 233 242 338 600 5 342 324 581 587
test_Numazu_00214.jpg,5 0 356 467 600 5 169 464 561 599 5 0 332 233 586
test_Adachi_00211.jpg,1 87 214 262 495 1 353 204 518 454
test_Muroran_00197.jpg,2 423 344 594 515 8 52 398 227 591
test_Muroran_00159.jpg,2 109 378 222 592 8 371 393 475 491
test_Sumida_00159.jpg,2 187 433 314 560
test_Numazu_00217.jpg,5 280 400 590 597
test_Ichihara_00041.jpg,1 164 423 294 598 8 373 368 600 591 8 9 417 262 600
test_Ichihara_00031.jpg,2 464 427 600 555
test_Nagakute_00071.jpg,1 407 409 588 594 5 137 397 600 588
test_Muroran_00189.jpg,5 1 358 256 600
test_Adachi_00066.jpg,7 0 401 576 600
test_Muroran_00178.jpg,1 92 435 272 597 8 0 361 198 525
test_Numazu_00042.jpg,2 0 183 272 517
test_Nagakute_00020.jpg,5 0 321 504 592 8 0 248 202 440
test_Adachi_00244.jpg,8 380 491 467 600
test_Numazu_00061.jpg,1 476 467 589 589 1 300 444 425 572
test_Adachi_00274.jpg,1 214 306 476 600 2 166 277 419 548
test_Numazu_00337.jpg,2 248 412 376 600 8 25 378 199 597 8 366 473 598 600
test_Chiba_00053.jpg,2 266 485 418 575
test_Sumida_00062.jpg,8 400 423 597 561
test_Numazu_00271.jpg,2 299 322 538 560 8 298 303 596 556 8 64 300 549 514 8 92 289 481 421
test_Nagakute_00160.jpg,8 57 324 233 596
test_Adachi_00053.jpg,2 85 347 295 586 8 394 298 533 533
test_Nagakute_00247.jpg,2 267 339 334 577 8 349 313 594 595 8 3 312 269 560
test_Muroran_00021.jpg,5 326 508 470 599
test_Muroran_00374.jpg,2 365 396 482 553 2 324 431 405 595
test_Nagakute_00068.jpg,7 20 355 572 547
test_Sumida_00101.jpg,2 0 183 272 517
test_Adachi_00295.jpg,2 351 307 579 591
test_Numazu_00181.jpg,2 253 283 407 593 2 368 344 594 540
test_Numazu_00406.jpg,5 304 349 558 586 8 24 303 227 593
test_Numazu_00203.jpg,5 128 300 495 575 5 322 392 563 557
test_Sumida_00142.jpg,8 314 385 419 540
test_Numazu_00346.jpg,5 210 437 344 507
test_Muroran_00229.jpg,1 247 407 385 592 5 332 347 542 594
test_Numazu_00332.jpg,2 313 325 385 452
test_Muroran_00414.jpg,5 43 356 523 598
test_Numazu_00047.jpg,2 310 307 532 571
test_Nagakute_00172.jpg,2 257 332 311 593
test_Muroran_00073.jpg,1 426 493 548 599
test_Muroran_00287.jpg,1 202 437 353 600
test_Adachi_00162.jpg,2 409 244 597 533
test_Chiba_00057.jpg,2 198 495 292 589 8 430 458 599 568
test_Numazu_00146.jpg,1 305 339 499 584 2 310 328 497 575
test_Nagakute_00238.jpg,1 400 355 568 504 5 116 371 600 581
test_Numazu_00376.jpg,5 71 398 477 600 5 39 397 240 600 8 149 425 441 599
test_Numazu_00216.jpg,5 73 335 233 593
test_Adachi_00140.jpg,2 420 381 592 600 8 430 389 592 600
test_Adachi_00058.jpg,1 308 123 543 401 1 373 147 600 486
test_Numazu_00297.jpg,5 287 449 481 598
test_Muroran_00084.jpg,2 231 363 333 596
test_Sumida_00147.jpg,2 0 183 272 517
test_Muroran_00217.jpg,5 117 414 278 599
test_Nagakute_00158.jpg,2 282 325 558 586 8 316 308 588 537
test_Adachi_00080.jpg,1 86 318 231 533 1 307 314 510 582 2 329 341 537 598 2 82 317 232 534 8 333 322 564 585
test_Adachi_00256.jpg,1 174 446 316 596 8 488 349 600 487
test_Numazu_00011.jpg,5 0 331 491 600 5 208 328 586 588 5 5 315 262 571
test_Sumida_00182.jpg,1 362 462 451 573
test_Muroran_00119.jpg,1 173 376 445 598 5 2 368 259 600 5 56 372 478 596
test_Nagakute_00206.jpg,1 289 420 381 525 8 0 308 201 517
test_Adachi_00252.jpg,1 323 408 566 591 1 290 328 391 439 8 317 303 600 459
test_Nagakute_00184.jpg,1 148 464 206 598 2 346 435 535 600 8 47 329 180 600
test_Numazu_00365.jpg,8 110 409 529 564
test_Nagakute_00142.jpg,1 334 332 513 515 5 337 317 515 510 8 332 301 595 521 8 36 300 558 568
test_Muroran_00075.jpg,8 80 376 246 600
test_Adachi_00305.jpg,8 34 244 123 600 8 71 163 142 442
test_Nagakute_00257.jpg,5 321 328 504 590 8 142 278 279 598
test_Muroran_00093.jpg,2 187 370 258 595 5 133 393 547 598 5 183 373 374 600
test_Numazu_00048.jpg,7 0 336 467 526
test_Adachi_00145.jpg,3 15 465 521 574 5 100 393 600 588
test_Sumida_00048.jpg,2 265 435 307 541
test_Nagakute_00133.jpg,5 5 469 541 600
test_Muroran_00356.jpg,1 492 341 598 492 1 160 374 353 577 8 357 355 435 600
test_Muroran_00289.jpg,5 208 356 600 600 8 429 444 525 596
test_Muroran_00336.jpg,1 372 401 441 561 8 490 435 600 600
test_Numazu_00056.jpg,7 38 420 600 599
test_Muroran_00009.jpg,5 53 401 523 600 5 339 431 596 579
test_Numazu_00137.jpg,1 176 374 273 573 1 367 352 592 585
test_Muroran_00089.jpg,1 0 406 96 529 5 255 465 425 595 5 1 406 102 527
test_Numazu_00301.jpg,2 291 274 499 551 5 0 331 398 575
test_Muroran_00271.jpg,2 300 356 446 599 5 355 358 599 551
test_Muroran_00133.jpg,6 227 332 395 600
test_Nagakute_00100.jpg,2 0 183 272 517
test_Sumida_00020.jpg,2 208 385 284 524
test_Nagakute_00243.jpg,2 350 449 493 596
test_Nagakute_00111.jpg,5 103 390 517 597
test_Muroran_00227.jpg,2 354 312 595 600
test_Sumida_00203.jpg,8 248 479 481 536
test_Sumida_00022.jpg,7 194 433 587 543
test_Chiba_00055.jpg,2 417 463 594 569 8 208 488 312 594
test_Sumida_00038.jpg,2 273 437 343 536
test_Adachi_00163.jpg,2 379 323 563 543
test_Sumida_00061.jpg,2 369 439 441 554 8 42 462 190 560 8 408 397 600 529
test_Muroran_00037.jpg,5 198 350 600 597
test_Sumida_00034.jpg,1 343 402 392 456 7 155 441 567 537
test_Adachi_00178.jpg,2 28 281 252 600 7 10 272 400 425
test_Numazu_00051.jpg,5 0 364 600 559
test_Nagakute_00001.jpg,2 13 329 258 599 2 390 353 600 538 8 400 351 598 546
test_Numazu_00232.jpg,2 277 323 422 600
test_Nagakute_00267.jpg,2 55 334 237 598 5 424 348 589 575 5 257 310 366 402 8 10 309 237 597
test_Sumida_00152.jpg,2 364 421 502 553
test_Adachi_00001.jpg,2 1 215 250 600
test_Numazu_00052.jpg,2 127 369 221 568 2 58 341 219 595
test_Adachi_00102.jpg,5 34 180 198 460
test_Adachi_00309.jpg,3 39 301 511 388 3 2 316 239 390
test_Sumida_00181.jpg,7 89 501 600 594
test_Nagakute_00186.jpg,1 219 465 294 597 1 213 447 372 596 2 329 438 513 600
test_Numazu_00260.jpg,2 0 183 272 517
test_Numazu_00248.jpg,2 233 311 300 577 5 128 410 266 504
test_Adachi_00052.jpg,3 128 310 600 413
test_Adachi_00092.jpg,2 206 338 314 600
test_Numazu_00286.jpg,5 42 378 254 600
test_Nagakute_00097.jpg,8 1 356 150 469
test_Sumida_00074.jpg,7 94 452 551 578
test_Adachi_00303.jpg,2 0 334 177 600
test_Nagakute_00104.jpg,2 324 333 600 559 8 295 323 600 572
test_Adachi_00115.jpg,8 518 422 600 535
test_Muroran_00426.jpg,5 77 415 577 600
test_Muroran_00370.jpg,1 0 368 239 593 1 160 467 286 600 8 420 490 512 600
test_Numazu_00187.jpg,1 357 430 504 591
test_Nagakute_00090.jpg,7 92 377 600 598
test_Adachi_00142.jpg,8 365 338 591 597
test_Numazu_00328.jpg,5 55 501 227 600 6 58 501 225 600 8 301 306 533 587 8 1 318 160 524
test_Muroran_00162.jpg,5 0 399 520 600 6 169 386 589 599
test_Chiba_00033.jpg,8 315 409 488 573 8 3 432 175 584
test_Numazu_00280.jpg,2 253 315 340 559
test_Muroran_00304.jpg,1 56 481 178 595 5 193 361 562 584
test_Muroran_00086.jpg,2 0 183 272 517
test_Muroran_00025.jpg,2 3 371 202 593 5 286 431 408 600 8 317 468 396 597
test_Numazu_00148.jpg,1 70 303 206 600 1 76 294 139 563 3 177 416 449 475
test_Numazu_00263.jpg,5 188 370 418 585 8 156 310 241 430
test_Adachi_00033.jpg,2 0 183 272 517
test_Nagakute_00039.jpg,1 67 402 208 598 8 281 337 566 590 8 7 306 190 525
test_Numazu_00020.jpg,1 23 433 193 600 2 162 408 222 600 5 25 418 220 598
test_Muroran_00378.jpg,1 144 414 232 592 5 138 371 600 560
test_Nagakute_00150.jpg,2 216 367 267 591 4 3 451 418 554
test_Nagakute_00102.jpg,8 29 350 284 600
test_Nagakute_00171.jpg,1 63 358 206 516 8 12 357 186 545
test_Chiba_00027.jpg,2 0 183 272 517
test_Numazu_00293.jpg,1 339 370 600 579 5 209 346 432 586
test_Numazu_00296.jpg,5 87 386 246 600 6 91 385 258 599
test_Adachi_00285.jpg,8 449 324 591 464
test_Muroran_00190.jpg,1 70 460 186 600 1 41 380 214 593 8 350 375 578 600 8 8 350 217 596
test_Muroran_00193.jpg,1 454 506 544 598
test_Numazu_00215.jpg,5 70 320 525 565 5 92 361 343 580 5 339 300 600 559 8 0 251 207 487 8 292 291 600 534
test_Ichihara_00035.jpg,1 390 449 493 600
test_Adachi_00259.jpg,5 58 279 600 544 5 33 224 578 437
test_Adachi_00064.jpg,2 0 183 272 517
test_Nagakute_00009.jpg,8 302 291 600 575 8 0 346 78 596
test_Adachi_00288.jpg,2 360 222 563 599 8 104 289 235 581
test_Nagakute_00224.jpg,2 83 341 180 434 2 254 436 323 595
test_Adachi_00206.jpg,8 438 289 597 502
test_Numazu_00347.jpg,2 135 402 204 553
test_Sumida_00004.jpg,2 0 183 272 517
test_Sumida_00023.jpg,2 315 395 401 529
test_Muroran_00277.jpg,5 137 351 558 600 5 165 380 392 587 5 448 484 597 600 8 440 484 586 600
test_Muroran_00155.jpg,5 0 428 537 596 5 212 512 396 598 5 445 531 600 598
test_Adachi_00200.jpg,2 432 343 598 503 8 442 353 599 512
test_Adachi_00166.jpg,2 146 291 206 599
test_Nagakute_00055.jpg,5 30 378 513 598
test_Numazu_00077.jpg,1 272 410 363 588 1 421 377 503 539
test_Adachi_00104.jpg,7 0 189 499 549 7 115 148 600 458
test_Adachi_00226.jpg,2 283 306 581 518 2 265 292 486 455
test_Nagakute_00124.jpg,1 107 387 269 576 1 338 397 590 600 8 294 312 600 558 8 4 361 164 574
test_Nagakute_00076.jpg,2 249 319 419 590
test_Muroran_00136.jpg,5 110 349 564 598
test_Numazu_00082.jpg,1 276 432 403 596 8 18 388 201 600
test_Muroran_00011.jpg,2 0 183 272 517
test_Muroran_00030.jpg,2 372 360 509 600 5 0 347 320 588
test_Sumida_00002.jpg,2 316 436 392 551
test_Adachi_00039.jpg,8 11 198 186 392 8 323 335 557 531 8 371 221 600 389
test_Adachi_00132.jpg,2 2 422 184 549 2 332 312 386 600 8 168 304 321 430
test_Sumida_00005.jpg,7 132 454 589 539
test_Nagakute_00026.jpg,5 139 406 266 588
test_Numazu_00282.jpg,5 0 516 152 600 6 14 433 459 600
test_Numazu_00349.jpg,8 146 313 342 389
test_Sumida_00108.jpg,2 0 183 272 517
test_Numazu_00173.jpg,2 165 263 254 476
test_Adachi_00079.jpg,8 155 308 230 584
test_Sumida_00161.jpg,8 330 392 583 555
test_Chiba_00086.jpg,7 191 493 600 570
test_Muroran_00406.jpg,7 104 386 600 526
test_Sumida_00173.jpg,1 5 461 149 564 2 156 417 259 555
test_Numazu_00255.jpg,8 303 365 440 596
test_Sumida_00115.jpg,2 201 402 319 558 2 210 446 287 545 8 471 430 595 542
test_Muroran_00256.jpg,5 23 392 189 598 5 41 359 415 581 5 210 354 394 564
test_Muroran_00429.jpg,5 53 361 280 599
test_Numazu_00125.jpg,7 51 431 600 599
test_Numazu_00069.jpg,2 167 374 250 478 5 468 462 593 597
test_Adachi_00067.jpg,2 190 390 253 600 2 350 326 496 513 8 344 310 568 599 8 341 323 497 507
test_Chiba_00090.jpg,7 55 509 600 600
test_Numazu_00223.jpg,1 307 423 403 599
test_Sumida_00206.jpg,8 166 435 264 551
test_Muroran_00248.jpg,5 273 381 600 599
test_Sumida_00140.jpg,2 0 183 272 517
test_Nagakute_00014.jpg,5 317 392 519 597 5 0 401 464 600 8 25 465 223 591
test_Nagakute_00059.jpg,8 319 391 596 600 8 0 340 177 525
test_Numazu_00094.jpg,2 292 303 406 409 5 217 333 397 414
test_Muroran_00296.jpg,5 80 384 566 600
test_Adachi_00283.jpg,1 381 317 513 449 1 386 290 586 474
test_Numazu_00045.jpg,1 272 427 403 592 2 103 391 208 581
test_Numazu_00055.jpg,2 266 370 446 599
test_Chiba_00050.jpg,2 399 455 600 568
test_Muroran_00340.jpg,3 414 380 583 443
test_Numazu_00375.jpg,3 0 490 469 590 5 248 456 416 600
test_Numazu_00021.jpg,1 201 339 345 556 2 33 300 188 549 8 245 320 357 447
test_Numazu_00149.jpg,5 0 390 500 599 5 231 414 576 600
test_Numazu_00190.jpg,1 79 357 194 472 2 340 371 558 600 2 247 316 319 483
test_Numazu_00099.jpg,1 177 497 294 599 5 174 495 297 598
test_Nagakute_00054.jpg,1 72 383 209 516
test_Muroran_00158.jpg,3 280 529 543 596 5 0 525 140 598 5 0 447 564 600
test_Numazu_00067.jpg,5 290 335 600 594 8 0 297 189 585
test_Adachi_00008.jpg,2 420 347 600 494
test_Muroran_00222.jpg,7 138 353 599 454 8 98 490 213 599
test_Muroran_00319.jpg,1 223 454 340 583 2 317 292 400 458 2 225 437 348 589 3 225 456 600 552 4 199 448 600 539
test_Adachi_00149.jpg,2 232 320 284 600
test_Muroran_00088.jpg,1 331 315 431 600
test_Nagakute_00209.jpg,5 121 481 463 600
test_Chiba_00064.jpg,8 347 411 564 576
test_Numazu_00120.jpg,5 236 321 453 590
test_Adachi_00241.jpg,2 115 451 210 596
test_Nagakute_00117.jpg,2 221 360 467 600
test_Adachi_00245.jpg,1 443 329 557 515
test_Numazu_00244.jpg,2 290 392 335 599
test_Nagakute_00081.jpg,1 89 401 196 531
test_Muroran_00309.jpg,5 283 431 600 594
test_Sumida_00216.jpg,7 81 436 599 530
test_Muroran_00036.jpg,2 32 402 204 591
test_Adachi_00307.jpg,5 0 423 354 551 8 411 362 600 527
test_Adachi_00248.jpg,5 190 285 587 566 5 418 288 596 474 5 255 242 600 481 8 435 288 598 464
test_Adachi_00191.jpg,1 470 235 597 438
test_Sumida_00228.jpg,2 0 183 272 517
test_Adachi_00167.jpg,2 372 334 445 544
test_Adachi_00258.jpg,2 381 367 566 600
test_Numazu_00243.jpg,5 151 314 288 407 8 3 312 168 522
test_Numazu_00115.jpg,2 0 183 272 517
test_Muroran_00270.jpg,3 0 491 472 588 5 82 360 523 590 5 229 346 369 459 8 304 339 478 563
test_Muroran_00092.jpg,5 106 368 309 598
test_Nagakute_00044.jpg,8 270 364 410 471
test_Ichihara_00017.jpg,7 149 418 600 520
test_Ichihara_00043.jpg,5 180 403 600 600 5 145 402 371 600
test_Numazu_00324.jpg,1 254 371 562 517 8 98 369 292 496
test_Sumida_00138.jpg,2 0 183 272 517
test_Adachi_00183.jpg,1 452 294 597 464
test_Muroran_00399.jpg,5 89 325 343 596
test_Muroran_00214.jpg,1 269 336 413 592 1 522 436 596 559 8 12 351 311 600 8 132 325 365 544
test_Numazu_00189.jpg,5 131 329 600 600
test_Adachi_00312.jpg,1 60 128 215 309 1 19 153 197 389
test_Muroran_00063.jpg,1 368 374 597 548 1 297 366 458 520
test_Muroran_00375.jpg,1 204 350 269 572
test_Muroran_00341.jpg,8 2 348 256 533 8 371 456 438 595
test_Numazu_00326.jpg,5 238 308 570 595 5 334 281 596 497 8 342 280 600 488
test_Numazu_00274.jpg,2 404 379 586 582
test_Adachi_00017.jpg,2 239 275 313 570
test_Adachi_00227.jpg,2 8 209 223 375 8 94 214 214 312
test_Nagakute_00108.jpg,2 192 414 292 599
test_Adachi_00024.jpg,2 43 203 278 600
test_Adachi_00326.jpg,2 367 169 600 454 8 4 124 174 430
test_Chiba_00051.jpg,2 0 183 272 517
test_Numazu_00169.jpg,5 79 286 219 580
test_Muroran_00332.jpg,5 349 356 600 598
test_Adachi_00168.jpg,1 356 457 432 600 2 355 449 434 596 8 14 288 262 484
test_Muroran_00033.jpg,1 260 430 360 600 8 416 447 513 600
test_Numazu_00096.jpg,5 6 418 151 581 8 12 301 205 529 8 9 372 159 583
test_Muroran_00234.jpg,5 183 379 442 596
test_Adachi_00271.jpg,7 26 320 519 595 7 277 327 599 598
test_Muroran_00279.jpg,1 324 451 445 600 2 43 371 200 598 2 282 371 345 598 8 331 460 438 598
test_Numazu_00231.jpg,5 63 374 507 590 5 2 414 287 597
test_Nagakute_00157.jpg,1 383 425 564 599
test_Adachi_00129.jpg,2 424 247 587 417
test_Nagakute_00266.jpg,1 236 325 297 488 1 15 360 172 481
test_Numazu_00228.jpg,8 271 415 350 550
test_Muroran_00387.jpg,1 254 392 337 580 2 31 364 173 599 2 274 407 354 592
test_Numazu_00070.jpg,1 199 392 411 597 3 0 437 402 579 5 21 413 433 578
test_Nagakute_00175.jpg,5 210 365 463 561
test_Nagakute_00192.jpg,2 308 327 578 591 8 339 339 600 594
test_Muroran_00282.jpg,5 262 417 554 559
test_Muroran_00080.jpg,2 221 359 344 600 2 379 346 457 571 2 396 410 480 599
test_Chiba_00008.jpg,1 278 477 366 574 2 435 429 559 585
test_Numazu_00226.jpg,5 70 353 494 597
test_Nagakute_00080.jpg,2 10 358 177 503 5 188 405 357 595
test_Numazu_00355.jpg,2 244 391 315 595 5 290 447 600 593
test_Muroran_00421.jpg,1 222 392 291 600 1 199 346 275 563
test_Numazu_00009.jpg,5 54 362 537 589
test_Chiba_00065.jpg,1 194 481 284 597
test_Sumida_00192.jpg,1 326 424 423 535 2 246 424 289 538
test_Adachi_00077.jpg,2 406 409 457 594
test_Nagakute_00236.jpg,1 267 394 360 582 8 225 330 481 598 8 241 357 392 543
test_Numazu_00081.jpg,1 280 343 450 587 8 38 257 223 584 8 359 297 600 496
test_Adachi_00176.jpg,2 404 308 501 462
test_Chiba_00007.jpg,8 355 415 501 566
test_Numazu_00383.jpg,2 416 333 544 585 2 293 303 368 581
test_Sumida_00150.jpg,8 389 428 561 568
test_Numazu_00275.jpg,2 322 296 415 586
test_Chiba_00016.jpg,1 323 469 404 574
test_Nagakute_00194.jpg,2 182 322 291 597
test_Numazu_00313.jpg,8 2 271 119 425
test_Nagakute_00126.jpg,2 237 341 597 589
test_Numazu_00136.jpg,2 126 380 213 568
test_Muroran_00107.jpg,5 73 368 489 598
test_Adachi_00319.jpg,2 490 334 599 494 2 370 188 477 339
test_Numazu_00138.jpg,5 71 428 600 595 5 0 379 204 509 5 0 480 455 597
test_Muroran_00151.jpg,1 434 444 596 600 1 320 439 420 598 1 191 415 248 600
test_Sumida_00117.jpg,8 118 443 239 564 8 448 440 595 522
test_Adachi_00328.jpg,1 391 250 581 573 1 149 271 256 397
test_Muroran_00016.jpg,1 476 431 567 597
test_Numazu_00175.jpg,1 170 432 245 600 8 291 414 536 599 8 1 400 188 567
test_Muroran_00110.jpg,1 228 366 503 597
test_Adachi_00025.jpg,2 299 264 396 461 2 299 293 362 559
test_Nagakute_00252.jpg,8 263 310 524 600
test_Numazu_00010.jpg,8 40 320 199 596
test_Numazu_00023.jpg,2 277 318 333 446 8 94 326 208 455
test_Adachi_00094.jpg,2 420 306 597 494 8 412 292 600 495
test_Adachi_00264.jpg,1 301 357 474 506 5 294 358 461 517
test_Adachi_00292.jpg,2 283 238 335 516
test_Sumida_00110.jpg,8 418 450 597 590
test_Nagakute_00220.jpg,2 235 293 455 600 3 164 464 349 518
test_Muroran_00135.jpg,5 297 353 600 599
test_Numazu_00183.jpg,5 195 348 484 597 5 32 367 386 511
test_Numazu_00294.jpg,5 148 380 248 581 8 0 293 165 479
test_Numazu_00163.jpg,1 255 396 544 590
test_Nagakute_00155.jpg,1 340 431 555 597 5 324 418 567 598
test_Numazu_00154.jpg,7 112 411 596 539 7 0 404 372 583
test_Muroran_00408.jpg,5 191 356 600 600 5 378 344 593 571 8 458 387 598 564
test_Numazu_00273.jpg,2 210 276 346 600
test_Nagakute_00214.jpg,2 13 293 191 572
test_Nagakute_00161.jpg,2 293 325 571 597 8 284 309 574 539
test_Numazu_00003.jpg,1 304 329 397 414 7 31 389 600 600
test_Muroran_00015.jpg,5 167 410 503 600 5 160 423 334 597
test_Muroran_00126.jpg,2 355 394 425 590
test_Adachi_00113.jpg,2 0 183 272 517
test_Nagakute_00123.jpg,5 71 356 459 600 5 263 366 480 595
test_Sumida_00001.jpg,2 0 183 272 517
test_Numazu_00174.jpg,1 299 348 489 548 8 9 248 214 562
test_Muroran_00423.jpg,1 353 436 507 595 5 169 370 499 593
test_Ichihara_00051.jpg,1 441 408 595 600 1 94 405 283 592 5 325 384 600 599 6 128 392 600 600 8 22 386 299 595
test_Adachi_00123.jpg,2 0 183 272 517
test_Adachi_00109.jpg,2 480 427 600 561
test_Nagakute_00208.jpg,1 33 405 158 599 1 47 449 120 593 8 305 490 408 600
test_Numazu_00017.jpg,2 0 183 272 517
test_Numazu_00039.jpg,2 262 354 486 591 2 395 507 488 600 2 259 347 385 494
test_Adachi_00036.jpg,2 433 247 600 443
test_Sumida_00213.jpg,2 327 397 438 528 8 320 395 430 525
test_Sumida_00225.jpg,8 406 437 573 569
test_Nagakute_00228.jpg,5 0 339 334 595 5 0 367 139 598
test_Muroran_00371.jpg,2 279 389 432 595 2 128 391 208 600
test_Nagakute_00015.jpg,7 0 417 515 600
test_Nagakute_00225.jpg,7 110 342 594 441 8 2 426 125 567 8 477 423 596 554
test_Muroran_00221.jpg,5 109 311 571 599
test_Adachi_00290.jpg,2 316 313 473 590 2 328 315 429 497 8 369 339 470 454
test_Numazu_00352.jpg,5 89 419 573 599 5 305 415 526 577
test_Chiba_00004.jpg,7 31 511 498 600
test_Muroran_00108.jpg,2 448 428 594 590 5 122 357 424 600
test_Numazu_00118.jpg,1 84 348 187 507 2 215 279 269 592 8 326 295 565 577
test_Sumida_00079.jpg,2 273 402 405 552 8 65 413 204 564
test_Adachi_00107.jpg,2 361 186 568 508 2 457 347 598 569 8 37 158 272 586 8 391 202 594 352 8 270 165 354 211
test_Adachi_00291.jpg,1 382 371 600 583 8 11 302 209 480 8 383 363 592 585
test_Numazu_00128.jpg,5 231 408 483 596
test_Sumida_00009.jpg,7 34 451 245 560 8 308 421 512 557 8 23 457 235 574
test_Numazu_00134.jpg,1 210 359 292 496 8 4 293 202 598 8 342 301 600 483
test_Nagakute_00047.jpg,5 99 369 571 598
test_Muroran_00212.jpg,5 136 356 425 597
test_Adachi_00060.jpg,2 0 183 272 517
test_Numazu_00249.jpg,2 266 367 539 600
test_Nagakute_00022.jpg,1 108 360 226 481 3 214 409 527 470
test_Adachi_00121.jpg,2 0 183 272 517
test_Numazu_00241.jpg,2 268 272 367 573
test_Adachi_00004.jpg,2 140 218 243 531 8 134 255 236 563
test_Numazu_00144.jpg,5 0 322 446 594 5 214 307 506 595 5 2 295 246 586 8 289 314 457 594
test_Chiba_00078.jpg,2 0 183 272 517
test_Muroran_00028.jpg,5 83 323 544 588
test_Nagakute_00191.jpg,1 27 424 152 585 5 206 511 354 600
test_Adachi_00155.jpg,2 377 303 600 527
test_Muroran_00410.jpg,1 401 437 533 594 5 395 416 533 592
test_Numazu_00028.jpg,1 243 351 405 508 2 147 307 256 590 2 447 488 554 596
test_Numazu_00034.jpg,3 2 455 309 513 5 241 358 441 588
test_Sumida_00094.jpg,2 147 417 255 545
test_Nagakute_00036.jpg,2 0 183 272 517
test_Ichihara_00013.jpg,2 0 183 272 517
test_Muroran_00373.jpg,8 62 325 273 600 8 112 341 270 495
test_Adachi_00216.jpg,1 460 352 600 459 1 153 331 245 451
test_Adachi_00110.jpg,1 274 418 353 599
test_Chiba_00074.jpg,7 158 494 600 590 7 0 494 470 598
test_Sumida_00198.jpg,2 368 411 514 554
test_Ichihara_00025.jpg,8 197 461 466 599 8 395 379 600 592
test_Muroran_00207.jpg,5 0 376 439 600
test_Sumida_00164.jpg,7 155 418 600 504
test_Adachi_00213.jpg,2 375 365 588 578
test_Ichihara_00037.jpg,1 374 419 491 587 8 400 384 596 586 8 1 425 227 597
test_Numazu_00117.jpg,2 0 183 272 517
test_Numazu_00107.jpg,8 122 286 269 503 8 436 406 599 565
test_Nagakute_00003.jpg,1 210 395 273 570
test_Sumida_00176.jpg,2 0 183 272 517
test_Muroran_00090.jpg,5 170 393 552 600
test_Chiba_00036.jpg,8 322 409 502 569 8 17 442 173 584
test_Sumida_00196.jpg,2 178 429 221 533
test_Adachi_00075.jpg,2 0 183 272 517
test_Adachi_00151.jpg,1 312 272 595 539 1 200 395 362 554
test_Numazu_00184.jpg,5 160 453 600 600
test_Muroran_00226.jpg,2 0 183 272 517
test_Ichihara_00003.jpg,1 326 414 471 595 1 371 404 583 573 2 361 395 598 559
test_Muroran_00160.jpg,2 17 377 251 600
test_Muroran_00149.jpg,5 63 386 479 600
test_Muroran_00251.jpg,8 2 348 219 586
test_Muroran_00122.jpg,2 0 183 272 517
test_Nagakute_00128.jpg,5 127 329 547 593 5 0 287 432 590
test_Nagakute_00049.jpg,1 59 397 415 590 2 280 324 452 580 5 52 405 470 595
test_Muroran_00292.jpg,5 141 341 565 586
test_Nagakute_00256.jpg,2 0 183 272 517
test_Sumida_00072.jpg,7 194 426 600 520
test_Muroran_00205.jpg,5 235 389 568 598
test_Muroran_00366.jpg,5 251 352 405 599
test_Numazu_00368.jpg,1 353 408 488 590 8 0 391 371 594 8 298 340 499 566 8 20 332 253 552
test_Adachi_00313.jpg,2 0 183 272 517
test_Nagakute_00233.jpg,1 348 383 534 599 2 171 333 284 580 2 342 348 580 600
test_Adachi_00322.jpg,1 392 228 477 337
test_Adachi_00083.jpg,2 332 201 429 565 8 0 227 211 510 8 243 175 334 307
test_Nagakute_00204.jpg,7 72 484 600 600
test_Numazu_00407.jpg,8 105 401 387 594 8 291 352 590 599 8 0 333 142 489
test_Adachi_00089.jpg,2 463 405 547 599 8 281 372 445 540 8 470 434 552 598
test_Numazu_00303.jpg,2 0 339 171 533 8 14 375 153 517
test_Chiba_00029.jpg,8 27 484 161 599
