test_Numazu_00321.jpg,7 57 336 600 540
test_Numazu_00126.jpg,2 208 422 265 600
test_Adachi_00249.jpg,7 135 352 439 592 8 203 359 458 590
test_Numazu_00119.jpg,2 272 361 530 595
test_Muroran_00176.jpg,5 185 420 600 600 8 357 427 515 600
test_Numazu_00373.jpg,7 63 329 572 471
test_Sumida_00209.jpg,2 410 457 520 558
test_Nagakute_00089.jpg,2 235 350 304 597 8 463 479 598 600 8 199 370 297 484
test_Muroran_00284.jpg,5 42 368 551 582 5 0 333 241 600
test_Ichihara_00022.jpg,5 332 415 544 600
test_Muroran_00385.jpg,5 0 400 534 594
test_Muroran_00389.jpg,1 450 381 599 578 2 371 308 600 584
test_Numazu_00157.jpg,2 0 183 272 517
test_Adachi_00134.jpg,2 1 303 116 513 8 338 364 595 564
test_Sumida_00086.jpg,2 0 183 272 517
test_Adachi_00199.jpg,1 134 199 289 436 1 344 204 463 361
test_Chiba_00046.jpg,8 10 403 206 583 8 318 415 488 568
test_Sumida_00102.jpg,2 317 405 392 554
test_Muroran_00024.jpg,1 91 431 225 549 2 350 481 440 599
test_Numazu_00379.jpg,2 246 293 323 424
test_Sumida_00051.jpg,8 382 429 566 560
test_Muroran_00402.jpg,5 129 391 573 484 5 59 381 600 551 8 444 353 600 487
test_Adachi_00150.jpg,2 0 183 272 517
test_Chiba_00006.jpg,8 418 435 591 576 8 110 477 306 600
test_Nagakute_00040.jpg,1 251 426 343 596
test_Sumida_00208.jpg,8 492 413 594 574
test_Adachi_00141.jpg,2 284 302 419 574
test_Chiba_00092.jpg,1 314 477 411 579 2 183 478 300 589 8 431 465 600 574
test_Numazu_00290.jpg,1 501 472 596 586 1 262 232 324 397 1 197 382 309 510 7 18 286 516 400
test_Ichihara_00001.jpg,2 6 402 257 587 2 434 412 596 543
test_Sumida_00180.jpg,2 0 183 272 517
test_Ichihara_00048.jpg,2 449 470 561 600
test_Numazu_00211.jpg,5 2 415 186 596
test_Nagakute_00013.jpg,8 159 350 271 528
test_Nagakute_00027.jpg,2 296 321 573 540 8 4 322 175 532 8 299 324 557 543
test_Chiba_00001.jpg,2 0 183 272 517
test_Chiba_00084.jpg,2 388 464 587 585
test_Adachi_00103.jpg,1 312 386 480 535
test_Numazu_00165.jpg,2 0 183 272 517
test_Nagakute_00112.jpg,1 37 376 183 591
test_Muroran_00069.jpg,5 356 489 511 600 8 143 405 203 600
test_Chiba_00049.jpg,8 338 410 530 575
test_Muroran_00103.jpg,1 443 444 529 598
test_Adachi_00040.jpg,1 12 272 235 543 1 0 258 453 481 3 0 284 542 447 3 151 320 587 426
test_Nagakute_00087.jpg,1 135 420 227 597 8 0 382 188 567
test_Numazu_00267.jpg,5 475 477 600 600 7 126 408 546 489
test_Ichihara_00034.jpg,1 68 470 246 600 5 65 443 570 600 5 120 410 292 582
test_Numazu_00087.jpg,2 330 357 522 600 5 68 336 297 600
test_Muroran_00041.jpg,2 1 389 171 549 5 172 367 600 597
test_Muroran_00346.jpg,8 0 281 221 551 8 409 438 543 600
test_Sumida_00169.jpg,2 26 407 274 542
test_Nagakute_00023.jpg,8 48 295 273 600
test_Sumida_00125.jpg,2 310 424 381 547
test_Numazu_00312.jpg,5 0 318 335 600
test_Adachi_00157.jpg,2 382 355 468 599
test_Muroran_00313.jpg,2 0 183 272 517
test_Muroran_00290.jpg,2 474 447 600 580 8 17 345 227 600
test_Numazu_00256.jpg,5 20 357 463 599
test_Adachi_00247.jpg,2 457 398 600 553
test_Muroran_00232.jpg,5 166 339 568 600
test_Adachi_00266.jpg,2 0 183 272 517
test_Chiba_00048.jpg,8 224 477 330 592
test_Nagakute_00132.jpg,8 306 324 600 581 8 2 340 204 598
test_Adachi_00031.jpg,2 293 456 400 581 2 168 283 446 476 8 455 344 598 452 8 329 311 576 455
test_Adachi_00046.jpg,2 2 208 264 495 8 369 220 502 563
test_Nagakute_00017.jpg,1 414 428 494 580
test_Adachi_00203.jpg,2 277 375 338 600
test_Chiba_00035.jpg,2 393 448 564 582
test_Nagakute_00092.jpg,5 30 347 596 598 5 13 389 345 590
test_Numazu_00344.jpg,2 0 183 272 517
test_Muroran_00305.jpg,1 57 399 254 588 5 427 445 583 600 8 454 467 587 600
test_Nagakute_00120.jpg,5 0 366 206 600
test_Muroran_00223.jpg,5 252 319 580 557 5 380 294 595 507
test_Adachi_00242.jpg,1 34 313 229 505 8 402 290 596 507
test_Sumida_00124.jpg,8 353 415 524 570
test_Numazu_00060.jpg,5 0 427 449 598
test_Numazu_00049.jpg,1 274 351 361 454 2 44 287 208 600
test_Sumida_00194.jpg,7 194 433 584 542
test_Numazu_00101.jpg,2 279 307 448 576 5 228 303 440 588
test_Nagakute_00170.jpg,5 239 369 462 598 8 9 329 250 600 8 314 348 597 596
test_Numazu_00080.jpg,8 308 433 462 599
test_Numazu_00311.jpg,5 22 407 542 597
test_Chiba_00018.jpg,2 158 478 333 592
test_Numazu_00309.jpg,5 312 396 423 505
test_Numazu_00386.jpg,1 131 348 208 571 8 343 357 597 582 8 0 318 134 538
test_Numazu_00359.jpg,2 92 383 246 599 5 161 385 569 599 5 135 404 299 600
test_Adachi_00090.jpg,2 0 183 272 517
test_Sumida_00143.jpg,7 86 439 559 560
test_Sumida_00047.jpg,2 364 389 551 525
test_Sumida_00078.jpg,2 242 410 306 558
test_Nagakute_00034.jpg,2 234 321 292 594 8 35 338 226 600
test_Muroran_00275.jpg,1 429 444 592 579 1 428 424 562 527 8 28 281 191 600 8 448 474 592 600
test_Numazu_00378.jpg,1 2 376 131 578 8 307 295 600 582 8 0 278 187 474
test_Nagakute_00152.jpg,1 487 431 597 541 1 133 486 248 600 8 2 392 127 540
test_Numazu_00380.jpg,7 51 385 600 600
test_Nagakute_00213.jpg,2 307 378 589 589
test_Numazu_00155.jpg,5 0 378 148 585 5 291 339 519 587 8 317 348 550 567 8 5 329 141 519
test_Chiba_00019.jpg,7 0 471 563 593
test_Sumida_00067.jpg,2 0 183 272 517
test_Numazu_00065.jpg,2 299 323 386 453
test_Sumida_00201.jpg,2 359 439 431 559
test_Numazu_00364.jpg,2 242 346 433 600
test_Numazu_00354.jpg,1 366 391 528 561 3 133 463 597 563 8 0 327 154 536 8 127 347 276 595
test_Numazu_00086.jpg,2 275 411 376 587 2 57 385 198 597 8 0 378 174 561
test_Chiba_00088.jpg,1 294 474 383 579 2 455 475 600 567
test_Chiba_00025.jpg,2 260 456 381 558
test_Chiba_00075.jpg,2 0 183 272 517
test_Nagakute_00163.jpg,1 58 272 166 417
test_Muroran_00195.jpg,1 204 401 274 598 1 162 328 390 592 5 4 397 167 600 5 0 348 417 600
test_Adachi_00106.jpg,2 364 283 550 586
test_Chiba_00070.jpg,2 457 495 550 589
test_Nagakute_00070.jpg,2 0 183 272 517
test_Adachi_00204.jpg,1 216 421 306 574 8 297 343 409 600
test_Muroran_00415.jpg,5 315 416 600 600
test_Adachi_00032.jpg,7 43 341 598 517
test_Adachi_00243.jpg,7 110 466 538 593 8 199 459 424 595
test_Sumida_00040.jpg,2 0 183 272 517
test_Nagakute_00162.jpg,1 102 430 264 600 8 306 357 600 596
test_Numazu_00403.jpg,8 0 280 184 470 8 292 281 599 534
test_Nagakute_00178.jpg,1 152 373 237 582 8 21 371 190 595
test_Muroran_00404.jpg,2 262 321 314 600
test_Numazu_00185.jpg,1 3 314 114 507 1 164 412 260 565 8 10 280 157 595
test_Numazu_00164.jpg,1 7 344 211 558 2 216 265 265 548 8 294 299 586 554
test_Muroran_00079.jpg,1 213 400 297 590 2 353 390 512 596
test_Nagakute_00012.jpg,2 115 401 276 597
test_Nagakute_00010.jpg,2 269 347 327 599
test_Adachi_00051.jpg,1 64 288 440 551 1 111 315 305 539 2 290 120 488 247 2 9 271 141 600 5 19 257 489 533
test_Muroran_00386.jpg,2 170 349 284 600 8 408 415 553 599
test_Nagakute_00083.jpg,5 44 332 514 600
test_Muroran_00029.jpg,2 341 379 443 549
test_Adachi_00190.jpg,8 253 431 364 598
test_Sumida_00058.jpg,2 27 417 213 528 8 374 452 563 559 8 335 449 483 549
test_Numazu_00033.jpg,5 157 339 311 586
test_Muroran_00125.jpg,2 333 398 518 590
test_Numazu_00356.jpg,5 150 432 600 598 5 4 504 127 600
test_Adachi_00005.jpg,3 112 479 600 581 3 146 499 405 557
test_Nagakute_00174.jpg,7 47 498 549 598
test_Chiba_00010.jpg,1 118 470 235 591 8 302 438 458 593
test_Nagakute_00062.jpg,1 272 387 444 600 2 218 379 458 600 5 284 392 437 599
test_Nagakute_00085.jpg,2 14 393 186 590 5 31 478 403 594 5 311 399 594 594 8 326 404 600 571
test_Nagakute_00058.jpg,1 273 414 373 581 8 2 333 153 465
test_Muroran_00055.jpg,5 454 393 591 502
test_Nagakute_00084.jpg,1 99 298 260 598 8 93 294 272 600
test_Sumida_00037.jpg,2 144 419 291 572
test_Nagakute_00240.jpg,1 208 321 299 417 8 315 294 600 518
test_Muroran_00141.jpg,5 79 438 493 600
test_Numazu_00204.jpg,3 157 475 567 588 5 0 364 531 595 8 0 286 174 485
test_Nagakute_00180.jpg,2 62 350 212 594
test_Adachi_00253.jpg,1 11 211 230 442
test_Adachi_00081.jpg,7 23 302 499 420
test_Numazu_00381.jpg,2 231 298 317 472
test_Muroran_00156.jpg,1 271 349 553 584 1 337 451 473 597 8 15 338 204 600 8 352 358 597 563
test_Sumida_00134.jpg,2 133 420 223 522
test_Numazu_00076.jpg,2 0 183 272 517
test_Ichihara_00049.jpg,8 0 474 120 580 8 479 467 599 581
test_Sumida_00190.jpg,2 0 183 272 517
test_Muroran_00201.jpg,1 320 376 500 600 1 34 394 191 600 2 311 313 514 549 5 303 317 506 563 8 3 364 182 587
test_Adachi_00286.jpg,1 34 335 325 562
test_Numazu_00092.jpg,2 163 375 246 571 5 88 403 244 598
test_Numazu_00218.jpg,5 248 416 534 565
test_Nagakute_00167.jpg,1 354 431 456 595 2 261 230 346 600 8 2 231 273 521
test_Numazu_00114.jpg,2 33 297 221 583 5 25 328 365 584
test_Adachi_00135.jpg,1 34 405 200 571 1 328 355 466 445
test_Chiba_00076.jpg,2 87 512 206 595
test_Muroran_00020.jpg,2 258 362 324 596 4 162 437 600 558
test_Muroran_00383.jpg,5 41 407 352 599
test_Numazu_00171.jpg,5 105 312 268 445 8 361 301 574 524
test_Numazu_00285.jpg,5 277 419 600 598 8 138 399 223 599
test_Sumida_00098.jpg,7 13 446 485 533
test_Muroran_00312.jpg,2 351 404 600 593 8 207 349 374 426
test_Nagakute_00146.jpg,5 187 387 600 600 5 309 427 597 598 8 130 406 600 598
test_Adachi_00308.jpg,2 0 183 272 517
test_Muroran_00014.jpg,2 298 360 456 599 5 288 360 572 583
test_Muroran_00333.jpg,2 0 183 272 517
test_Muroran_00174.jpg,1 170 385 281 562 2 159 370 298 600
test_Adachi_00014.jpg,2 197 366 334 595
test_Numazu_00230.jpg,2 281 401 481 590 2 147 349 471 574 8 81 304 213 472
test_Nagakute_00114.jpg,1 223 332 305 573 2 37 348 171 587 8 289 336 574 591
test_Muroran_00299.jpg,5 274 377 574 599
test_Nagakute_00196.jpg,1 218 350 339 521 1 39 343 168 464 5 206 352 329 514 8 4 322 169 458
test_Muroran_00240.jpg,1 133 428 267 600 8 440 393 596 560
test_Sumida_00033.jpg,2 329 407 424 518
test_Muroran_00112.jpg,5 50 406 355 600
test_Sumida_00105.jpg,2 0 183 272 517
test_Numazu_00338.jpg,5 412 468 600 587 8 28 437 209 597 8 257 426 373 551
test_Numazu_00202.jpg,8 447 478 574 600 8 4 264 225 478
test_Adachi_00069.jpg,5 13 190 186 456
test_Ichihara_00021.jpg,1 151 408 297 600 8 388 402 600 578 8 70 391 286 596
test_Numazu_00160.jpg,7 0 412 484 600 8 32 308 161 479
test_Adachi_00299.jpg,2 5 443 116 593
test_Muroran_00345.jpg,1 99 306 391 593 5 54 316 372 600 5 6 314 132 587
test_Muroran_00163.jpg,1 339 356 585 586 5 126 393 596 600 5 202 446 403 600 5 377 355 593 597
test_Numazu_00390.jpg,2 453 480 600 594 5 75 408 266 598 5 44 411 514 599 5 291 471 600 597
test_Adachi_00068.jpg,1 109 315 459 568 3 23 315 564 529
test_Chiba_00026.jpg,8 188 497 293 595
test_Adachi_00072.jpg,8 487 304 596 437
test_Nagakute_00125.jpg,3 3 415 319 571 3 0 398 494 520 3 164 410 600 527 5 249 396 600 530
test_Muroran_00260.jpg,1 296 446 385 599 1 394 484 584 600 5 0 420 541 595
test_Numazu_00176.jpg,2 229 303 342 599 2 298 339 586 590 6 256 319 594 586
test_Muroran_00005.jpg,2 90 369 216 577 5 174 419 600 599
test_Adachi_00329.jpg,2 385 364 583 592
test_Numazu_00333.jpg,7 16 425 600 600
test_Sumida_00081.jpg,7 20 456 575 568
test_Numazu_00310.jpg,2 284 353 418 591 5 423 360 592 526 8 440 353 598 463
test_Numazu_00284.jpg,2 244 320 303 596
test_Numazu_00357.jpg,2 333 397 567 596 8 275 339 575 596
test_Nagakute_00185.jpg,5 254 343 421 591
test_Muroran_00322.jpg,2 0 183 272 517
test_Nagakute_00091.jpg,5 43 281 216 531
test_Nagakute_00159.jpg,2 179 278 243 502 2 54 480 128 600
test_Adachi_00180.jpg,2 324 166 410 591
test_Adachi_00130.jpg,2 113 298 260 505 2 421 328 583 600 2 52 361 219 596 2 38 240 289 600 8 373 215 597 549
test_Numazu_00317.jpg,2 357 427 567 597
test_Numazu_00388.jpg,2 55 274 219 594 5 77 287 259 598
test_Numazu_00374.jpg,2 262 306 383 600 5 0 295 354 592
test_Nagakute_00029.jpg,7 0 424 489 595 8 103 299 304 448
test_Muroran_00006.jpg,8 430 387 558 523 8 31 322 297 596
test_Muroran_00397.jpg,2 0 183 272 517
test_Numazu_00396.jpg,2 295 448 384 598
test_Sumida_00060.jpg,2 0 183 272 517
test_Adachi_00164.jpg,5 20 304 399 567 8 410 218 593 444
test_Adachi_00236.jpg,8 379 261 587 469
test_Muroran_00131.jpg,1 409 453 494 597 1 195 453 281 595 8 66 381 275 600 8 139 371 279 536
test_Nagakute_00199.jpg,2 343 326 588 588 8 7 274 181 561
test_Muroran_00238.jpg,5 109 287 246 440
test_Sumida_00217.jpg,2 0 183 272 517
test_Muroran_00045.jpg,5 0 392 424 600 5 1 405 199 600
test_Nagakute_00254.jpg,8 0 311 213 523
test_Sumida_00226.jpg,8 212 430 312 573
test_Ichihara_00024.jpg,1 155 458 283 600
test_Adachi_00265.jpg,1 170 237 448 464
test_Adachi_00021.jpg,2 166 172 279 540
test_Muroran_00104.jpg,2 193 417 279 598 2 448 429 600 600 8 476 465 597 600 8 0 376 196 594
test_Sumida_00168.jpg,2 0 183 272 517
test_Nagakute_00099.jpg,5 161 337 487 596 5 359 384 600 600
test_Nagakute_00086.jpg,7 0 409 501 600
test_Nagakute_00121.jpg,1 73 433 188 599 1 215 424 291 594 8 0 390 138 583 8 296 412 523 596
test_Nagakute_00154.jpg,4 127 459 600 580
test_Numazu_00340.jpg,5 366 411 571 573 8 0 323 145 576
test_Numazu_00222.jpg,2 0 183 272 517
test_Muroran_00283.jpg,5 5 340 168 579
test_Sumida_00100.jpg,2 0 183 272 517
test_Numazu_00029.jpg,5 18 395 442 600 5 181 418 555 600
test_Numazu_00393.jpg,5 345 288 600 431
test_Adachi_00251.jpg,1 349 414 471 535
test_Nagakute_00216.jpg,5 14 455 137 593 5 180 469 556 597
test_Numazu_00405.jpg,5 176 336 344 578 8 346 261 600 550 8 2 250 171 455
test_Muroran_00071.jpg,5 354 392 453 559 5 0 372 537 596 6 4 388 573 594
test_Sumida_00227.jpg,2 356 412 462 555
test_Numazu_00131.jpg,5 37 362 286 590
test_Muroran_00198.jpg,5 0 370 453 595
test_Sumida_00042.jpg,2 0 183 272 517
test_Numazu_00348.jpg,5 79 438 445 595 5 178 455 600 600 8 443 454 600 596
test_Chiba_00020.jpg,7 151 511 600 599
test_Muroran_00261.jpg,1 96 491 208 597 5 343 452 593 599
test_Adachi_00224.jpg,2 263 149 324 310 2 191 189 314 563 2 187 363 277 575 2 449 306 593 479
test_Adachi_00195.jpg,1 348 498 509 600 3 92 431 347 502
test_Adachi_00124.jpg,2 409 381 600 585
test_Adachi_00131.jpg,1 326 361 504 527 5 185 337 516 580
test_Numazu_00254.jpg,1 50 377 248 599
test_Nagakute_00229.jpg,1 112 437 209 572 2 263 338 331 600 5 350 409 542 600
test_Nagakute_00144.jpg,1 13 379 251 567
test_Nagakute_00073.jpg,2 331 293 598 590 8 34 317 299 600
test_Nagakute_00021.jpg,2 92 257 226 600
test_Sumida_00029.jpg,2 366 435 451 547
test_Muroran_00365.jpg,1 451 407 593 563 8 9 333 267 557 8 401 423 552 599
test_Sumida_00030.jpg,8 362 427 532 560
test_Sumida_00165.jpg,2 0 419 214 553
test_Muroran_00023.jpg,5 114 315 548 600 5 0 309 343 599 5 317 331 584 584
test_Numazu_00361.jpg,2 0 183 272 517
test_Muroran_00295.jpg,5 239 468 396 576
test_Muroran_00179.jpg,2 371 439 484 594
test_Adachi_00219.jpg,1 308 373 470 500 5 327 387 467 496
test_Nagakute_00241.jpg,1 108 416 234 594 2 310 343 386 600 8 13 337 251 596
test_Numazu_00180.jpg,8 282 416 500 593
test_Ichihara_00046.jpg,2 126 408 306 579
test_Sumida_00123.jpg,2 0 389 219 545 8 5 417 174 520
test_Numazu_00108.jpg,5 448 410 595 570
test_Numazu_00288.jpg,2 315 430 424 578
test_Numazu_00258.jpg,2 0 183 272 517
test_Sumida_00096.jpg,2 0 412 165 524 2 222 429 307 550 8 422 437 592 580 8 474 493 588 581
test_Adachi_00262.jpg,7 57 389 588 563
test_Numazu_00372.jpg,2 130 299 264 594 6 222 291 516 572
test_Sumida_00118.jpg,2 0 183 272 517
test_Numazu_00385.jpg,5 14 360 196 595
test_Adachi_00327.jpg,8 437 377 600 536 8 52 376 250 553
test_Nagakute_00202.jpg,8 272 369 600 592 8 4 352 181 497
test_Numazu_00339.jpg,8 0 296 197 559 8 309 304 588 577 8 399 392 591 594
test_Nagakute_00217.jpg,1 155 398 276 599
test_Nagakute_00008.jpg,2 303 390 372 549 5 40 423 548 594 5 7 476 337 600
test_Chiba_00069.jpg,2 0 183 272 517
test_Numazu_00168.jpg,5 15 349 304 600 5 232 332 567 600 8 284 308 494 600 8 0 331 111 458
test_Chiba_00045.jpg,1 285 480 369 590 1 12 521 139 595 8 204 472 326 593
test_Sumida_00111.jpg,8 418 474 577 558
test_Numazu_00302.jpg,1 406 439 526 589 2 0 337 123 511
test_Muroran_00194.jpg,5 8 397 165 578
test_Numazu_00292.jpg,2 317 307 566 551
test_Numazu_00225.jpg,2 146 301 225 557 5 158 343 480 587
test_Sumida_00045.jpg,7 193 433 583 542
test_Sumida_00068.jpg,2 335 404 404 537
test_Muroran_00407.jpg,5 248 381 547 594
test_Muroran_00293.jpg,2 0 183 272 517
test_Muroran_00418.jpg,5 36 378 495 593
test_Ichihara_00030.jpg,5 58 384 310 600 5 112 383 596 600
test_Adachi_00117.jpg,2 0 183 272 517
test_Sumida_00106.jpg,2 0 183 272 517
test_Muroran_00153.jpg,1 105 430 264 594 8 6 334 258 579
test_Nagakute_00187.jpg,1 299 425 493 598 2 176 380 269 600 2 266 379 519 595 5 290 402 524 594
test_Adachi_00018.jpg,2 339 332 424 598
test_Muroran_00354.jpg,2 319 385 468 591
test_Numazu_00210.jpg,5 317 456 509 600 5 104 467 511 599 6 133 442 453 593
test_Ichihara_00026.jpg,8 441 485 558 599
test_Ichihara_00047.jpg,2 465 421 596 533
test_Adachi_00269.jpg,2 382 314 483 399 7 24 390 590 600
test_Adachi_00276.jpg,2 430 297 600 542
test_Nagakute_00190.jpg,1 32 344 220 564
test_Muroran_00425.jpg,8 277 338 341 600
test_Muroran_00074.jpg,5 298 375 412 502
test_Muroran_00130.jpg,1 56 378 221 600 5 136 382 455 597
test_Adachi_00153.jpg,1 275 421 363 599 8 373 330 502 449
test_Numazu_00395.jpg,2 47 377 222 595
test_Numazu_00366.jpg,2 292 368 438 586 2 3 390 109 583 7 83 271 387 336 8 405 364 599 578 8 243 433 326 585
test_Sumida_00166.jpg,2 327 387 393 540
test_Numazu_00259.jpg,1 337 447 419 600 1 462 430 575 539
test_Muroran_00315.jpg,5 84 343 588 599
test_Nagakute_00078.jpg,1 268 325 445 528 2 384 349 600 557 8 1 267 202 523
test_Numazu_00246.jpg,2 261 388 406 594 5 257 378 583 598
test_Chiba_00079.jpg,1 178 463 260 580 1 290 475 369 594
test_Numazu_00323.jpg,7 134 355 600 485
test_Numazu_00397.jpg,2 235 386 326 600
test_Numazu_00235.jpg,1 41 331 207 567 1 311 378 533 587 8 280 291 569 533
test_Numazu_00315.jpg,1 310 416 420 575 8 3 370 112 516 8 407 415 583 590 8 322 338 594 592
test_Chiba_00089.jpg,2 0 183 272 517
test_Adachi_00263.jpg,1 397 352 589 600
test_Adachi_00128.jpg,1 3 310 255 568 5 4 303 243 521
test_Muroran_00007.jpg,5 18 336 504 600
test_Numazu_00277.jpg,8 301 393 570 600 8 8 392 173 538
test_Nagakute_00109.jpg,2 235 292 420 542 2 271 343 473 599 3 71 432 330 492
test_Numazu_00281.jpg,5 22 345 250 571
test_Ichihara_00045.jpg,7 58 441 600 599
test_Muroran_00132.jpg,5 43 375 581 600
test_Muroran_00213.jpg,5 32 376 490 599 5 328 392 505 595
test_Muroran_00120.jpg,1 355 499 464 599 5 0 466 358 599
test_Numazu_00105.jpg,2 337 336 574 583
test_Nagakute_00201.jpg,5 208 406 390 598 8 24 403 186 600
test_Adachi_00096.jpg,2 295 305 414 588
test_Adachi_00270.jpg,2 188 347 256 600
test_Muroran_00419.jpg,5 30 341 550 595 5 277 326 542 564 5 0 334 275 594
test_Adachi_00289.jpg,8 4 294 260 600
test_Muroran_00298.jpg,2 370 384 585 596
test_Numazu_00036.jpg,2 12 280 183 594 5 57 326 316 583 8 349 398 560 595
test_Ichihara_00028.jpg,7 0 460 520 600
test_Numazu_00391.jpg,5 0 362 436 590
test_Nagakute_00244.jpg,1 300 404 420 537 8 2 320 193 502
test_Muroran_00294.jpg,5 142 446 340 600
test_Sumida_00193.jpg,2 188 405 281 542
test_Ichihara_00029.jpg,1 391 404 571 600 8 3 481 178 600
test_Muroran_00143.jpg,1 107 418 259 600 5 6 368 235 585 8 372 394 476 600
test_Sumida_00197.jpg,2 0 183 272 517
test_Sumida_00141.jpg,1 161 461 288 574 8 395 442 589 592 8 175 458 301 575
test_Muroran_00047.jpg,2 173 344 256 600 8 419 390 600 529
test_Muroran_00085.jpg,1 373 414 517 598 5 36 376 371 600
test_Muroran_00244.jpg,5 441 418 596 573 8 496 457 600 567 8 73 332 251 600
test_Muroran_00348.jpg,5 220 338 578 580
test_Nagakute_00250.jpg,7 4 381 600 600
test_Adachi_00154.jpg,1 397 389 570 589 2 399 386 567 600
test_Nagakute_00274.jpg,1 342 435 537 597 5 11 460 221 600 5 0 471 393 597 5 131 482 518 599 8 352 429 542 600
test_Adachi_00085.jpg,2 159 302 265 588
test_Adachi_00261.jpg,2 5 158 155 478
test_Sumida_00031.jpg,8 374 411 554 568
test_Muroran_00100.jpg,5 277 495 439 574
test_Nagakute_00198.jpg,1 247 420 312 600 2 250 407 309 600
test_Nagakute_00139.jpg,1 36 378 153 599 5 278 421 528 597 8 0 295 125 508
test_Numazu_00229.jpg,2 0 308 101 515
test_Adachi_00073.jpg,2 422 467 545 594 8 339 380 446 485 8 353 423 550 485
test_Muroran_00031.jpg,5 27 366 517 600
test_Muroran_00257.jpg,5 38 372 477 597 5 71 336 287 582
test_Muroran_00357.jpg,5 39 408 543 597
test_Numazu_00370.jpg,2 252 363 332 592
test_Nagakute_00168.jpg,4 12 457 471 566 8 3 325 161 479
test_Adachi_00165.jpg,7 27 195 575 398
test_Adachi_00208.jpg,2 117 399 212 512 5 358 323 571 597 5 145 380 600 596 8 421 393 574 600
test_Adachi_00086.jpg,1 152 325 253 512 1 6 322 142 421 1 315 297 422 411
test_Adachi_00273.jpg,2 138 238 291 600 8 216 281 394 425
test_Adachi_00225.jpg,8 21 252 241 527 8 79 141 426 407
test_Adachi_00030.jpg,7 0 175 531 375
test_Muroran_00204.jpg,1 194 329 377 600 5 111 336 437 594
test_Numazu_00240.jpg,2 261 372 416 596
test_Muroran_00328.jpg,1 309 406 373 599 1 169 428 280 600 2 411 335 527 448
test_Sumida_00043.jpg,2 0 183 272 517
test_Adachi_00228.jpg,7 35 331 600 599
test_Muroran_00008.jpg,5 156 334 558 597 5 1 434 156 596 5 8 395 397 600
test_Adachi_00029.jpg,8 2 206 202 367
test_Muroran_00384.jpg,2 382 350 577 594 5 373 368 590 599 5 433 490 574 592
test_Numazu_00250.jpg,2 300 313 568 600 2 100 322 253 588 2 379 399 549 595 8 414 376 586 529
test_Adachi_00240.jpg,2 0 183 272 517
test_Nagakute_00227.jpg,5 167 365 328 533
test_Ichihara_00038.jpg,1 411 392 497 576
test_Nagakute_00127.jpg,1 284 517 396 600
test_Adachi_00197.jpg,2 341 232 421 418 8 396 413 488 585
test_Muroran_00420.jpg,1 323 362 396 474 8 367 392 590 599
test_Adachi_00105.jpg,1 105 212 226 600 2 498 224 598 347 2 114 84 239 389
test_Numazu_00095.jpg,5 236 300 393 593 7 20 405 447 595 8 3 417 300 594
test_Muroran_00297.jpg,2 358 357 585 550 2 434 410 595 566 5 145 428 289 546
test_Nagakute_00226.jpg,1 88 357 176 475 8 261 351 551 593
test_Chiba_00052.jpg,2 0 183 272 517
test_Muroran_00115.jpg,2 300 341 356 599
test_Muroran_00058.jpg,8 0 502 105 600
test_Muroran_00381.jpg,2 118 347 193 588
test_Sumida_00151.jpg,2 370 383 513 549 2 419 434 504 542
test_Nagakute_00173.jpg,1 97 471 497 600 5 49 449 600 600 7 201 335 600 465 7 83 328 591 550
test_Chiba_00034.jpg,2 289 397 411 548
test_Muroran_00059.jpg,2 305 381 374 500 7 14 479 573 600
test_Numazu_00097.jpg,5 115 408 295 598
test_Numazu_00233.jpg,1 148 358 328 577
test_Chiba_00038.jpg,8 306 458 500 599
test_Adachi_00314.jpg,2 373 369 546 600
test_Sumida_00059.jpg,2 327 408 414 545
test_Sumida_00205.jpg,8 381 423 573 568
test_Muroran_00321.jpg,5 112 371 591 600 8 408 501 525 600
test_Nagakute_00016.jpg,5 130 365 367 596 5 374 415 600 599
test_Numazu_00268.jpg,8 120 362 304 600
test_Adachi_00246.jpg,7 0 143 483 329 7 88 143 591 277 8 345 275 436 435
test_Numazu_00384.jpg,7 36 299 583 466
test_Adachi_00087.jpg,2 0 183 272 517
test_Numazu_00170.jpg,7 172 347 509 513
test_Adachi_00127.jpg,1 136 462 214 596 8 363 307 598 564
test_Adachi_00172.jpg,1 136 210 284 469
test_Sumida_00041.jpg,2 0 183 272 517
test_Numazu_00193.jpg,1 47 420 153 575
test_Sumida_00028.jpg,2 365 418 483 552
test_Muroran_00376.jpg,5 54 355 408 521
test_Adachi_00237.jpg,8 269 310 598 520
test_Nagakute_00239.jpg,1 227 413 329 593
test_Ichihara_00042.jpg,1 384 396 512 477 8 0 477 155 598
test_Nagakute_00181.jpg,5 48 353 517 600
test_Sumida_00135.jpg,8 473 505 594 597
test_Numazu_00083.jpg,5 0 350 397 597 8 213 341 508 590
test_Muroran_00180.jpg,2 0 183 272 517
test_Muroran_00269.jpg,5 0 367 567 600
test_Numazu_00030.jpg,8 186 301 345 552 8 159 379 410 595
test_Chiba_00002.jpg,7 0 510 376 599
test_Numazu_00336.jpg,8 387 454 597 597 8 287 342 569 600 8 301 318 486 521 8 67 290 222 586
test_Adachi_00035.jpg,4 231 451 600 547
test_Nagakute_00030.jpg,1 347 455 584 596 2 265 356 356 599
test_Muroran_00035.jpg,1 59 407 217 598 8 450 389 600 512 8 390 441 500 574
test_Muroran_00424.jpg,5 65 411 600 598
test_Muroran_00186.jpg,1 273 334 325 534 8 1 336 221 566 8 358 365 471 507
test_Muroran_00326.jpg,5 51 373 279 600
test_Muroran_00417.jpg,2 393 341 598 597 2 0 397 187 576 8 186 386 337 551
test_Muroran_00398.jpg,5 346 443 560 591
test_Nagakute_00260.jpg,1 108 365 212 533 2 267 294 517 600 3 346 418 568 484 3 239 350 528 537
test_Muroran_00053.jpg,2 0 183 272 517
test_Sumida_00091.jpg,5 160 385 281 484
test_Sumida_00170.jpg,2 313 386 405 533
test_Muroran_00413.jpg,2 419 362 532 599 7 65 301 258 405
test_Muroran_00388.jpg,1 29 346 261 584 5 15 329 289 600 5 90 382 600 595 5 335 453 562 592
test_Adachi_00061.jpg,1 416 248 600 445 2 0 358 157 588 2 418 252 598 446
test_Nagakute_00074.jpg,5 121 337 289 600 8 453 366 599 496
test_Nagakute_00043.jpg,1 121 428 210 596 1 300 389 445 569 8 5 305 210 506
test_Adachi_00196.jpg,2 335 315 557 581
test_Muroran_00078.jpg,5 0 402 123 576
test_Adachi_00013.jpg,2 424 397 544 590
test_Numazu_00064.jpg,2 0 183 272 517
test_Muroran_00273.jpg,2 14 329 194 593
test_Nagakute_00041.jpg,1 227 493 383 600
test_Nagakute_00057.jpg,2 392 476 480 596
test_Ichihara_00002.jpg,1 377 425 530 589 8 21 443 201 597
test_Nagakute_00221.jpg,1 350 457 599 600 3 28 485 263 534
test_Muroran_00109.jpg,5 64 357 538 599
test_Numazu_00161.jpg,8 301 269 591 516 8 8 287 202 466
test_Adachi_00250.jpg,2 302 308 441 596
test_Muroran_00138.jpg,5 113 366 554 598
test_Muroran_00211.jpg,2 183 449 380 593 5 480 455 598 600
test_Nagakute_00061.jpg,7 0 444 490 600
test_Numazu_00006.jpg,2 0 183 272 517
test_Numazu_00353.jpg,2 307 352 471 600
test_Numazu_00201.jpg,2 317 470 387 598 2 444 468 511 598
test_Muroran_00391.jpg,2 336 377 430 599
test_Muroran_00219.jpg,2 341 352 595 568 2 271 365 359 600
test_Sumida_00018.jpg,8 437 487 599 578
test_Numazu_00147.jpg,5 5 422 400 596
test_Muroran_00344.jpg,5 36 397 576 595 5 285 331 584 600
test_Numazu_00013.jpg,2 0 183 272 517
test_Numazu_00261.jpg,2 81 272 232 594 2 83 372 182 585 2 139 269 220 466 5 38 370 209 579
test_Adachi_00098.jpg,1 392 409 485 528 2 162 374 260 586 7 203 302 600 388
test_Nagakute_00113.jpg,2 84 256 251 577
test_Numazu_00110.jpg,2 311 334 587 588 5 150 364 317 596 8 334 342 560 582 8 160 354 295 553
test_Adachi_00321.jpg,2 304 339 475 600
test_Chiba_00061.jpg,2 0 183 272 517
test_Adachi_00217.jpg,7 0 328 494 537
test_Nagakute_00116.jpg,1 329 386 509 598 1 166 433 251 580 1 309 384 418 505
test_Chiba_00011.jpg,2 375 446 593 579
test_Muroran_00310.jpg,1 467 425 596 538
test_Numazu_00178.jpg,5 168 488 340 600
test_Ichihara_00023.jpg,1 398 395 595 583 8 383 386 600 590
test_Adachi_00275.jpg,2 431 304 599 585
test_Numazu_00306.jpg,1 202 278 331 441 1 194 305 273 440
test_Nagakute_00140.jpg,2 237 397 419 600
test_Muroran_00098.jpg,2 391 415 596 593 8 7 481 117 595
test_Nagakute_00031.jpg,7 0 419 579 600
test_Numazu_00063.jpg,5 0 354 452 583 5 13 354 256 536 5 204 319 378 506
test_Muroran_00137.jpg,1 373 408 480 564 1 290 394 424 593
test_Nagakute_00038.jpg,5 133 454 258 557 8 0 402 179 600
test_Nagakute_00262.jpg,1 277 379 413 585 8 0 349 160 509
test_Adachi_00201.jpg,2 315 471 390 599 2 499 486 597 582 8 374 383 478 466
test_Muroran_00111.jpg,5 262 402 459 596 8 343 446 449 600
test_Muroran_00416.jpg,5 293 415 505 502 5 77 395 312 482
test_Chiba_00058.jpg,1 304 432 391 539
test_Nagakute_00149.jpg,2 374 407 524 511
test_Adachi_00318.jpg,7 131 143 589 261
test_Sumida_00056.jpg,7 53 459 547 554
test_Adachi_00161.jpg,8 147 347 456 597
test_Nagakute_00093.jpg,8 18 359 196 598 8 318 398 600 597
test_Nagakute_00147.jpg,1 56 422 181 600
test_Numazu_00093.jpg,2 0 183 272 517
test_Numazu_00192.jpg,2 117 275 212 433 2 18 288 196 600 5 335 321 597 596
test_Nagakute_00072.jpg,1 220 441 277 600
test_Adachi_00020.jpg,1 94 194 260 455 1 83 333 174 509 8 261 117 344 447
test_Sumida_00015.jpg,1 348 453 417 543 8 328 412 464 554
test_Muroran_00068.jpg,5 82 338 284 594 5 410 472 595 597 5 204 459 562 599 5 458 328 595 440 8 412 372 553 505
test_Numazu_00071.jpg,8 26 341 186 588
test_Adachi_00054.jpg,1 4 328 106 431
test_Sumida_00006.jpg,1 81 463 204 554 8 16 463 181 563
test_Numazu_00132.jpg,5 33 340 428 600
test_Muroran_00246.jpg,1 313 349 425 600
test_Numazu_00401.jpg,1 136 397 238 551 8 318 387 597 600
test_Numazu_00103.jpg,5 233 371 559 528
test_Sumida_00016.jpg,2 219 433 295 545
test_Muroran_00255.jpg,5 25 313 506 599 5 225 338 600 596
test_Numazu_00078.jpg,6 132 382 354 598
test_Muroran_00343.jpg,2 0 183 272 517
test_Nagakute_00066.jpg,2 278 355 326 595
test_Muroran_00060.jpg,1 419 441 600 580 1 121 454 216 594
test_Numazu_00350.jpg,2 309 321 362 588
test_Chiba_00021.jpg,1 440 478 586 579 5 308 462 394 586
test_Nagakute_00197.jpg,2 143 396 198 595
test_Adachi_00268.jpg,1 247 322 366 433
test_Muroran_00245.jpg,2 244 365 311 600 3 85 503 309 556
test_Numazu_00220.jpg,5 248 319 517 588 6 254 340 497 578
test_Muroran_00117.jpg,2 193 422 283 599 2 0 409 176 563
test_Adachi_00088.jpg,2 188 281 273 484 2 36 261 217 570
test_Numazu_00308.jpg,5 52 481 227 598
test_Muroran_00183.jpg,5 112 293 489 600 5 240 333 597 594 5 7 324 345 592
test_Sumida_00055.jpg,8 384 431 540 560 8 117 441 232 558
test_Nagakute_00265.jpg,2 346 360 600 595 2 147 310 273 535 8 330 363 600 600
test_Sumida_00195.jpg,2 0 183 272 517
test_Nagakute_00135.jpg,1 164 504 346 594 8 8 377 211 600 8 352 368 600 586
test_Sumida_00063.jpg,2 398 420 600 529 2 149 427 285 527
test_Adachi_00099.jpg,8 39 288 204 600
test_Adachi_00257.jpg,7 34 175 526 308
test_Numazu_00088.jpg,5 47 393 501 600 5 314 440 600 596 8 6 359 194 598 8 411 472 589 597 8 1 442 130 600
test_Chiba_00068.jpg,2 0 183 272 517
test_Muroran_00070.jpg,2 151 340 268 600
test_Sumida_00224.jpg,7 139 430 600 551
test_Nagakute_00007.jpg,2 49 332 245 600 5 146 324 583 590 5 199 362 423 595
test_Muroran_00286.jpg,5 56 373 481 600
test_Numazu_00090.jpg,2 313 409 407 587 4 102 383 336 426
test_Numazu_00251.jpg,8 331 418 449 538
test_Muroran_00012.jpg,5 353 391 596 595
test_Nagakute_00025.jpg,1 58 398 163 544
test_Muroran_00352.jpg,5 110 362 600 594 5 90 410 428 598
test_Muroran_00278.jpg,2 0 183 272 517
test_Muroran_00116.jpg,6 78 380 596 588
test_Numazu_00113.jpg,1 352 344 580 593 2 112 304 239 588 5 335 340 585 583 8 8 300 187 494 8 103 306 242 592
test_Muroran_00262.jpg,5 115 323 576 600
test_Muroran_00243.jpg,2 413 393 519 521 5 184 322 536 589 5 218 360 378 584 8 5 278 226 600
test_Sumida_00044.jpg,2 358 415 476 548
test_Sumida_00052.jpg,2 106 410 248 565
test_Sumida_00095.jpg,1 160 399 261 495
test_Muroran_00422.jpg,1 63 367 170 584
test_Adachi_00120.jpg,2 379 243 561 526
test_Muroran_00342.jpg,2 386 409 594 592 5 0 366 374 595 5 187 419 501 599
test_Nagakute_00004.jpg,1 431 457 582 596 5 88 465 258 600
test_Sumida_00035.jpg,2 325 406 410 541 8 474 441 597 515
test_Adachi_00287.jpg,2 429 331 580 525
test_Adachi_00139.jpg,1 451 420 589 598
test_Adachi_00070.jpg,2 346 367 512 599
test_Muroran_00022.jpg,5 33 447 352 599 8 318 377 384 549
test_Nagakute_00134.jpg,1 1 428 249 600 2 240 315 405 587
test_Sumida_00046.jpg,2 318 407 378 543
test_Sumida_00087.jpg,2 379 425 488 576
test_Numazu_00221.jpg,2 273 370 345 598 2 246 301 360 600 8 307 329 395 436
test_Nagakute_00096.jpg,1 338 376 470 543 1 191 491 333 595 2 13 284 142 396
test_Sumida_00027.jpg,1 340 429 407 551
test_Adachi_00296.jpg,2 371 313 597 559
test_Ichihara_00014.jpg,1 156 483 265 600 2 416 432 598 582
test_Muroran_00091.jpg,1 8 420 171 600 1 206 459 362 600 1 34 417 144 540 2 306 350 483 595 8 311 354 416 477
test_Adachi_00330.jpg,5 155 220 350 347 5 391 216 592 365 5 165 210 600 364 7 112 258 594 600
test_Adachi_00315.jpg,7 51 181 551 273
test_Sumida_00082.jpg,2 0 183 272 517
test_Muroran_00247.jpg,8 67 371 208 598
test_Nagakute_00032.jpg,2 131 357 222 600
test_Sumida_00053.jpg,8 339 424 430 538
test_Adachi_00277.jpg,2 6 343 105 473
test_Sumida_00128.jpg,8 71 392 172 541
test_Muroran_00172.jpg,5 0 393 470 600
test_Nagakute_00248.jpg,1 67 463 186 593 8 232 315 600 593
test_Numazu_00062.jpg,5 282 412 534 593 5 75 400 197 542 8 264 304 581 545
test_Muroran_00083.jpg,5 232 314 353 499 5 223 323 585 579
test_Nagakute_00259.jpg,1 311 387 492 598 8 3 316 217 600
test_Numazu_00239.jpg,6 231 426 392 518
test_Muroran_00335.jpg,5 347 412 585 600 5 46 337 229 594 5 7 350 442 596
test_Nagakute_00235.jpg,1 251 430 457 593 8 2 336 187 508
test_Numazu_00212.jpg,8 318 431 597 599
test_Numazu_00342.jpg,1 102 362 272 598
test_Nagakute_00176.jpg,1 405 459 503 596 2 147 400 240 595
test_Muroran_00003.jpg,5 138 363 451 595
test_Muroran_00409.jpg,5 68 370 548 598
test_Nagakute_00246.jpg,2 252 371 339 600
test_Numazu_00206.jpg,2 0 183 272 517
test_Sumida_00212.jpg,2 0 183 272 517
test_Numazu_00053.jpg,1 352 378 499 586 2 357 376 496 577 8 398 371 596 570
test_Sumida_00156.jpg,2 193 448 269 559
test_Muroran_00142.jpg,2 0 183 272 517
test_Nagakute_00130.jpg,1 176 435 246 599
test_Numazu_00389.jpg,5 4 351 586 597
test_Adachi_00185.jpg,1 236 358 408 600
test_Sumida_00007.jpg,1 153 426 327 531 5 156 431 348 538 8 6 417 86 549
test_Muroran_00052.jpg,1 73 391 310 584 1 407 369 593 512
test_Chiba_00041.jpg,2 0 183 272 517
test_Numazu_00072.jpg,8 2 284 202 504
test_Sumida_00076.jpg,2 344 430 414 558
test_Sumida_00186.jpg,8 391 451 594 598
test_Sumida_00088.jpg,2 0 183 272 517
test_Sumida_00080.jpg,8 332 396 430 536
test_Sumida_00019.jpg,7 108 464 600 570
test_Sumida_00131.jpg,8 148 433 263 561
test_Muroran_00206.jpg,5 0 360 336 595
test_Adachi_00238.jpg,2 225 195 286 492
test_Muroran_00263.jpg,1 280 389 469 600 5 0 392 71 596 5 292 387 472 597
test_Muroran_00128.jpg,2 424 376 580 520
test_Numazu_00272.jpg,5 209 320 362 584 8 301 314 394 439
test_Muroran_00300.jpg,3 336 526 519 585
test_Adachi_00220.jpg,2 0 183 272 517
test_Sumida_00137.jpg,2 10 430 164 538 2 335 436 411 545
test_Muroran_00318.jpg,2 301 373 354 599 5 4 434 226 599
test_Numazu_00343.jpg,7 0 398 538 599
test_Adachi_00198.jpg,2 349 302 592 545
test_Muroran_00252.jpg,2 298 312 374 564
test_Sumida_00145.jpg,8 377 437 552 561
test_Muroran_00224.jpg,5 3 373 239 589 8 322 405 408 592
test_Muroran_00334.jpg,2 276 350 496 540 2 248 326 439 486
test_Numazu_00360.jpg,1 173 305 252 565 5 0 276 267 593 8 316 296 578 584 8 0 287 160 489
test_Muroran_00401.jpg,8 310 429 410 594
test_Nagakute_00067.jpg,1 137 385 357 594
test_Nagakute_00019.jpg,2 395 306 591 487
test_Numazu_00197.jpg,2 0 183 272 517
test_Muroran_00113.jpg,5 124 370 320 600 5 400 363 592 567
test_Nagakute_00153.jpg,7 0 427 555 600
test_Sumida_00064.jpg,2 109 403 198 523
test_Muroran_00216.jpg,5 10 366 521 600 5 0 364 212 600
test_Numazu_00208.jpg,1 261 450 337 596 1 252 424 409 598 8 324 422 432 510
test_Sumida_00013.jpg,2 415 450 598 597
test_Nagakute_00183.jpg,1 192 412 313 599 8 3 363 124 515
test_Muroran_00379.jpg,5 138 428 309 600
test_Adachi_00223.jpg,2 0 183 272 517
test_Nagakute_00048.jpg,1 54 428 193 594 2 258 375 419 598 8 270 384 415 599
test_Muroran_00241.jpg,1 173 293 248 435 2 176 290 248 431 7 0 422 490 597 8 57 300 192 428
test_Adachi_00059.jpg,2 118 279 293 595
test_Sumida_00144.jpg,8 455 463 596 566
test_Adachi_00160.jpg,2 313 335 396 569
test_Muroran_00154.jpg,5 73 392 475 599
test_Adachi_00138.jpg,2 433 295 597 553
test_Numazu_00400.jpg,2 112 417 196 600 2 271 382 352 600 2 126 399 337 600
test_Muroran_00067.jpg,1 358 418 562 600 5 364 420 549 598 8 108 440 251 600
test_Muroran_00026.jpg,2 119 355 274 600 2 324 320 513 600
test_Adachi_00179.jpg,5 240 351 568 600 5 0 420 513 600 8 287 322 530 592
test_Chiba_00063.jpg,8 445 473 600 580
test_Sumida_00167.jpg,8 406 455 588 600
test_Adachi_00231.jpg,1 382 179 596 481 1 159 128 290 508 1 293 134 556 414
test_Adachi_00260.jpg,2 443 346 595 484
test_Sumida_00024.jpg,2 211 395 301 521 8 351 429 447 538
test_Nagakute_00122.jpg,2 234 318 353 521 3 99 377 284 432
test_Adachi_00320.jpg,1 149 256 231 415 2 350 166 459 518 2 310 134 424 432
test_Numazu_00159.jpg,1 7 407 176 598
test_Adachi_00074.jpg,1 424 420 567 600
test_Muroran_00405.jpg,2 267 323 437 595
test_Chiba_00039.jpg,2 0 183 272 517
test_Muroran_00066.jpg,5 0 370 478 596
test_Muroran_00148.jpg,2 311 388 367 527 8 498 471 598 593 8 73 391 271 600
test_Muroran_00144.jpg,5 65 441 477 598
test_Muroran_00013.jpg,2 0 183 272 517
test_Sumida_00036.jpg,2 23 439 201 570
test_Muroran_00228.jpg,2 198 412 371 599 5 204 433 516 598
test_Muroran_00349.jpg,2 134 333 210 599 8 312 376 418 482
test_Muroran_00364.jpg,8 119 379 281 600
test_Sumida_00202.jpg,2 259 423 313 562
test_Adachi_00302.jpg,2 0 183 272 517
test_Nagakute_00182.jpg,8 288 327 484 565
test_Nagakute_00242.jpg,2 0 384 182 600 2 294 357 434 600
test_Chiba_00082.jpg,2 0 183 272 517
test_Ichihara_00019.jpg,1 237 493 337 595 8 4 436 210 597
test_Numazu_00237.jpg,5 51 396 410 600 5 75 430 217 598 5 234 414 428 597
test_Muroran_00353.jpg,2 0 183 272 517
test_Sumida_00021.jpg,2 0 183 272 517
test_Numazu_00325.jpg,2 0 183 272 517
test_Numazu_00262.jpg,1 51 359 184 460 8 299 283 563 575 8 194 426 303 597
test_Numazu_00207.jpg,7 194 264 455 340
test_Adachi_00215.jpg,2 346 201 524 596
test_Muroran_00412.jpg,5 13 358 478 600 5 207 372 590 600
test_Adachi_00324.jpg,2 164 373 279 595 2 414 397 591 542
test_Numazu_00141.jpg,2 240 344 336 592 8 296 327 520 600
test_Sumida_00122.jpg,7 57 439 532 525
test_Sumida_00116.jpg,2 0 183 272 517
test_Nagakute_00258.jpg,5 355 450 489 564
test_Adachi_00002.jpg,2 73 179 291 600 2 147 194 290 493
test_Sumida_00200.jpg,1 258 438 363 559
test_Numazu_00198.jpg,1 244 305 390 557 5 123 335 600 588 5 238 320 381 598
test_Numazu_00059.jpg,7 8 363 582 585
test_Muroran_00258.jpg,1 13 355 171 600 1 240 350 361 587 5 10 340 176 597 8 359 414 535 597
test_Numazu_00016.jpg,2 295 316 463 560
test_Muroran_00044.jpg,5 46 365 600 600 5 4 403 362 598
test_Sumida_00104.jpg,2 243 408 384 536
test_Nagakute_00261.jpg,8 9 331 212 529
test_Sumida_00211.jpg,8 340 403 547 560
test_Adachi_00022.jpg,1 287 486 401 599 1 188 351 272 488
test_Adachi_00095.jpg,2 190 349 287 596
test_Muroran_00272.jpg,1 67 335 277 575 2 372 398 535 571 8 373 405 533 564
test_Adachi_00294.jpg,2 348 240 511 553 2 397 321 541 589 2 357 247 460 440 7 185 189 525 249
test_Adachi_00084.jpg,1 382 475 488 598 8 46 405 268 599
test_Muroran_00127.jpg,5 264 459 400 593 8 411 332 591 453
test_Adachi_00019.jpg,8 352 439 478 599
test_Adachi_00136.jpg,2 292 88 465 253 7 0 242 545 599
test_Sumida_00154.jpg,8 249 406 343 452
test_Numazu_00188.jpg,1 389 371 549 501
test_Nagakute_00141.jpg,3 139 372 312 428
test_Adachi_00091.jpg,1 138 382 311 598
test_Chiba_00044.jpg,2 0 183 272 517
test_Muroran_00082.jpg,5 0 316 519 597
test_Muroran_00050.jpg,5 191 362 600 596
test_Nagakute_00105.jpg,2 342 452 488 600
test_Muroran_00167.jpg,5 0 330 404 596
test_Sumida_00017.jpg,1 196 427 309 527
test_Adachi_00063.jpg,2 477 284 595 439
test_Numazu_00387.jpg,1 263 386 322 586
test_Numazu_00399.jpg,5 347 370 574 567 6 0 312 307 508
test_Sumida_00103.jpg,7 125 468 600 569
test_Muroran_00057.jpg,5 228 380 514 571 6 269 379 464 541
test_Muroran_00061.jpg,1 428 339 592 524 2 281 420 340 596 2 238 353 351 600 8 78 10 489 166
test_Muroran_00077.jpg,5 33 377 351 600
test_Nagakute_00028.jpg,2 116 448 193 597
test_Muroran_00331.jpg,5 0 322 94 515 7 95 356 582 521
test_Numazu_00040.jpg,8 23 273 213 600 8 360 326 596 479
test_Ichihara_00032.jpg,7 38 475 600 600
test_Muroran_00170.jpg,2 0 183 272 517
test_Muroran_00185.jpg,5 52 328 560 600 5 0 292 297 600
test_Nagakute_00110.jpg,2 327 229 573 499 8 15 268 238 554
test_Nagakute_00210.jpg,8 57 398 283 505
test_Muroran_00250.jpg,2 390 371 509 563 5 148 408 285 592 5 91 401 567 595 8 273 470 337 599
test_Chiba_00037.jpg,7 161 492 600 593
test_Sumida_00221.jpg,2 0 183 272 517
test_Numazu_00152.jpg,2 0 183 272 517
test_Muroran_00182.jpg,1 187 413 272 592
test_Sumida_00089.jpg,7 70 442 600 545
test_Muroran_00288.jpg,5 128 336 505 593
test_Muroran_00150.jpg,5 266 297 464 445 5 227 421 576 600 5 249 284 517 550
test_Chiba_00031.jpg,2 73 462 193 596
test_Sumida_00075.jpg,2 215 400 289 546
test_Numazu_00075.jpg,5 106 405 260 595
test_Numazu_00234.jpg,1 241 373 304 578
test_Numazu_00091.jpg,1 188 403 267 594 1 282 439 443 596 8 20 278 212 600
test_Chiba_00094.jpg,2 0 183 272 517
test_Adachi_00078.jpg,1 370 305 514 463 8 376 248 597 434
test_Sumida_00012.jpg,2 371 441 503 592
test_Muroran_00306.jpg,2 285 343 336 600
test_Sumida_00073.jpg,2 255 403 348 538
test_Muroran_00171.jpg,5 59 354 600 596
test_Muroran_00105.jpg,8 376 505 520 598
test_Nagakute_00263.jpg,1 296 357 491 575
test_Adachi_00062.jpg,7 51 360 542 494
test_Adachi_00122.jpg,1 143 244 381 575
test_Sumida_00121.jpg,8 2 436 226 571
test_Muroran_00380.jpg,1 123 456 241 596 8 395 414 591 600
test_Adachi_00016.jpg,1 380 344 506 599
test_Muroran_00187.jpg,5 0 374 443 600 5 201 359 416 584
test_Adachi_00221.jpg,1 383 415 480 534 8 395 377 554 551
test_Adachi_00317.jpg,2 0 342 154 496 8 447 367 596 493
test_Adachi_00207.jpg,1 419 214 594 449
test_Adachi_00218.jpg,2 448 208 561 532 7 0 224 363 527
test_Adachi_00015.jpg,1 110 118 252 512
test_Adachi_00209.jpg,1 398 282 520 457 2 2 167 173 488
test_Numazu_00186.jpg,5 244 337 558 524 5 264 337 432 472
test_Numazu_00304.jpg,2 283 252 583 580 8 288 262 600 597
test_Sumida_00222.jpg,2 0 183 272 517
test_Numazu_00153.jpg,8 397 398 600 600
test_Nagakute_00273.jpg,1 71 473 159 599 2 240 226 312 512 5 308 316 577 592 8 4 234 210 583
test_Muroran_00032.jpg,5 38 334 467 595 5 185 380 581 593 5 376 401 590 579 8 385 379 600 567
test_Numazu_00377.jpg,2 79 345 253 587
test_Adachi_00234.jpg,2 0 183 272 517
test_Nagakute_00272.jpg,1 444 419 580 528
test_Chiba_00060.jpg,8 201 473 328 592
test_Numazu_00182.jpg,1 291 442 427 598 1 63 509 156 599 2 294 422 422 600 5 285 444 422 600
test_Adachi_00293.jpg,2 0 183 272 517
test_Ichihara_00005.jpg,2 470 430 596 556
test_Nagakute_00118.jpg,8 325 360 594 600
test_Sumida_00054.jpg,2 0 183 272 517
test_Numazu_00054.jpg,2 249 370 346 600
test_Nagakute_00188.jpg,8 291 380 501 597
test_Numazu_00058.jpg,5 67 424 351 595
test_Adachi_00082.jpg,2 88 265 258 447 2 502 237 598 374
test_Muroran_00307.jpg,5 81 402 571 600 5 0 463 69 592
test_Adachi_00003.jpg,2 0 322 171 471
test_Muroran_00010.jpg,2 142 379 275 600 2 302 367 352 600
test_Numazu_00404.jpg,6 218 358 497 582
test_Numazu_00227.jpg,5 104 404 595 599 8 43 355 226 590
test_Nagakute_00011.jpg,5 118 312 531 541 7 91 312 549 567 8 210 314 519 549
test_Muroran_00254.jpg,1 377 382 588 580 1 355 361 532 516 1 99 369 192 471 8 343 389 434 527 8 7 380 165 566
test_Nagakute_00033.jpg,1 74 489 159 600 2 231 357 504 600
test_Muroran_00175.jpg,5 65 393 531 596
test_Sumida_00057.jpg,7 189 433 583 541
test_Numazu_00122.jpg,1 2 391 132 578
test_Sumida_00127.jpg,2 0 183 272 517
test_Sumida_00149.jpg,2 0 183 272 517
test_Numazu_00024.jpg,2 182 384 247 590 3 228 427 474 483 8 372 341 600 562 8 1 335 153 525
test_Nagakute_00005.jpg,5 52 416 295 599
test_Chiba_00093.jpg,5 295 457 375 596
test_Muroran_00358.jpg,2 0 183 272 517
test_Sumida_00092.jpg,2 0 183 272 517
test_Adachi_00093.jpg,2 214 349 271 600 2 220 290 286 528 8 165 340 600 554 8 111 335 522 469
test_Numazu_00106.jpg,5 99 407 600 586
test_Muroran_00051.jpg,1 9 441 163 597 5 263 323 535 600 5 5 379 158 535
test_Muroran_00209.jpg,5 95 347 600 595
test_Nagakute_00024.jpg,5 0 449 349 599
test_Sumida_00183.jpg,2 0 183 272 517
test_Numazu_00079.jpg,1 212 411 279 578 8 282 389 576 595
test_Adachi_00056.jpg,2 347 241 508 547 2 399 333 538 590 2 358 248 461 447 7 179 191 519 250
test_Numazu_00158.jpg,2 313 287 473 573
test_Nagakute_00269.jpg,5 0 331 418 584
test_Sumida_00177.jpg,2 0 183 272 517
test_Numazu_00050.jpg,7 48 392 600 584
test_Nagakute_00223.jpg,5 204 388 412 545
test_Numazu_00236.jpg,5 0 341 470 600 6 40 370 277 587
test_Muroran_00362.jpg,5 193 367 464 600 8 472 462 600 583
test_Muroran_00316.jpg,5 70 356 290 599
test_Numazu_00167.jpg,7 0 376 493 600
test_Nagakute_00207.jpg,2 258 244 465 563 2 313 264 592 518 3 359 408 546 475
test_Numazu_00253.jpg,2 295 305 537 585
test_Chiba_00003.jpg,2 402 447 571 581 8 97 494 297 598
test_Muroran_00118.jpg,2 299 383 361 597 5 329 414 600 600
test_Nagakute_00082.jpg,1 409 365 600 520 1 406 377 515 476 2 100 351 280 599
test_Adachi_00202.jpg,2 104 375 310 578
test_Muroran_00411.jpg,5 0 359 426 597
test_Adachi_00076.jpg,8 188 280 520 548 8 59 275 335 524 8 303 190 592 534
test_Muroran_00369.jpg,7 0 433 533 600
test_Muroran_00400.jpg,2 346 437 437 599 6 10 408 266 594
test_Adachi_00316.jpg,1 175 394 239 593
test_Ichihara_00016.jpg,2 0 183 272 517
test_Nagakute_00271.jpg,1 326 364 572 597 1 425 429 570 595 2 319 460 406 594 8 83 263 224 600
test_Muroran_00166.jpg,5 39 404 554 592
test_Nagakute_00107.jpg,2 138 377 224 600 8 262 331 505 585
test_Chiba_00032.jpg,1 409 456 580 591
test_Muroran_00191.jpg,1 0 451 354 593 5 86 455 600 600
test_Adachi_00278.jpg,8 358 303 600 530
test_Numazu_00392.jpg,2 273 321 349 580
test_Numazu_00314.jpg,2 263 386 331 600
test_Numazu_00015.jpg,5 19 293 382 584
test_Adachi_00310.jpg,2 308 99 419 512 2 329 209 448 583
test_Nagakute_00018.jpg,1 6 379 121 495
test_Chiba_00009.jpg,8 222 507 389 595
test_Sumida_00178.jpg,2 0 183 272 517
test_Nagakute_00050.jpg,8 259 398 381 600
test_Numazu_00026.jpg,1 261 314 381 445
test_Muroran_00393.jpg,5 44 400 530 600
test_Numazu_00044.jpg,2 126 286 231 589
test_Muroran_00291.jpg,1 231 336 298 600
test_Muroran_00363.jpg,1 168 481 260 599 2 413 387 583 559 3 350 530 557 596 8 400 379 583 560
test_Adachi_00169.jpg,1 182 314 305 572 2 344 294 600 422
test_Adachi_00267.jpg,2 390 283 467 519
test_Chiba_00028.jpg,2 0 183 272 517
test_Sumida_00214.jpg,8 74 455 207 566
test_Adachi_00044.jpg,2 91 146 230 426 2 4 153 155 285 2 56 201 189 525
test_Muroran_00203.jpg,5 184 350 509 509 5 129 361 600 567
test_Numazu_00305.jpg,1 17 460 196 598 1 0 425 309 582 8 0 420 365 541
test_Muroran_00168.jpg,5 240 363 600 594
test_Numazu_00140.jpg,8 193 520 600 600
test_Numazu_00008.jpg,2 0 183 272 517
test_Chiba_00062.jpg,2 0 183 272 517
test_Nagakute_00165.jpg,2 4 362 191 592 4 19 366 573 458 4 171 479 600 584
test_Sumida_00155.jpg,2 72 420 437 556 2 144 433 275 555
test_Muroran_00129.jpg,2 360 363 572 596 2 104 434 205 600 2 109 347 246 600
test_Sumida_00129.jpg,2 184 445 306 565 2 406 451 568 589
test_Chiba_00024.jpg,2 0 183 272 517
test_Sumida_00189.jpg,1 294 418 372 531
test_Muroran_00114.jpg,2 382 496 479 598
test_Sumida_00163.jpg,2 0 183 272 517
test_Numazu_00156.jpg,2 308 307 484 567 3 244 392 422 448 8 318 316 589 549
test_Numazu_00334.jpg,1 218 458 300 588
test_Muroran_00139.jpg,2 0 183 272 517
test_Sumida_00113.jpg,2 0 183 272 517
test_Ichihara_00018.jpg,8 428 414 600 551
test_Adachi_00011.jpg,2 224 315 473 578 8 4 253 94 429
test_Sumida_00011.jpg,2 111 478 247 577 5 248 441 420 572 8 385 425 513 579
test_Nagakute_00129.jpg,2 236 335 470 598 5 260 375 585 598
test_Adachi_00170.jpg,1 417 352 599 528 5 236 356 538 598
test_Adachi_00239.jpg,1 486 383 595 548
test_Numazu_00300.jpg,2 281 410 364 519 2 85 383 188 504
test_Sumida_00107.jpg,2 0 183 272 517
test_Numazu_00166.jpg,1 65 403 190 595 8 3 293 186 559 8 0 396 90 552
test_Numazu_00319.jpg,2 0 183 272 517
test_Muroran_00146.jpg,5 268 458 598 600
test_Nagakute_00169.jpg,2 226 307 371 590 2 234 310 328 477 3 47 452 331 505
test_Nagakute_00264.jpg,5 48 321 411 591
test_Sumida_00174.jpg,8 406 395 599 571
test_Numazu_00135.jpg,1 31 340 503 596 1 171 353 255 586 2 2 332 142 501
test_Numazu_00345.jpg,2 0 183 272 517
test_Muroran_00327.jpg,2 273 318 333 600 8 464 489 582 600
test_Nagakute_00189.jpg,1 270 435 450 560 1 281 425 379 543
test_Chiba_00071.jpg,2 0 183 272 517
test_Muroran_00096.jpg,5 268 459 397 595 8 410 330 591 449
test_Sumida_00153.jpg,8 342 409 425 553
test_Nagakute_00088.jpg,1 0 349 252 578 8 309 348 542 595
test_Numazu_00002.jpg,2 0 183 272 517
test_Numazu_00124.jpg,1 128 408 228 594 2 283 298 495 586 8 422 360 598 502
test_Muroran_00027.jpg,5 206 488 309 600
test_Nagakute_00205.jpg,2 303 387 438 600
test_Numazu_00341.jpg,2 167 288 439 585 2 246 386 457 592 8 368 380 534 530
test_Adachi_00175.jpg,2 370 323 438 590
test_Muroran_00157.jpg,2 200 304 282 571
test_Adachi_00057.jpg,2 0 183 272 517
test_Adachi_00306.jpg,2 251 268 424 573
test_Muroran_00087.jpg,5 237 391 492 599
test_Adachi_00119.jpg,7 64 320 600 561
test_Muroran_00225.jpg,1 218 402 348 579 8 4 369 290 581
test_Adachi_00144.jpg,7 0 309 443 398 8 309 376 560 577
test_Muroran_00237.jpg,1 178 371 314 584 1 435 382 595 585 8 362 407 512 586
test_Adachi_00254.jpg,2 322 144 454 524 8 7 151 179 367
test_Nagakute_00060.jpg,2 0 183 272 517
test_Adachi_00325.jpg,2 10 320 202 474
test_Numazu_00121.jpg,4 76 375 565 472
test_Sumida_00179.jpg,2 357 423 472 536
test_Muroran_00094.jpg,2 311 496 352 600
test_Adachi_00300.jpg,1 258 499 351 599
test_Muroran_00043.jpg,1 0 306 366 558 5 37 313 489 595
test_Adachi_00188.jpg,1 332 328 381 575
test_Nagakute_00131.jpg,1 49 346 211 496 1 284 357 392 530 8 0 342 187 517
test_Chiba_00087.jpg,1 349 499 446 586 2 486 475 598 576 8 180 478 324 561
test_Adachi_00042.jpg,8 387 213 600 552
test_Nagakute_00270.jpg,1 48 351 202 518 1 244 355 333 539 8 0 296 211 465
test_Muroran_00320.jpg,5 250 372 594 596
test_Adachi_00210.jpg,8 76 365 404 599
test_Muroran_00124.jpg,3 23 482 291 541 5 322 342 486 593 8 367 408 455 594
test_Nagakute_00179.jpg,7 297 382 600 592
test_Numazu_00270.jpg,7 290 416 600 545
test_Chiba_00091.jpg,2 0 183 272 517
test_Muroran_00165.jpg,5 306 313 600 586 8 410 398 565 565
test_Numazu_00074.jpg,2 267 271 472 584 8 270 288 462 549
test_Ichihara_00039.jpg,7 170 443 600 599
test_Adachi_00229.jpg,1 431 465 570 589 2 435 456 577 599
test_Sumida_00187.jpg,2 348 399 508 548
test_Nagakute_00006.jpg,5 0 383 312 600
test_Adachi_00118.jpg,2 0 183 272 517
test_Sumida_00039.jpg,7 0 434 453 532
test_Adachi_00272.jpg,2 354 209 532 546 8 1 173 260 592 8 375 209 575 349
test_Adachi_00235.jpg,7 45 156 574 286
test_Sumida_00065.jpg,1 332 424 426 525
test_Numazu_00287.jpg,1 6 443 146 591
test_Sumida_00219.jpg,2 230 388 313 532 2 344 393 442 539 8 365 397 600 569
test_Sumida_00132.jpg,2 392 442 501 558
test_Nagakute_00119.jpg,5 296 395 456 562
test_Adachi_00280.jpg,2 0 183 272 517
test_Nagakute_00231.jpg,1 171 347 273 467 2 301 307 348 475 8 120 314 265 476
test_Muroran_00280.jpg,2 271 351 328 535 5 204 410 600 600 8 422 509 536 600
test_Sumida_00220.jpg,2 207 397 288 542
test_Numazu_00329.jpg,1 221 309 363 474 1 192 324 269 454 8 41 252 231 577 8 318 300 600 480
test_Muroran_00215.jpg,5 205 435 583 597
test_Adachi_00186.jpg,2 38 228 210 517 2 159 231 227 517 3 107 226 544 332
test_Numazu_00245.jpg,6 163 289 322 593
test_Chiba_00059.jpg,2 0 183 272 517
test_Nagakute_00069.jpg,8 296 368 570 600
test_Numazu_00362.jpg,2 235 361 317 581 5 452 453 597 594
test_Sumida_00066.jpg,5 58 432 362 557
test_Sumida_00157.jpg,8 141 407 270 549 8 348 426 460 551
test_Numazu_00162.jpg,1 285 329 439 507 8 0 283 201 599
test_Muroran_00325.jpg,1 55 371 187 556 1 236 383 291 586
test_Sumida_00218.jpg,2 243 400 299 531
test_Muroran_00274.jpg,2 0 183 272 517
test_Numazu_00085.jpg,5 99 367 531 591
test_Nagakute_00195.jpg,2 0 183 272 517
test_Sumida_00172.jpg,7 115 448 576 549
test_Nagakute_00253.jpg,8 346 479 499 600
test_Numazu_00145.jpg,2 313 335 485 587
test_Ichihara_00036.jpg,7 79 430 600 597
test_Ichihara_00015.jpg,2 0 183 272 517
test_Numazu_00367.jpg,5 94 427 231 588
test_Numazu_00031.jpg,1 321 327 529 562 5 312 329 528 563 8 3 239 222 584
test_Numazu_00402.jpg,2 0 183 272 517
test_Nagakute_00211.jpg,2 396 478 596 600
test_Adachi_00023.jpg,2 84 295 237 564 8 283 239 490 296
test_Muroran_00081.jpg,2 391 397 558 581
test_Nagakute_00098.jpg,8 293 303 600 581
test_Adachi_00047.jpg,1 108 303 280 548 1 140 302 237 496
test_Numazu_00019.jpg,5 108 467 457 596 8 297 423 519 600 8 1 448 119 567
test_Adachi_00097.jpg,1 0 318 115 463 1 6 317 169 540
test_Nagakute_00200.jpg,2 296 393 563 596
test_Numazu_00012.jpg,1 18 286 185 455 5 437 356 593 519 8 6 280 197 467
test_Adachi_00071.jpg,2 328 296 407 422
test_Numazu_00200.jpg,5 210 341 535 600
test_Sumida_00090.jpg,8 259 432 344 580
test_Numazu_00322.jpg,2 366 354 600 585
test_Muroran_00097.jpg,5 134 459 427 540 5 355 310 519 470 8 345 360 507 552 8 401 426 558 600
test_Muroran_00372.jpg,1 382 382 600 598
test_Adachi_00037.jpg,2 0 183 272 517
test_Muroran_00301.jpg,2 0 183 272 517
test_Muroran_00355.jpg,2 178 343 311 597 5 332 317 571 600 5 167 354 313 547
test_Sumida_00158.jpg,2 142 391 257 528
test_Numazu_00043.jpg,2 299 458 384 598
test_Nagakute_00037.jpg,7 5 377 571 566
test_Numazu_00213.jpg,1 118 364 549 578 3 114 394 518 558 8 6 263 284 482 8 470 302 594 545
test_Numazu_00195.jpg,5 0 421 322 596
test_Sumida_00032.jpg,7 106 497 600 593
test_Muroran_00267.jpg,5 73 316 526 571 5 278 322 600 600
test_Numazu_00289.jpg,5 167 405 600 600 5 168 399 345 600 5 364 446 600 600
test_Numazu_00199.jpg,8 326 323 597 559 8 0 316 121 465
test_Nagakute_00051.jpg,1 85 412 207 593 8 277 332 589 599 8 8 314 181 532
test_Nagakute_00106.jpg,2 0 183 272 517
test_Numazu_00283.jpg,2 114 423 190 580 5 122 407 267 588 5 88 314 600 589
test_Numazu_00109.jpg,1 105 304 383 592 1 142 329 331 515 1 225 405 366 577
test_Muroran_00064.jpg,5 101 371 600 594 5 0 424 492 579
test_Muroran_00330.jpg,5 179 327 348 415 5 43 387 600 588
test_Nagakute_00063.jpg,2 0 312 193 500 2 227 309 303 600 5 171 410 270 597
test_Adachi_00304.jpg,2 472 409 600 565
test_Muroran_00049.jpg,5 34 343 297 596
test_Numazu_00150.jpg,5 108 358 600 541 5 365 366 600 522
test_Nagakute_00251.jpg,8 364 336 596 548
test_Adachi_00156.jpg,7 0 237 506 444
test_Ichihara_00010.jpg,8 284 416 335 596
test_Numazu_00242.jpg,5 287 374 591 589 8 101 261 267 599
test_Adachi_00038.jpg,2 381 390 594 557
test_Muroran_00259.jpg,2 0 183 272 517
test_Numazu_00068.jpg,1 403 443 568 598 5 119 396 422 596
test_Muroran_00266.jpg,5 70 366 573 600
test_Adachi_00171.jpg,2 333 300 592 547 8 425 390 597 556
test_Chiba_00077.jpg,2 389 457 548 593 3 63 474 499 581 5 84 467 528 585
test_Muroran_00220.jpg,5 137 384 600 600 6 355 442 516 587
test_Numazu_00264.jpg,1 36 387 209 583 2 355 408 459 578 5 29 376 213 581 8 198 323 349 478
test_Sumida_00139.jpg,2 0 183 272 517
test_Sumida_00083.jpg,2 391 416 583 535 2 52 442 214 560 8 54 437 217 557
test_Adachi_00184.jpg,1 187 192 272 436
test_Nagakute_00237.jpg,1 69 383 193 588 1 200 406 283 537
test_Adachi_00028.jpg,2 313 180 538 600 2 309 179 463 461
test_Numazu_00005.jpg,1 393 479 594 597 5 69 481 512 597 5 143 486 350 600
test_Adachi_00212.jpg,1 73 375 238 535
test_Ichihara_00040.jpg,1 189 441 304 595 8 482 447 599 542
test_Sumida_00112.jpg,7 127 448 600 559
test_Nagakute_00056.jpg,2 11 253 231 547
test_Numazu_00142.jpg,3 183 450 600 574 5 425 373 589 549 8 0 275 206 534
test_Nagakute_00143.jpg,5 247 318 565 597 8 6 280 186 489
test_Ichihara_00008.jpg,1 187 434 314 599 8 469 449 597 562
test_Numazu_00351.jpg,3 230 389 600 499
test_Adachi_00108.jpg,2 11 86 180 355
test_Numazu_00111.jpg,8 14 415 188 584 8 291 324 375 595
test_Chiba_00042.jpg,1 320 440 403 542 2 78 442 195 538
test_Nagakute_00148.jpg,8 440 458 585 597
test_Numazu_00382.jpg,7 144 326 552 449
test_Muroran_00072.jpg,5 255 334 477 589 5 0 380 164 558
test_Numazu_00179.jpg,2 308 298 600 591 2 0 335 154 531 6 217 489 354 587
test_Muroran_00428.jpg,5 102 325 575 594
test_Numazu_00037.jpg,2 34 407 114 600 5 6 424 141 600
test_Muroran_00230.jpg,2 0 183 272 517
test_Chiba_00005.jpg,8 429 457 600 573 8 190 470 312 589
test_Muroran_00177.jpg,5 117 348 554 597 5 280 363 549 541 6 339 391 519 489 8 353 387 499 539 8 407 424 509 547
test_Sumida_00130.jpg,2 350 406 425 546
test_Nagakute_00222.jpg,2 292 377 593 529
test_Chiba_00047.jpg,2 107 509 269 593 2 489 475 594 554
test_Adachi_00101.jpg,2 387 300 488 429
test_Muroran_00173.jpg,2 0 183 272 517
test_Muroran_00042.jpg,2 410 376 584 598
test_Numazu_00276.jpg,7 109 382 600 566
test_Sumida_00097.jpg,7 2 420 462 548
test_Ichihara_00007.jpg,1 119 413 292 595 8 384 387 598 583 8 25 401 279 597
test_Numazu_00295.jpg,2 319 397 411 588 8 2 301 161 466 8 339 359 530 573 8 276 271 430 482
test_Numazu_00209.jpg,2 325 414 435 598
test_Nagakute_00145.jpg,8 44 398 183 600
test_Adachi_00125.jpg,7 133 337 558 428 8 412 431 586 599 8 0 382 166 580
test_Numazu_00252.jpg,1 11 472 169 580 5 4 473 167 589
test_Muroran_00065.jpg,5 195 357 594 598
test_Adachi_00100.jpg,7 0 416 465 600 7 67 446 600 594
test_Sumida_00148.jpg,2 0 183 272 517
test_Muroran_00218.jpg,2 200 319 257 569 2 30 359 162 538 8 4 323 149 479
test_Nagakute_00249.jpg,2 167 332 251 600
test_Chiba_00072.jpg,2 187 504 327 597
test_Numazu_00104.jpg,5 129 358 581 588 5 34 309 353 600
test_Numazu_00298.jpg,1 62 439 290 595 8 361 369 555 598 8 4 297 220 496
test_Sumida_00207.jpg,2 0 183 272 517
test_Sumida_00191.jpg,2 0 183 272 517
test_Adachi_00281.jpg,2 0 291 217 591
test_Ichihara_00027.jpg,1 150 387 291 580 8 392 378 600 530 8 0 402 241 594 8 311 441 379 594
test_Numazu_00066.jpg,2 313 331 499 575 2 287 276 443 483 5 298 315 511 570
test_Sumida_00215.jpg,2 0 183 272 517
test_Sumida_00114.jpg,8 403 466 597 599
test_Numazu_00073.jpg,7 0 427 453 600
test_Nagakute_00151.jpg,8 300 348 600 595
test_Numazu_00129.jpg,5 263 426 547 585 6 243 281 420 384
test_Numazu_00102.jpg,5 197 356 585 600 5 146 344 396 595
test_Muroran_00169.jpg,1 446 493 536 598 5 0 380 274 531
test_Numazu_00035.jpg,2 250 328 327 586 8 53 322 198 600
test_Chiba_00040.jpg,8 306 477 384 596
test_Adachi_00147.jpg,2 313 319 390 600
test_Muroran_00395.jpg,8 387 371 501 457
test_Nagakute_00215.jpg,1 35 382 153 592 1 321 440 472 542 8 0 330 118 519
test_Chiba_00012.jpg,2 0 183 272 517
test_Muroran_00192.jpg,1 272 362 340 554 8 362 374 592 592
test_Numazu_00279.jpg,2 294 424 372 595 2 69 430 189 596 8 337 419 487 597 8 11 436 169 590
test_Numazu_00018.jpg,7 0 373 503 600
test_Muroran_00019.jpg,5 24 351 535 591 5 11 403 191 600 5 469 366 597 570
test_Muroran_00317.jpg,1 120 374 294 600
test_Adachi_00148.jpg,1 442 440 595 600
test_Muroran_00396.jpg,5 81 345 573 600
test_Ichihara_00006.jpg,5 132 392 570 596 5 48 422 369 599
test_Adachi_00232.jpg,8 395 446 529 600
test_Muroran_00403.jpg,5 181 380 504 600
test_Sumida_00049.jpg,8 377 424 534 555
test_Muroran_00123.jpg,2 0 183 272 517
test_Adachi_00279.jpg,1 328 311 536 600 1 313 307 428 442 2 2 308 201 488
test_Nagakute_00232.jpg,5 74 401 517 600 5 297 422 479 590
test_Adachi_00189.jpg,2 487 369 598 526 2 0 233 132 363 2 121 177 276 548
test_Chiba_00083.jpg,8 472 494 596 583 8 200 462 328 590
test_Muroran_00202.jpg,5 210 360 504 493
test_Numazu_00098.jpg,6 157 435 410 598
test_Adachi_00055.jpg,2 0 232 301 539 7 6 205 337 502 8 0 202 320 531
test_Muroran_00264.jpg,2 104 352 229 598 2 151 301 253 539
test_Numazu_00371.jpg,5 51 343 523 592 5 0 368 306 598
test_Chiba_00066.jpg,2 0 183 272 517
test_Numazu_00320.jpg,2 362 370 589 586 2 70 352 190 599
test_Muroran_00145.jpg,2 0 183 272 517
test_Muroran_00152.jpg,5 55 402 498 600
test_Chiba_00014.jpg,7 106 510 600 594
test_Sumida_00223.jpg,2 316 393 382 538 8 339 394 518 551
test_Numazu_00001.jpg,5 13 465 265 598
test_Numazu_00022.jpg,5 424 335 600 599
test_Muroran_00265.jpg,5 202 349 430 590 8 443 360 550 457
test_Numazu_00358.jpg,1 220 426 286 591 8 262 380 513 596
test_Numazu_00025.jpg,5 217 331 584 587
test_Muroran_00308.jpg,2 0 183 272 517
test_Ichihara_00011.jpg,3 260 533 443 598
test_Numazu_00247.jpg,5 20 483 470 600
test_Adachi_00048.jpg,7 93 155 554 263 8 478 248 600 378
test_Adachi_00233.jpg,1 302 169 436 353
test_Nagakute_00193.jpg,1 120 366 278 591 2 314 311 523 572 5 145 362 272 540 8 7 325 254 600
test_Sumida_00099.jpg,2 137 423 272 548
test_Adachi_00194.jpg,2 412 361 589 565
test_Chiba_00043.jpg,1 448 488 584 584 8 225 477 326 595
test_Muroran_00392.jpg,5 107 369 600 600
test_Nagakute_00166.jpg,2 202 342 262 600
test_Nagakute_00101.jpg,3 95 459 528 571 5 173 312 600 578 8 208 236 264 564
test_Nagakute_00077.jpg,2 331 318 454 596 2 332 319 411 511 8 43 349 269 600
test_Sumida_00119.jpg,7 0 443 575 556
test_Numazu_00089.jpg,5 203 360 491 585
test_Nagakute_00177.jpg,5 30 347 513 600
test_Muroran_00188.jpg,2 0 183 272 517
test_Numazu_00130.jpg,5 0 393 266 564 5 67 391 419 600
test_Muroran_00034.jpg,5 47 354 571 599
test_Chiba_00054.jpg,8 57 433 207 600 8 375 499 501 598
test_Adachi_00193.jpg,2 393 369 543 594
test_Ichihara_00012.jpg,5 119 421 600 594
test_Muroran_00161.jpg,5 318 385 600 594
test_Muroran_00281.jpg,5 259 331 599 596 8 428 358 548 437 8 220 311 275 600
test_Muroran_00106.jpg,2 1 396 130 561 5 254 372 502 504
test_Numazu_00194.jpg,1 114 380 248 588 2 316 338 506 548 8 334 344 474 496 8 3 330 142 491
test_Muroran_00337.jpg,2 0 183 272 517
test_Muroran_00196.jpg,5 40 353 565 600
test_Sumida_00162.jpg,2 135 405 271 548
test_Numazu_00330.jpg,5 215 347 470 589 5 22 344 198 600 5 5 318 450 597
test_Nagakute_00002.jpg,2 270 379 407 596
test_Muroran_00285.jpg,2 318 335 517 599 5 64 361 547 595
test_Sumida_00084.jpg,2 0 183 272 517
test_Nagakute_00094.jpg,7 0 468 452 596 7 187 481 600 593
test_Numazu_00318.jpg,2 311 382 537 600 2 215 367 265 600 8 74 379 225 600
test_Chiba_00085.jpg,8 420 489 522 595
test_Sumida_00133.jpg,2 187 376 290 503
test_Adachi_00146.jpg,2 351 366 447 547 8 400 429 537 597
test_Numazu_00291.jpg,5 68 435 306 597
test_Muroran_00208.jpg,3 125 392 285 451 8 283 329 579 520
test_Nagakute_00042.jpg,1 264 411 405 600 8 350 370 591 532
test_Nagakute_00045.jpg,5 184 323 600 599
test_Nagakute_00103.jpg,5 142 468 359 600 8 248 374 387 600
test_Muroran_00121.jpg,5 12 404 489 600 5 167 463 587 597
test_Adachi_00043.jpg,2 407 226 591 489 2 236 182 313 427 8 430 258 600 528
test_Numazu_00205.jpg,2 0 183 272 517
test_Sumida_00146.jpg,2 212 416 277 543 8 103 430 234 552 8 395 437 591 565
test_Muroran_00017.jpg,5 136 358 600 576 5 386 375 597 593 5 22 363 410 590
test_Muroran_00231.jpg,5 158 291 562 570 5 15 385 190 599 5 227 506 428 597
test_Muroran_00427.jpg,2 0 183 272 517
test_Muroran_00324.jpg,2 0 183 272 517
test_Sumida_00109.jpg,7 462 464 581 564 8 461 468 578 568
test_Numazu_00266.jpg,1 227 465 287 598
test_Muroran_00048.jpg,5 0 415 517 599 5 176 451 573 600 5 5 421 139 584
test_Muroran_00134.jpg,1 179 431 257 596 8 384 406 537 600 8 0 381 175 569
test_Adachi_00116.jpg,2 208 239 283 509
test_Sumida_00069.jpg,8 430 466 595 600
test_Muroran_00076.jpg,1 277 439 366 594
test_Adachi_00230.jpg,7 0 270 500 580 7 0 213 534 448
test_Adachi_00205.jpg,2 0 183 272 517
test_Nagakute_00230.jpg,2 278 314 407 587 5 101 416 258 577
test_Numazu_00112.jpg,1 201 456 288 590 5 311 454 504 599 5 145 438 487 595
test_Nagakute_00053.jpg,2 0 183 272 517
test_Numazu_00100.jpg,5 245 395 451 589
test_Adachi_00041.jpg,2 378 265 545 554 2 79 407 171 576 2 144 235 243 421 2 123 200 259 506
test_Adachi_00143.jpg,1 367 364 473 544
test_Numazu_00084.jpg,2 0 183 272 517
test_Muroran_00314.jpg,5 31 383 537 600 5 291 389 600 600 8 346 394 430 511
test_Muroran_00302.jpg,1 253 511 412 600 8 73 502 246 599
test_Chiba_00073.jpg,1 305 482 394 591
test_Muroran_00002.jpg,5 0 417 435 600 5 12 454 301 597
test_Muroran_00311.jpg,2 0 183 272 517
test_Muroran_00004.jpg,2 280 381 338 597 5 30 385 238 593
test_Muroran_00276.jpg,5 204 410 506 584
test_Nagakute_00137.jpg,1 184 427 273 584
test_Muroran_00054.jpg,5 274 277 440 414 5 143 482 538 600
test_Sumida_00185.jpg,8 218 392 298 536
test_Muroran_00181.jpg,2 360 405 476 535
test_Adachi_00007.jpg,5 0 229 387 549 5 188 269 599 508
test_Nagakute_00219.jpg,1 91 488 172 600 8 227 358 578 593
test_Adachi_00027.jpg,2 0 183 272 517
test_Sumida_00126.jpg,2 0 183 272 517
test_Chiba_00067.jpg,2 0 447 110 565
test_Nagakute_00035.jpg,1 335 435 433 562 1 87 342 208 569
test_Nagakute_00079.jpg,1 35 380 180 595
test_Adachi_00214.jpg,1 32 408 145 551 2 377 350 598 599 8 353 330 586 591
test_Muroran_00360.jpg,5 106 375 568 598
test_Adachi_00065.jpg,8 453 415 600 596
test_Sumida_00010.jpg,2 249 371 295 539
test_Muroran_00390.jpg,2 365 370 489 588
test_Adachi_00126.jpg,2 435 256 597 487
test_Adachi_00050.jpg,2 376 364 591 600
test_Adachi_00152.jpg,2 205 360 262 550
test_Nagakute_00234.jpg,2 247 330 299 596
test_Numazu_00219.jpg,5 140 375 600 590
test_Muroran_00368.jpg,5 50 397 551 600 5 436 363 596 444 8 515 440 599 546
test_Nagakute_00156.jpg,5 63 406 253 590 8 9 384 216 584
test_Sumida_00014.jpg,7 62 451 587 553
test_Adachi_00009.jpg,2 357 328 566 600 8 366 334 559 600
test_Muroran_00233.jpg,2 163 347 224 600
test_Nagakute_00245.jpg,2 166 319 239 596 2 289 343 600 599 8 5 285 140 463 8 287 352 600 597
test_Adachi_00133.jpg,2 418 272 590 512
test_Muroran_00239.jpg,5 17 417 531 600
test_Adachi_00192.jpg,2 235 105 341 511 8 467 350 600 531
test_Numazu_00038.jpg,5 277 431 600 593
test_Adachi_00297.jpg,2 0 120 172 457
test_Muroran_00253.jpg,5 108 377 566 597
test_Sumida_00175.jpg,2 0 183 272 517
test_Numazu_00257.jpg,5 69 294 418 408
test_Muroran_00140.jpg,5 136 328 568 596
test_Numazu_00004.jpg,1 185 436 258 566 3 170 507 600 596
test_Muroran_00001.jpg,8 55 403 224 599
test_Numazu_00307.jpg,8 1 263 199 554
test_Numazu_00327.jpg,2 102 426 187 563 7 262 430 600 563
test_Adachi_00012.jpg,2 396 390 578 595
test_Numazu_00127.jpg,2 121 397 188 598 5 142 461 447 600
test_Numazu_00394.jpg,5 61 390 568 597 6 143 331 228 536
test_Adachi_00301.jpg,2 336 179 425 343 2 399 302 548 586
test_Chiba_00017.jpg,8 101 504 265 595
test_Sumida_00160.jpg,2 399 441 561 592
test_Sumida_00008.jpg,2 0 183 272 517
test_Muroran_00236.jpg,5 74 368 411 599
test_Muroran_00329.jpg,2 0 183 272 517
test_Muroran_00200.jpg,2 49 370 227 599 5 175 366 585 598 8 225 396 273 598
test_Muroran_00242.jpg,5 152 412 585 597 5 369 442 600 600
test_Ichihara_00033.jpg,8 473 444 595 571 8 5 483 176 595
test_Sumida_00025.jpg,2 332 398 419 521
test_Muroran_00184.jpg,2 0 183 272 517
test_Sumida_00026.jpg,2 0 183 272 517
test_Adachi_00159.jpg,8 224 309 277 585
test_Muroran_00102.jpg,1 457 414 592 580 8 0 366 247 597 8 436 448 581 592 8 79 333 268 513
test_Muroran_00268.jpg,1 381 360 499 485
test_Nagakute_00138.jpg,8 353 328 592 600
test_Numazu_00316.jpg,1 5 291 205 521 3 325 417 575 477 3 120 395 555 480 5 5 292 214 513
test_Nagakute_00064.jpg,1 295 490 409 600
test_Ichihara_00044.jpg,2 0 183 272 517
test_Muroran_00347.jpg,5 267 368 600 598
test_Muroran_00338.jpg,5 96 351 377 593
test_Sumida_00204.jpg,8 450 450 600 559
test_Numazu_00269.jpg,5 8 307 534 581
test_Numazu_00143.jpg,1 313 365 477 582 8 1 314 179 505
test_Muroran_00339.jpg,1 132 457 314 600 5 135 359 593 597
test_Adachi_00006.jpg,2 31 373 121 527
test_Muroran_00377.jpg,5 151 364 591 597
test_Nagakute_00095.jpg,5 29 410 248 595 8 464 435 599 571
test_Sumida_00171.jpg,2 0 183 272 517
test_Chiba_00056.jpg,5 440 498 578 585
test_Muroran_00210.jpg,5 102 381 497 600
test_Muroran_00046.jpg,5 218 387 467 600
test_Sumida_00188.jpg,1 197 443 299 534 2 108 407 223 546
test_Muroran_00040.jpg,5 4 391 140 595 5 161 379 311 585
test_Numazu_00191.jpg,5 288 376 444 590
test_Chiba_00030.jpg,2 452 477 600 580 8 221 482 337 593
test_Nagakute_00136.jpg,5 145 345 292 590
test_Nagakute_00046.jpg,2 229 305 321 589
test_Sumida_00050.jpg,2 338 406 406 543
test_Nagakute_00268.jpg,3 365 401 600 460 5 83 280 351 600 8 81 245 234 586
test_Chiba_00022.jpg,1 478 489 591 577
test_Muroran_00394.jpg,5 104 365 600 600 5 64 400 395 600
test_Numazu_00331.jpg,2 0 183 272 517
test_Adachi_00049.jpg,3 147 278 372 400
test_Ichihara_00050.jpg,7 121 423 600 555 7 0 418 469 524
test_Numazu_00046.jpg,2 257 299 378 593
test_Muroran_00164.jpg,5 23 347 251 565
test_Chiba_00081.jpg,2 306 493 420 600
test_Ichihara_00009.jpg,1 246 421 353 597 2 38 433 247 592 5 137 430 594 600 8 159 375 318 558
test_Chiba_00013.jpg,2 0 183 272 517
test_Numazu_00369.jpg,5 277 338 531 589
test_Numazu_00014.jpg,6 79 387 491 588
test_Adachi_00137.jpg,1 423 288 598 442
test_Muroran_00018.jpg,1 249 423 357 598
test_Nagakute_00203.jpg,2 327 347 600 600 5 2 418 183 598 8 317 347 589 597
test_Numazu_00363.jpg,1 123 320 185 446 2 194 276 266 536 3 227 434 448 503
test_Adachi_00222.jpg,1 473 290 596 469 5 166 436 470 581 5 196 459 600 587 5 118 369 600 578
test_Muroran_00359.jpg,5 240 349 570 572 5 163 318 445 525 5 397 378 591 589 8 481 404 595 526
test_Sumida_00077.jpg,2 0 183 272 517
test_Adachi_00311.jpg,2 388 347 463 536
test_Adachi_00255.jpg,2 351 373 422 600 8 139 373 291 513
test_Numazu_00041.jpg,2 1 288 197 533 2 304 359 393 586
test_Muroran_00249.jpg,5 5 337 262 502
test_Sumida_00070.jpg,7 93 435 571 523
test_Numazu_00133.jpg,2 352 466 435 597
test_Adachi_00158.jpg,5 145 367 576 600 5 348 370 600 579
test_Adachi_00114.jpg,3 233 453 481 525
test_Adachi_00284.jpg,2 252 384 364 593
test_Muroran_00361.jpg,5 32 374 329 600
test_Muroran_00199.jpg,8 412 393 576 592
test_Adachi_00174.jpg,8 382 132 600 305
test_Adachi_00173.jpg,2 348 347 559 599
test_Numazu_00139.jpg,2 36 400 211 573 2 503 501 598 586
test_Adachi_00187.jpg,1 123 348 241 507 2 424 269 584 542 8 110 207 300 434
test_Sumida_00003.jpg,1 165 414 306 531
test_Muroran_00101.jpg,5 32 324 452 590
test_Muroran_00323.jpg,5 40 364 546 600
test_Chiba_00015.jpg,1 19 512 171 596 7 0 509 505 599
test_Muroran_00367.jpg,5 367 314 600 600
test_Nagakute_00052.jpg,1 323 415 494 595 2 27 349 185 594
test_Muroran_00351.jpg,2 120 380 205 541
test_Adachi_00282.jpg,1 342 200 507 466 1 71 215 276 454 1 156 209 277 354 1 38 260 221 506
test_Adachi_00045.jpg,2 352 217 515 566 8 180 282 397 539
test_Ichihara_00020.jpg,7 94 436 600 591
test_Muroran_00038.jpg,5 19 386 504 600 8 401 482 497 594
test_Numazu_00177.jpg,1 124 411 217 578 6 130 459 549 598
test_Nagakute_00218.jpg,2 175 313 302 592
test_Adachi_00111.jpg,1 300 233 495 494 2 294 234 492 507 7 84 151 369 293
test_Sumida_00199.jpg,2 168 410 283 559 8 373 427 585 579
test_Numazu_00196.jpg,1 11 324 160 502 1 306 287 564 587 8 264 259 555 546
test_Adachi_00034.jpg,7 23 413 581 595 8 264 381 587 600 8 8 411 151 599
test_Numazu_00057.jpg,5 34 406 521 598 8 19 367 194 598 8 436 473 598 595
test_Numazu_00123.jpg,2 21 318 191 554 5 231 394 437 597 8 15 321 192 599
test_Adachi_00182.jpg,2 351 179 562 600
test_Nagakute_00115.jpg,7 0 396 417 495
test_Muroran_00039.jpg,1 487 437 600 600 5 271 438 600 597
test_Sumida_00210.jpg,2 0 183 272 517
test_Adachi_00010.jpg,2 427 216 586 404 2 244 265 332 600
test_Muroran_00099.jpg,5 2 369 408 595 5 198 356 462 600
test_Muroran_00056.jpg,5 74 375 303 599
test_Muroran_00350.jpg,5 19 316 321 591 5 443 437 600 596
test_Ichihara_00004.jpg,1 289 463 384 595
test_Adachi_00181.jpg,2 5 234 253 544 2 351 201 444 332
test_Adachi_00323.jpg,2 0 183 272 517
test_Numazu_00032.jpg,1 128 389 207 498 8 291 284 580 527 8 2 282 175 438
test_Nagakute_00075.jpg,2 368 323 599 570 5 115 340 286 598 8 267 328 321 586
test_Sumida_00071.jpg,8 110 417 286 554
test_Numazu_00007.jpg,2 335 370 588 569
test_Numazu_00172.jpg,1 177 316 249 448 8 337 296 598 522
test_Muroran_00235.jpg,2 325 391 478 572 2 308 402 383 597
test_Adachi_00112.jpg,2 0 183 272 517
test_Nagakute_00212.jpg,2 0 183 272 517
test_Muroran_00095.jpg,5 57 373 517 595
test_Muroran_00062.jpg,5 374 341 600 598
test_Numazu_00238.jpg,2 307 331 495 588
test_Adachi_00026.jpg,1 198 441 420 599
test_Numazu_00151.jpg,2 271 295 396 582 8 374 394 600 598
test_Chiba_00080.jpg,1 420 479 505 588
test_Numazu_00116.jpg,1 191 360 284 555
test_Numazu_00398.jpg,5 122 351 311 452 5 80 339 448 463 8 9 266 202 473 8 342 338 485 523
test_Sumida_00120.jpg,2 0 183 272 517
test_Adachi_00177.jpg,8 427 293 570 588
test_Sumida_00136.jpg,7 85 461 580 554
test_Adachi_00298.jpg,2 357 335 502 600
test_Nagakute_00255.jpg,5 35 376 287 600 5 295 389 468 504 5 0 378 518 576
test_Chiba_00023.jpg,2 0 183 272 517
test_Numazu_00224.jpg,5 62 422 444 600
test_Sumida_00093.jpg,8 142 437 273 552
test_Muroran_00147.jpg,5 300 355 512 600
test_Numazu_00278.jpg,2 0 183 272 517
test_Nagakute_00065.jpg,2 164 404 230 600 2 178 344 240 554
test_Numazu_00027.jpg,2 0 183 272 517
test_Muroran_00382.jpg,2 7 329 187 517 2 281 279 345 427 5 274 416 444 495
test_Sumida_00184.jpg,2 322 414 382 550
test_Numazu_00335.jpg,2 6 287 215 527 2 211 407 264 600 5 342 329 588 595 5 330 305 473 418
test_Sumida_00085.jpg,1 417 446 597 563
test_Numazu_00299.jpg,1 306 318 557 571 1 93 451 187 587 2 11 342 189 557 5 294 317 468 477 8 289 317 547 546
test_Muroran_00303.jpg,5 9 299 268 588
test_Numazu_00265.jpg,2 266 380 490 598 8 5 386 189 600
test_Nagakute_00164.jpg,1 365 367 579 573 2 231 245 339 600
test_Numazu_00214.jpg,5 0 355 474 600 5 0 335 234 589 5 138 463 573 600
test_Adachi_00211.jpg,1 86 220 264 501 1 348 205 525 452
test_Muroran_00197.jpg,2 424 345 595 515 8 54 390 236 594
test_Muroran_00159.jpg,1 293 413 375 597 2 104 374 225 591 8 371 392 473 492
test_Sumida_00159.jpg,2 179 433 309 564
test_Numazu_00217.jpg,5 214 419 600 600
test_Ichihara_00041.jpg,1 165 420 296 594 8 387 392 600 595
test_Ichihara_00031.jpg,2 464 427 600 556
test_Nagakute_00071.jpg,1 408 409 583 594 5 400 408 588 597
test_Muroran_00189.jpg,5 7 359 263 600
test_Adachi_00066.jpg,7 0 397 553 600
test_Muroran_00178.jpg,1 93 436 271 597 8 1 350 208 513
test_Numazu_00042.jpg,3 60 395 283 450
test_Nagakute_00020.jpg,5 0 327 509 598 8 0 247 197 437
test_Adachi_00244.jpg,8 379 489 470 600
test_Numazu_00061.jpg,1 477 474 587 591 1 299 442 430 574
test_Adachi_00274.jpg,1 218 317 490 600 2 170 285 433 557
test_Numazu_00337.jpg,2 246 406 376 600 8 23 380 197 596 8 367 475 599 600
test_Chiba_00053.jpg,2 256 485 418 581
test_Sumida_00062.jpg,8 399 434 600 564
test_Numazu_00271.jpg,2 298 321 550 570 8 291 304 591 559 8 72 301 548 516 8 82 289 481 418
test_Nagakute_00160.jpg,8 61 334 225 595
test_Adachi_00053.jpg,2 87 344 297 577 2 147 327 307 500 8 397 302 534 537
test_Nagakute_00247.jpg,2 267 340 330 574 8 5 311 275 554 8 362 335 594 600
test_Muroran_00021.jpg,5 332 509 471 600
test_Muroran_00374.jpg,2 363 392 492 569
test_Nagakute_00068.jpg,7 19 355 572 546
test_Sumida_00101.jpg,2 0 183 272 517
test_Adachi_00295.jpg,2 353 310 580 589
test_Numazu_00181.jpg,2 254 285 408 594 2 373 352 591 538
test_Numazu_00406.jpg,2 15 313 214 589 5 288 335 567 593
test_Numazu_00203.jpg,5 329 392 569 563 5 145 305 465 576
test_Sumida_00142.jpg,8 320 396 419 540
test_Numazu_00346.jpg,2 0 183 272 517
test_Muroran_00229.jpg,1 249 418 377 591 5 277 352 558 600
test_Numazu_00332.jpg,2 317 331 388 452 2 2 327 107 421
test_Muroran_00414.jpg,5 36 342 516 598
test_Numazu_00047.jpg,2 310 307 542 578
test_Nagakute_00172.jpg,2 256 331 312 592
test_Muroran_00073.jpg,1 426 492 549 600 2 457 389 600 480
test_Muroran_00287.jpg,1 204 433 352 600
test_Adachi_00162.jpg,2 410 244 599 536 2 65 236 243 450
test_Chiba_00057.jpg,2 193 498 292 592 8 432 457 600 571
test_Numazu_00146.jpg,1 309 336 496 581 2 311 330 493 572
test_Nagakute_00238.jpg,1 395 349 588 514 1 257 338 593 574 5 98 374 600 582
test_Numazu_00376.jpg,5 51 390 489 600 5 34 397 230 600 8 151 423 461 600
test_Numazu_00216.jpg,2 56 325 233 597 5 63 335 236 595
test_Adachi_00140.jpg,8 431 386 592 600
test_Adachi_00058.jpg,1 309 120 543 401
test_Numazu_00297.jpg,5 295 443 455 600
test_Muroran_00084.jpg,2 232 363 332 600
test_Sumida_00147.jpg,2 0 183 272 517
test_Muroran_00217.jpg,5 113 421 279 596
test_Nagakute_00158.jpg,2 285 312 587 597 2 293 344 478 526 8 316 308 591 526
test_Adachi_00080.jpg,1 90 322 230 536 2 314 319 537 600 2 88 314 230 537 8 303 314 555 579
test_Adachi_00256.jpg,1 178 448 314 594 8 487 349 600 488
test_Numazu_00011.jpg,5 0 332 491 600 5 207 320 579 589
test_Sumida_00182.jpg,1 362 462 453 576
test_Muroran_00119.jpg,1 176 377 452 597 5 17 361 279 600 5 60 375 483 597
test_Nagakute_00206.jpg,1 288 419 380 524 8 0 304 206 518
test_Adachi_00252.jpg,1 283 329 387 444 1 320 422 570 584 8 323 312 600 462
test_Nagakute_00184.jpg,1 149 461 206 597 2 305 392 547 598 8 43 343 171 594
test_Numazu_00365.jpg,2 0 183 272 517
test_Nagakute_00142.jpg,1 339 343 506 529 2 198 292 307 595 5 335 338 513 518
test_Muroran_00075.jpg,8 78 371 247 600
test_Adachi_00305.jpg,8 37 241 125 600 8 70 159 142 441
test_Nagakute_00257.jpg,5 318 319 501 600 8 135 256 290 588
test_Muroran_00093.jpg,2 186 384 253 595 5 132 403 545 597 5 185 383 370 600
test_Numazu_00048.jpg,7 0 335 487 525
test_Adachi_00145.jpg,3 15 466 519 573 5 109 386 600 589
test_Sumida_00048.jpg,8 375 441 476 551
test_Nagakute_00133.jpg,5 6 467 537 600
test_Muroran_00356.jpg,1 494 339 596 495 1 159 373 352 578 8 363 349 442 592
test_Muroran_00289.jpg,5 236 367 592 600 8 430 446 527 596
test_Muroran_00336.jpg,8 489 435 600 600
test_Numazu_00056.jpg,7 40 416 600 600
test_Muroran_00009.jpg,5 66 405 534 599 5 330 432 599 587
test_Numazu_00137.jpg,1 183 373 276 575 1 370 352 594 591
test_Muroran_00089.jpg,5 265 476 458 596 5 0 407 103 533
test_Numazu_00301.jpg,2 301 273 504 556 5 0 336 407 581
test_Muroran_00271.jpg,2 301 355 444 600 5 331 361 585 557
test_Muroran_00133.jpg,2 0 183 272 517
test_Nagakute_00100.jpg,2 0 183 272 517
test_Sumida_00020.jpg,2 205 385 284 525
test_Nagakute_00243.jpg,2 359 461 513 596
test_Nagakute_00111.jpg,5 85 379 499 598
test_Muroran_00227.jpg,2 351 308 596 600 2 341 281 522 512
test_Sumida_00203.jpg,8 245 476 495 535
test_Sumida_00022.jpg,7 196 432 584 542
test_Chiba_00055.jpg,2 408 457 594 569 8 196 492 310 596
test_Sumida_00038.jpg,2 272 433 346 543
test_Adachi_00163.jpg,2 378 322 562 539
test_Sumida_00061.jpg,2 368 439 440 553 8 412 400 597 534 8 39 458 193 562
test_Muroran_00037.jpg,5 203 353 600 597
test_Sumida_00034.jpg,7 148 441 565 537
test_Adachi_00178.jpg,2 29 275 256 600 7 17 272 401 429
test_Numazu_00051.jpg,5 0 357 480 582
test_Nagakute_00001.jpg,2 26 335 251 596 2 407 368 600 536
test_Numazu_00232.jpg,2 276 316 418 600
test_Nagakute_00267.jpg,2 52 333 239 599 5 419 350 591 577 5 251 297 369 402 8 11 312 237 596
test_Sumida_00152.jpg,2 365 420 505 553
test_Adachi_00001.jpg,2 2 215 244 597
test_Numazu_00052.jpg,2 128 367 213 576 2 59 342 221 598
test_Adachi_00102.jpg,5 24 175 201 458
test_Adachi_00309.jpg,3 38 301 512 388 3 4 317 240 390
test_Sumida_00181.jpg,7 115 503 600 589
test_Nagakute_00186.jpg,1 219 464 294 598 1 149 446 419 594 2 322 425 516 594
test_Numazu_00260.jpg,2 0 183 272 517
test_Numazu_00248.jpg,2 233 308 301 583 5 127 407 260 502
test_Adachi_00052.jpg,3 132 312 600 412 3 129 341 441 388
test_Adachi_00092.jpg,2 201 328 309 587
test_Numazu_00286.jpg,5 43 377 258 600
test_Nagakute_00097.jpg,2 0 183 272 517
test_Sumida_00074.jpg,7 61 451 520 571
test_Adachi_00303.jpg,2 1 334 177 600 3 129 419 560 541
test_Nagakute_00104.jpg,2 323 326 600 564 8 320 315 600 557
test_Adachi_00115.jpg,8 517 423 600 534
test_Muroran_00426.jpg,5 47 432 576 600
test_Muroran_00370.jpg,1 0 364 234 593 1 155 466 287 600 8 418 490 510 600
test_Numazu_00187.jpg,1 360 435 510 592
test_Nagakute_00090.jpg,2 410 323 597 413 7 96 373 600 595
test_Adachi_00142.jpg,8 361 340 588 595
test_Numazu_00328.jpg,5 82 497 238 599 6 57 499 234 600 8 259 275 523 583 8 2 316 163 518 8 375 403 560 595
test_Muroran_00162.jpg,5 0 400 507 599 6 165 389 582 593
test_Chiba_00033.jpg,8 12 415 213 580
test_Numazu_00280.jpg,2 255 315 341 562
test_Muroran_00304.jpg,5 181 355 556 578
test_Muroran_00086.jpg,2 0 183 272 517
test_Muroran_00025.jpg,2 5 372 201 592 5 280 433 409 600 8 316 467 400 599
test_Numazu_00148.jpg,1 77 306 210 600 1 78 302 140 557 3 172 415 461 475
test_Numazu_00263.jpg,8 155 312 235 437
test_Adachi_00033.jpg,2 0 183 272 517
test_Nagakute_00039.jpg,1 80 412 206 598 8 3 301 197 517
test_Numazu_00020.jpg,1 27 415 215 600 5 24 415 223 599
test_Muroran_00378.jpg,5 88 368 586 567 5 265 384 600 525
test_Nagakute_00150.jpg,2 216 363 270 600 4 15 454 431 561
test_Nagakute_00102.jpg,2 376 335 429 600 8 20 360 263 600
test_Nagakute_00171.jpg,1 78 361 201 503
test_Chiba_00027.jpg,1 68 475 154 583
test_Numazu_00293.jpg,1 334 375 600 583 5 206 352 478 587
test_Numazu_00296.jpg,6 69 387 265 600
test_Adachi_00285.jpg,8 450 325 589 462
test_Muroran_00190.jpg,1 72 457 186 600 1 41 383 217 594 8 346 364 578 600 8 7 341 220 596
test_Muroran_00193.jpg,8 14 306 239 600
test_Numazu_00215.jpg,5 72 326 542 571 5 95 372 355 583 5 287 299 600 554 8 0 244 212 487 8 296 286 600 546
test_Ichihara_00035.jpg,1 384 435 493 600
test_Adachi_00259.jpg,5 63 273 600 540 5 0 225 553 435
test_Adachi_00064.jpg,2 0 183 272 517
test_Nagakute_00009.jpg,8 316 311 545 529 8 353 380 600 600 8 0 346 76 599
test_Adachi_00288.jpg,2 378 260 558 586 8 103 287 237 576
test_Nagakute_00224.jpg,2 85 342 175 433 2 256 435 321 591
test_Adachi_00206.jpg,2 0 183 272 517
test_Numazu_00347.jpg,2 135 403 204 552
test_Sumida_00004.jpg,2 0 183 272 517
test_Sumida_00023.jpg,2 318 394 405 535 8 318 398 405 533
test_Muroran_00277.jpg,5 177 382 384 587 5 125 357 567 596 5 446 484 600 598 5 215 412 378 512 8 439 484 586 600
test_Muroran_00155.jpg,5 219 516 404 600 5 0 420 483 597 5 416 525 593 598
test_Adachi_00200.jpg,2 432 346 600 516 8 446 358 600 508
test_Adachi_00166.jpg,2 147 294 206 598
test_Nagakute_00055.jpg,5 26 387 534 595
test_Numazu_00077.jpg,1 270 400 362 581
test_Adachi_00104.jpg,7 0 188 495 546 7 116 148 600 459
test_Adachi_00226.jpg,2 268 299 591 539 2 266 291 488 454
test_Nagakute_00124.jpg,1 342 414 582 600 1 96 386 272 580 8 4 367 162 574
test_Nagakute_00076.jpg,2 245 317 415 591 5 98 379 510 598
test_Muroran_00136.jpg,5 92 336 483 598
test_Numazu_00082.jpg,1 258 430 403 598 8 15 391 202 600
test_Muroran_00011.jpg,2 0 183 272 517
test_Muroran_00030.jpg,2 373 359 509 600 5 0 360 371 583
test_Sumida_00002.jpg,2 316 440 396 551
test_Adachi_00039.jpg,2 235 183 339 508 8 315 335 569 531 8 362 207 595 395 8 3 196 184 398
test_Adachi_00132.jpg,2 3 419 185 548 2 333 319 386 594 8 169 303 319 430
test_Sumida_00005.jpg,7 139 455 573 537
test_Nagakute_00026.jpg,5 138 412 282 598 8 4 344 135 444
test_Numazu_00282.jpg,2 0 183 272 517
test_Numazu_00349.jpg,8 155 311 315 389
test_Sumida_00108.jpg,2 0 183 272 517
test_Numazu_00173.jpg,2 163 264 249 474
test_Adachi_00079.jpg,8 153 309 229 580
test_Sumida_00161.jpg,8 325 392 582 551
test_Chiba_00086.jpg,2 0 183 272 517
test_Muroran_00406.jpg,7 84 382 597 522
test_Sumida_00173.jpg,1 4 462 151 565 2 151 408 266 555
test_Numazu_00255.jpg,8 303 368 429 597
test_Sumida_00115.jpg,2 199 405 316 557 8 467 428 595 538
test_Muroran_00256.jpg,5 4 344 461 580 5 49 382 194 598 5 217 345 405 556
test_Muroran_00429.jpg,5 37 360 268 599 5 0 386 477 600
test_Numazu_00125.jpg,7 49 434 600 598
test_Numazu_00069.jpg,2 165 374 249 477 5 471 464 592 598
test_Adachi_00067.jpg,2 189 391 252 600 2 349 325 490 502 8 344 313 571 600 8 342 324 495 507
test_Chiba_00090.jpg,7 20 508 584 600
test_Numazu_00223.jpg,1 308 425 403 599
test_Sumida_00206.jpg,2 0 183 272 517
test_Muroran_00248.jpg,5 273 383 600 600
test_Sumida_00140.jpg,2 0 183 272 517
test_Nagakute_00014.jpg,5 0 401 482 600 5 315 399 494 592 8 21 465 224 593
test_Nagakute_00059.jpg,8 328 400 592 599 8 0 340 164 524 8 254 331 515 545
test_Numazu_00094.jpg,5 206 326 385 412
test_Muroran_00296.jpg,5 99 389 585 600
test_Adachi_00283.jpg,1 382 294 591 480 1 385 319 516 446
test_Numazu_00045.jpg,1 274 437 398 595 2 74 347 225 600
test_Numazu_00055.jpg,2 270 373 452 598
test_Chiba_00050.jpg,2 404 456 600 569
test_Muroran_00340.jpg,3 418 383 587 440
test_Numazu_00375.jpg,3 0 489 465 590 5 251 454 415 600
test_Numazu_00021.jpg,1 200 344 346 554 2 37 306 187 549 8 249 321 357 447
test_Numazu_00149.jpg,5 0 392 501 599 5 209 406 585 599
test_Numazu_00190.jpg,1 82 357 192 473 2 355 387 562 599 2 246 310 320 484
test_Numazu_00099.jpg,1 176 496 288 600 5 173 494 294 599
test_Nagakute_00054.jpg,1 71 382 209 515
test_Muroran_00158.jpg,5 0 526 142 597 5 0 506 511 600
test_Numazu_00067.jpg,5 296 333 599 594 8 0 294 189 585
test_Adachi_00008.jpg,2 425 351 600 493
test_Muroran_00222.jpg,7 144 354 593 456 8 92 492 214 598
test_Muroran_00319.jpg,1 225 468 341 586 2 317 290 400 462 2 4 376 261 538 3 226 456 600 550
test_Adachi_00149.jpg,2 0 183 272 517
test_Muroran_00088.jpg,1 332 316 431 600
test_Nagakute_00209.jpg,5 101 486 448 600
test_Chiba_00064.jpg,8 358 425 562 579
test_Numazu_00120.jpg,5 232 317 459 592
test_Adachi_00241.jpg,2 113 443 213 596
test_Nagakute_00117.jpg,2 226 361 481 600
test_Adachi_00245.jpg,1 441 329 557 514
test_Numazu_00244.jpg,2 291 392 335 600 8 336 395 496 600
test_Nagakute_00081.jpg,1 90 402 197 531
test_Muroran_00309.jpg,5 287 432 600 595
test_Sumida_00216.jpg,7 93 436 600 530
test_Muroran_00036.jpg,2 29 405 204 592
test_Adachi_00307.jpg,5 0 437 288 552 8 383 344 600 549
test_Adachi_00248.jpg,5 182 285 600 570 5 386 299 597 519
test_Adachi_00191.jpg,1 492 250 598 429
test_Sumida_00228.jpg,2 0 183 272 517
test_Adachi_00167.jpg,2 0 183 272 517
test_Adachi_00258.jpg,2 379 368 571 600
test_Numazu_00243.jpg,8 2 307 171 518
test_Numazu_00115.jpg,2 0 183 272 517
test_Muroran_00270.jpg,3 0 490 469 595 5 53 345 486 587 5 172 331 391 530 5 218 344 373 464 8 320 343 483 564
test_Muroran_00092.jpg,5 0 339 312 597
test_Nagakute_00044.jpg,1 355 459 436 569 8 272 365 407 467
test_Ichihara_00017.jpg,7 169 416 600 521 7 0 430 493 525
test_Ichihara_00043.jpg,5 197 398 600 600 5 152 403 365 599
test_Numazu_00324.jpg,1 257 370 586 522 8 118 369 291 476
test_Sumida_00138.jpg,2 0 183 272 517
test_Adachi_00183.jpg,1 439 270 599 464
test_Muroran_00399.jpg,5 90 327 343 594
test_Muroran_00214.jpg,1 275 338 417 588 1 522 438 596 559 8 1 350 306 600 8 65 310 372 536
test_Numazu_00189.jpg,5 128 325 600 600
test_Adachi_00312.jpg,1 9 129 219 383
test_Muroran_00063.jpg,1 365 371 595 546 1 298 365 467 518
test_Muroran_00375.jpg,1 204 349 271 566 1 199 434 263 600 3 329 481 600 542
test_Muroran_00341.jpg,8 3 344 261 537 8 369 446 437 593
test_Numazu_00326.jpg,5 259 287 598 589 8 332 275 600 504
test_Numazu_00274.jpg,2 414 393 580 580
test_Adachi_00017.jpg,2 241 275 313 559
test_Adachi_00227.jpg,2 10 214 217 382 8 103 219 212 306
test_Nagakute_00108.jpg,2 180 398 284 597
test_Adachi_00024.jpg,2 43 205 279 600
test_Adachi_00326.jpg,2 371 179 599 451 8 1 149 165 443
test_Chiba_00051.jpg,1 419 494 500 586
test_Numazu_00169.jpg,5 73 295 216 578
test_Muroran_00332.jpg,5 345 359 600 599
test_Adachi_00168.jpg,2 356 453 434 598 8 20 298 255 482
test_Muroran_00033.jpg,1 263 436 356 600 8 416 447 512 600
test_Numazu_00096.jpg,5 11 446 144 583
test_Muroran_00234.jpg,5 180 373 600 596 5 198 406 451 600
test_Adachi_00271.jpg,7 69 324 543 589
test_Muroran_00279.jpg,1 324 451 446 600 2 52 385 191 590 2 282 376 344 598 8 332 461 439 598 8 4 384 113 495
test_Numazu_00231.jpg,5 70 365 502 592 5 0 413 304 598
test_Nagakute_00157.jpg,1 386 424 560 600
test_Adachi_00129.jpg,2 425 246 584 415 8 1 228 216 417
test_Nagakute_00266.jpg,1 237 322 298 490 1 18 383 163 476
test_Numazu_00228.jpg,1 282 408 367 558 8 273 415 355 555
test_Muroran_00387.jpg,1 250 387 328 581 2 29 365 172 599 2 269 403 352 590
test_Numazu_00070.jpg,5 24 421 397 585 8 293 393 445 594
test_Nagakute_00175.jpg,5 181 360 468 565
test_Nagakute_00192.jpg,2 319 341 591 591 8 338 343 600 592
test_Muroran_00282.jpg,5 277 417 553 559
test_Muroran_00080.jpg,2 215 364 344 597 2 384 351 472 600
test_Chiba_00008.jpg,1 277 477 368 573 2 433 429 563 590
test_Numazu_00226.jpg,5 50 352 499 599
test_Nagakute_00080.jpg,5 181 391 367 599
test_Numazu_00355.jpg,2 244 397 314 591 5 287 436 600 596
test_Muroran_00421.jpg,1 223 402 291 600
test_Numazu_00009.jpg,5 53 357 538 591
test_Chiba_00065.jpg,1 193 485 298 599
test_Sumida_00192.jpg,1 289 431 415 532
test_Adachi_00077.jpg,2 406 409 454 593
test_Nagakute_00236.jpg,1 268 385 347 540 1 272 424 370 591
test_Numazu_00081.jpg,1 278 336 452 583 8 43 254 228 582
test_Adachi_00176.jpg,2 404 306 493 446
test_Chiba_00007.jpg,8 372 440 506 572
test_Numazu_00383.jpg,2 412 329 541 589 2 295 306 366 583
test_Sumida_00150.jpg,8 396 431 553 567
test_Numazu_00275.jpg,2 321 288 416 584
test_Chiba_00016.jpg,1 324 474 405 579 2 468 482 600 575
test_Nagakute_00194.jpg,2 185 317 296 592
test_Numazu_00313.jpg,2 110 321 178 471 8 0 268 110 422
test_Nagakute_00126.jpg,1 244 383 419 597 2 294 346 600 589
test_Numazu_00136.jpg,2 128 379 215 574
test_Muroran_00107.jpg,5 40 372 481 600
test_Adachi_00319.jpg,2 489 336 598 490 2 371 190 476 341
test_Numazu_00138.jpg,5 90 426 600 595 5 0 383 195 508 5 0 484 488 599
test_Muroran_00151.jpg,1 435 441 597 599 1 322 436 425 597 1 192 409 251 599 5 440 446 600 599
test_Sumida_00117.jpg,2 342 421 430 527 8 126 439 239 556 8 458 445 597 526
test_Adachi_00328.jpg,1 378 209 582 561 1 439 332 584 554
test_Muroran_00016.jpg,1 477 430 569 597
test_Numazu_00175.jpg,1 170 429 249 594 8 273 407 538 596 8 2 390 201 560
test_Muroran_00110.jpg,1 226 359 515 590 2 330 396 549 600
test_Adachi_00025.jpg,2 300 267 395 460
test_Nagakute_00252.jpg,8 250 308 524 594 8 365 445 549 597
test_Numazu_00010.jpg,8 38 315 197 593
test_Numazu_00023.jpg,2 277 316 332 447 8 92 326 208 456
test_Adachi_00094.jpg,2 406 301 596 494 8 392 275 600 494
test_Adachi_00264.jpg,1 302 352 505 524 5 294 358 473 519
test_Adachi_00292.jpg,2 283 239 335 515
test_Sumida_00110.jpg,2 0 183 272 517
test_Nagakute_00220.jpg,2 237 302 459 600 3 170 467 358 517
test_Muroran_00135.jpg,5 300 359 600 599 5 151 357 508 595
test_Numazu_00183.jpg,5 202 350 487 598 5 33 369 391 509
test_Numazu_00294.jpg,5 137 374 254 591 8 0 286 173 472
test_Numazu_00163.jpg,1 251 368 557 593
test_Nagakute_00155.jpg,1 341 432 554 597 5 326 422 568 600
test_Numazu_00154.jpg,7 62 410 550 522 7 0 400 408 554 8 0 394 410 564
test_Muroran_00408.jpg,5 206 353 600 600 8 460 390 597 562
test_Numazu_00273.jpg,2 214 277 345 600
test_Nagakute_00214.jpg,2 17 292 190 568
test_Nagakute_00161.jpg,2 276 319 559 587
test_Numazu_00003.jpg,1 302 322 392 416 7 0 382 543 600
test_Muroran_00015.jpg,1 164 422 302 595 5 177 414 506 598
test_Muroran_00126.jpg,2 361 393 432 599
test_Adachi_00113.jpg,2 0 183 272 517
test_Nagakute_00123.jpg,5 66 353 464 600 5 288 369 465 588
test_Sumida_00001.jpg,2 0 183 272 517
test_Numazu_00174.jpg,1 297 341 481 548 8 7 254 213 562
test_Muroran_00423.jpg,1 347 434 515 598 5 117 392 550 600
test_Ichihara_00051.jpg,1 430 404 592 600 5 49 391 503 600 5 335 386 599 600
test_Adachi_00123.jpg,2 0 183 272 517
test_Adachi_00109.jpg,2 480 426 598 560
test_Nagakute_00208.jpg,8 310 490 414 599
test_Numazu_00017.jpg,2 0 183 272 517
test_Numazu_00039.jpg,2 262 348 503 583 2 395 506 488 599 2 259 349 385 490
test_Adachi_00036.jpg,2 430 246 600 437
test_Sumida_00213.jpg,2 328 393 437 529 8 322 394 432 528
test_Sumida_00225.jpg,8 387 429 564 561
test_Nagakute_00228.jpg,5 0 330 344 596 5 1 384 133 594
test_Muroran_00371.jpg,2 281 390 435 594 2 128 396 207 600
test_Nagakute_00015.jpg,7 0 419 511 600
test_Nagakute_00225.jpg,7 112 342 600 441 8 482 425 597 559 8 0 428 120 567
test_Muroran_00221.jpg,5 94 309 564 600
test_Adachi_00290.jpg,2 316 307 475 579 2 333 325 441 474 8 368 339 466 451
test_Numazu_00352.jpg,5 86 416 573 599 5 66 431 336 596 5 296 413 528 574
test_Chiba_00004.jpg,7 30 514 495 600
test_Muroran_00108.jpg,5 84 362 421 600
test_Numazu_00118.jpg,1 84 347 188 508 2 215 281 269 592 8 302 296 520 545
test_Sumida_00079.jpg,2 272 398 403 551 8 69 412 207 563
test_Adachi_00107.jpg,2 358 191 565 512 2 457 346 599 571 8 37 155 274 584 8 389 200 597 350 8 271 165 352 211
test_Adachi_00291.jpg,1 397 389 598 584 8 383 368 595 587
test_Numazu_00128.jpg,5 223 402 485 592 6 0 309 411 599
test_Sumida_00009.jpg,8 52 446 241 539 8 333 436 524 564
test_Numazu_00134.jpg,1 208 357 291 490 8 4 284 208 596 8 323 284 600 470
test_Nagakute_00047.jpg,5 87 370 549 599
test_Muroran_00212.jpg,5 125 351 425 594
test_Adachi_00060.jpg,2 0 183 272 517
test_Numazu_00249.jpg,2 270 367 538 600
test_Nagakute_00022.jpg,1 111 363 225 481 3 208 408 524 468
test_Adachi_00121.jpg,2 0 183 272 517
test_Numazu_00241.jpg,2 268 279 367 595
test_Adachi_00004.jpg,8 134 252 237 561
test_Numazu_00144.jpg,5 0 324 459 598 5 224 311 503 597 5 7 291 249 590 8 289 313 458 593
test_Chiba_00078.jpg,2 0 183 272 517
test_Muroran_00028.jpg,5 113 316 566 587
test_Nagakute_00191.jpg,1 25 424 152 583 5 202 513 353 600
test_Adachi_00155.jpg,2 388 313 600 527
test_Muroran_00410.jpg,1 402 434 556 597 5 401 420 558 600
test_Numazu_00028.jpg,1 249 350 403 509 2 142 307 259 593 2 450 491 556 596
test_Numazu_00034.jpg,5 243 356 449 594
test_Sumida_00094.jpg,2 149 418 256 544
test_Nagakute_00036.jpg,7 48 431 545 517
test_Ichihara_00013.jpg,2 0 183 272 517
test_Muroran_00373.jpg,8 121 359 257 497
test_Adachi_00216.jpg,1 459 350 600 456 1 158 328 250 451
test_Adachi_00110.jpg,1 278 421 358 599
test_Chiba_00074.jpg,7 128 495 600 596
test_Sumida_00198.jpg,2 370 413 524 564
test_Ichihara_00025.jpg,8 197 461 467 599 8 394 379 600 593
test_Muroran_00207.jpg,5 5 380 439 600
test_Sumida_00164.jpg,2 0 183 272 517
test_Adachi_00213.jpg,2 373 363 588 581
test_Ichihara_00037.jpg,1 365 408 494 589 8 3 407 242 593 8 399 388 592 591
test_Numazu_00117.jpg,2 0 183 272 517
test_Numazu_00107.jpg,8 117 284 267 499
test_Nagakute_00003.jpg,1 210 392 278 570
test_Sumida_00176.jpg,2 0 183 272 517
test_Muroran_00090.jpg,5 169 398 558 600
test_Chiba_00036.jpg,8 16 415 199 584
test_Sumida_00196.jpg,2 0 183 272 517
test_Adachi_00075.jpg,2 0 183 272 517
test_Adachi_00151.jpg,1 315 270 593 533 1 197 383 377 549
test_Numazu_00184.jpg,5 162 452 600 600
test_Muroran_00226.jpg,2 0 183 272 517
test_Ichihara_00003.jpg,1 326 415 472 596 1 374 406 589 575 2 363 396 600 561
test_Muroran_00160.jpg,2 17 379 250 599 2 351 335 408 595
test_Muroran_00149.jpg,5 56 373 477 600
test_Muroran_00251.jpg,8 2 349 217 594
test_Muroran_00122.jpg,2 0 183 272 517
test_Nagakute_00128.jpg,5 10 305 506 599
test_Nagakute_00049.jpg,2 279 317 453 577 2 325 389 480 600 5 31 402 476 594
test_Muroran_00292.jpg,5 113 338 548 597
test_Nagakute_00256.jpg,2 0 183 272 517
test_Sumida_00072.jpg,7 220 432 600 520
test_Muroran_00205.jpg,5 235 397 586 599
test_Muroran_00366.jpg,5 255 349 406 592
test_Numazu_00368.jpg,1 374 438 480 593 8 318 341 536 582 8 7 394 368 596
test_Adachi_00313.jpg,2 0 183 272 517
test_Nagakute_00233.jpg,1 347 382 527 598 2 168 330 280 586 2 339 336 584 599
test_Adachi_00322.jpg,8 332 326 528 410
test_Adachi_00083.jpg,2 331 187 428 562 8 0 227 209 508 8 241 174 334 309
test_Nagakute_00204.jpg,7 79 484 600 600
test_Numazu_00407.jpg,8 104 398 397 598 8 292 343 587 591 8 0 318 161 491
test_Adachi_00089.jpg,2 462 406 547 600 5 380 453 525 594 8 278 370 445 540 8 468 434 552 599
test_Numazu_00303.jpg,2 0 340 171 534
test_Chiba_00029.jpg,8 24 475 172 600
