test_Numazu_00321.jpg,7 58 335 600 539
test_Numazu_00126.jpg,2 207 422 264 600
test_Adachi_00249.jpg,7 138 352 438 592 8 205 359 458 588
test_Numazu_00119.jpg,2 270 359 532 596
test_Muroran_00176.jpg,5 192 416 600 600 8 357 426 510 600
test_Numazu_00373.jpg,7 61 328 571 470
test_Sumida_00209.jpg,2 409 456 518 555
test_Nagakute_00089.jpg,2 234 349 304 596 8 462 478 599 599 8 212 360 290 502
test_Muroran_00284.jpg,5 49 375 564 579 5 0 321 250 597
test_Ichihara_00022.jpg,5 321 413 550 600
test_Muroran_00385.jpg,5 0 397 531 594
test_Muroran_00389.jpg,1 449 381 598 578 2 369 307 600 584
test_Numazu_00157.jpg,2 0 183 272 517
test_Adachi_00134.jpg,2 1 303 117 512 8 336 361 594 564
test_Sumida_00086.jpg,8 357 440 541 582
test_Adachi_00199.jpg,1 129 201 288 439 1 339 199 471 373
test_Chiba_00046.jpg,8 10 403 206 582 8 311 410 489 568
test_Sumida_00102.jpg,2 316 404 391 553
test_Muroran_00024.jpg,1 90 433 225 547 2 350 481 439 598
test_Numazu_00379.jpg,2 246 293 322 425
test_Sumida_00051.jpg,8 383 425 568 559
test_Muroran_00402.jpg,5 38 382 600 594 5 136 392 571 483 8 445 353 600 487
test_Adachi_00150.jpg,2 0 183 272 517
test_Chiba_00006.jpg,8 421 438 593 576 8 110 477 309 600
test_Nagakute_00040.jpg,1 250 426 343 596
test_Sumida_00208.jpg,8 490 416 594 575
test_Adachi_00141.jpg,2 283 298 419 574
test_Chiba_00092.jpg,1 312 477 411 578 2 183 479 300 588 8 431 465 600 573
test_Numazu_00290.jpg,1 501 472 596 586 1 262 233 325 395 1 197 382 311 509 7 18 286 504 398
test_Ichihara_00001.jpg,2 4 399 258 587 2 434 413 596 541
test_Sumida_00180.jpg,2 0 183 272 517
test_Ichihara_00048.jpg,2 450 473 558 599
test_Numazu_00211.jpg,5 2 415 184 595
test_Nagakute_00013.jpg,8 159 352 271 527
test_Nagakute_00027.jpg,2 293 320 569 538 8 4 319 176 527 8 295 322 554 540
test_Chiba_00001.jpg,2 0 183 272 517
test_Chiba_00084.jpg,2 388 464 586 583
test_Adachi_00103.jpg,1 314 388 479 535 5 319 364 466 533
test_Numazu_00165.jpg,2 0 183 272 517
test_Nagakute_00112.jpg,1 37 376 183 592
test_Muroran_00069.jpg,5 353 490 521 600 8 144 406 202 599
test_Chiba_00049.jpg,8 333 409 530 575
test_Muroran_00103.jpg,1 443 444 529 598
test_Adachi_00040.jpg,1 10 274 227 542 1 0 260 442 480 3 137 307 566 424
test_Nagakute_00087.jpg,1 134 420 229 596 8 0 381 188 564
test_Numazu_00267.jpg,5 473 478 599 600 7 126 407 545 489
test_Ichihara_00034.jpg,1 71 466 241 599 1 239 461 599 594 5 122 409 294 582 5 80 445 546 600
test_Numazu_00087.jpg,2 329 356 523 600 5 64 338 294 600
test_Muroran_00041.jpg,2 1 388 174 548 5 171 367 600 597
test_Muroran_00346.jpg,8 0 279 221 549 8 407 438 544 600
test_Sumida_00169.jpg,2 22 408 281 550
test_Nagakute_00023.jpg,8 47 294 274 600
test_Sumida_00125.jpg,2 310 425 380 546
test_Numazu_00312.jpg,5 0 320 335 600
test_Adachi_00157.jpg,2 385 352 468 595
test_Muroran_00313.jpg,2 0 183 272 517
test_Muroran_00290.jpg,2 473 447 600 578 8 16 344 226 600
test_Numazu_00256.jpg,5 17 356 474 598
test_Adachi_00247.jpg,2 456 398 600 553
test_Muroran_00232.jpg,5 168 338 578 600
test_Adachi_00266.jpg,2 0 183 272 517
test_Chiba_00048.jpg,8 224 477 331 591
test_Nagakute_00132.jpg,8 307 327 600 583 8 2 341 208 598
test_Adachi_00031.jpg,2 292 456 400 580 2 167 265 436 459 8 326 311 580 454
test_Adachi_00046.jpg,2 0 206 262 496 8 369 217 499 565
test_Nagakute_00017.jpg,1 414 429 492 580
test_Adachi_00203.jpg,2 278 376 338 598
test_Chiba_00035.jpg,2 392 447 564 580
test_Nagakute_00092.jpg,5 31 348 597 597 5 6 380 345 585
test_Numazu_00344.jpg,2 0 183 272 517
test_Muroran_00305.jpg,1 56 400 251 587 5 425 444 584 600 8 454 466 587 600
test_Nagakute_00120.jpg,5 0 365 204 600 8 320 374 482 507
test_Muroran_00223.jpg,5 380 294 594 505 5 248 322 576 556
test_Adachi_00242.jpg,1 32 314 229 509 8 406 292 595 506
test_Sumida_00124.jpg,8 352 415 526 568
test_Numazu_00060.jpg,5 0 424 444 597
test_Numazu_00049.jpg,1 273 351 361 454 2 45 287 207 598
test_Sumida_00194.jpg,7 198 432 577 543
test_Numazu_00101.jpg,2 281 308 449 576 5 221 311 438 588
test_Nagakute_00170.jpg,5 228 369 467 598 8 5 329 252 600 8 309 346 598 596
test_Numazu_00080.jpg,8 303 426 462 599
test_Numazu_00311.jpg,5 26 406 540 596
test_Chiba_00018.jpg,2 153 475 342 594
test_Numazu_00309.jpg,5 311 397 422 504
test_Numazu_00386.jpg,1 130 357 205 579 8 341 356 597 581 8 0 318 134 532
test_Numazu_00359.jpg,2 91 383 247 599 5 186 380 600 596 5 133 403 300 600
test_Adachi_00090.jpg,2 0 183 272 517
test_Sumida_00143.jpg,7 90 438 554 559
test_Sumida_00047.jpg,2 362 389 545 522
test_Sumida_00078.jpg,2 243 410 305 558
test_Nagakute_00034.jpg,2 234 320 291 593 8 35 338 226 600
test_Muroran_00275.jpg,1 429 444 592 579 1 428 424 562 527 8 27 285 192 600 8 448 474 591 600
test_Numazu_00378.jpg,1 0 367 130 586 8 307 295 600 581 8 0 277 186 471
test_Nagakute_00152.jpg,1 485 431 597 541 1 133 486 249 600 8 3 393 127 538
test_Numazu_00380.jpg,7 56 380 600 600
test_Nagakute_00213.jpg,2 303 374 590 590
test_Numazu_00155.jpg,5 0 379 147 583 5 290 338 519 588 8 318 346 548 563 8 5 332 140 518
test_Chiba_00019.jpg,7 4 469 552 592
test_Sumida_00067.jpg,2 0 183 272 517
test_Numazu_00065.jpg,2 298 322 387 452
test_Sumida_00201.jpg,2 359 440 431 558
test_Numazu_00364.jpg,2 241 345 432 600
test_Numazu_00354.jpg,1 366 394 530 561 3 139 463 587 564 8 0 329 153 532 8 127 350 281 593
test_Numazu_00086.jpg,2 276 410 374 585 2 57 386 198 595 8 1 374 175 561
test_Chiba_00088.jpg,1 293 475 383 579 2 452 474 600 565
test_Chiba_00025.jpg,2 260 456 383 557
test_Chiba_00075.jpg,2 0 183 272 517
test_Nagakute_00163.jpg,1 58 273 166 417
test_Muroran_00195.jpg,1 204 404 275 598 1 157 328 388 591 5 3 398 169 600 5 0 350 405 600
test_Adachi_00106.jpg,2 364 281 550 586
test_Chiba_00070.jpg,2 458 495 549 588
test_Nagakute_00070.jpg,2 0 183 272 517
test_Adachi_00204.jpg,1 204 422 295 568 8 297 340 408 600
test_Muroran_00415.jpg,5 312 413 600 600
test_Adachi_00032.jpg,7 10 337 577 518
test_Adachi_00243.jpg,7 119 464 535 593 8 196 456 430 594
test_Sumida_00040.jpg,7 39 435 488 519
test_Nagakute_00162.jpg,1 101 430 265 600 8 306 357 595 595
test_Numazu_00403.jpg,8 0 276 187 467 8 290 279 597 534
test_Nagakute_00178.jpg,1 151 376 237 579 8 20 373 192 594
test_Muroran_00404.jpg,2 263 320 314 600
test_Numazu_00185.jpg,1 4 316 115 508 1 164 413 261 566 8 9 285 158 595
test_Numazu_00164.jpg,1 5 343 211 556 2 217 265 265 546 8 296 301 585 555
test_Muroran_00079.jpg,1 213 403 296 589 2 354 389 511 596
test_Nagakute_00012.jpg,2 115 402 275 597
test_Nagakute_00010.jpg,2 268 345 327 598
test_Adachi_00051.jpg,1 73 290 433 547 2 289 119 489 246 2 9 273 139 600 5 25 258 496 532
test_Muroran_00386.jpg,2 170 349 285 600 8 406 414 553 599
test_Nagakute_00083.jpg,5 46 334 520 600
test_Muroran_00029.jpg,2 340 378 442 548
test_Adachi_00190.jpg,8 253 431 363 597
test_Sumida_00058.jpg,2 25 417 214 527 8 375 451 563 559 8 334 448 485 549
test_Numazu_00033.jpg,5 153 340 311 586
test_Muroran_00125.jpg,2 329 401 522 591
test_Numazu_00356.jpg,5 157 431 600 597 5 3 505 126 600
test_Adachi_00005.jpg,3 146 500 402 557
test_Nagakute_00174.jpg,7 54 497 548 598
test_Chiba_00010.jpg,1 118 470 236 590 8 300 437 459 592
test_Nagakute_00062.jpg,1 271 386 443 600 2 220 378 451 600 5 283 384 438 598
test_Nagakute_00085.jpg,2 10 379 209 598 5 36 481 406 594 5 310 398 594 591 8 329 401 600 573
test_Nagakute_00058.jpg,1 272 415 373 581 1 55 366 149 515 8 2 332 154 464
test_Muroran_00055.jpg,5 452 395 591 501
test_Nagakute_00084.jpg,1 98 296 261 598 8 93 295 273 600
test_Sumida_00037.jpg,2 143 418 291 571
test_Nagakute_00240.jpg,1 209 322 300 417 8 309 294 600 519
test_Muroran_00141.jpg,5 85 436 476 599
test_Numazu_00204.jpg,3 164 474 557 588 5 0 368 531 596 8 0 283 177 482
test_Nagakute_00180.jpg,2 60 353 210 594
test_Adachi_00253.jpg,1 10 214 223 440
test_Adachi_00081.jpg,7 11 302 492 421
test_Numazu_00381.jpg,2 230 299 316 472
test_Muroran_00156.jpg,1 280 350 555 582 1 338 451 472 597 8 14 340 204 600 8 352 356 597 560
test_Sumida_00134.jpg,2 133 420 223 520
test_Numazu_00076.jpg,2 284 267 328 454
test_Ichihara_00049.jpg,8 0 474 121 579 8 478 467 599 581
test_Sumida_00190.jpg,2 0 183 272 517
test_Muroran_00201.jpg,1 319 375 499 600 1 33 394 192 600 2 308 310 515 551 5 297 313 507 560 8 5 362 186 591
test_Adachi_00286.jpg,1 16 370 312 545 1 28 308 497 540 8 80 309 494 539
test_Numazu_00092.jpg,2 163 377 245 569 5 82 403 244 596
test_Numazu_00218.jpg,5 250 416 530 565
test_Nagakute_00167.jpg,1 353 433 456 594 2 260 227 346 600 8 0 228 275 519 8 5 309 162 498
test_Numazu_00114.jpg,2 31 296 220 581 5 27 329 361 583
test_Adachi_00135.jpg,1 32 406 200 571 1 328 354 465 444
test_Chiba_00076.jpg,2 93 513 206 595
test_Muroran_00020.jpg,2 260 362 322 595
test_Muroran_00383.jpg,5 9 405 469 600
test_Numazu_00171.jpg,5 97 311 266 442 8 352 299 567 524
test_Numazu_00285.jpg,5 280 420 600 598 8 140 401 222 599
test_Sumida_00098.jpg,7 23 445 482 533
test_Muroran_00312.jpg,2 345 404 600 594 8 205 351 376 425
test_Nagakute_00146.jpg,5 176 385 600 600 8 124 408 600 597
test_Adachi_00308.jpg,2 0 183 272 517
test_Muroran_00014.jpg,2 298 361 457 599 5 328 360 582 550
test_Muroran_00333.jpg,2 0 183 272 517
test_Muroran_00174.jpg,1 156 387 281 600 2 160 369 298 600
test_Adachi_00014.jpg,2 196 366 335 595
test_Numazu_00230.jpg,2 280 400 480 589 8 80 305 211 471
test_Nagakute_00114.jpg,1 222 333 306 572 2 36 346 172 587 8 288 334 572 590
test_Muroran_00299.jpg,5 279 376 571 600
test_Nagakute_00196.jpg,1 218 350 339 521 1 51 347 174 462 5 204 353 329 515 8 4 322 170 458
test_Muroran_00240.jpg,1 134 429 267 600 8 437 392 596 560
test_Sumida_00033.jpg,2 326 407 423 519
test_Muroran_00112.jpg,5 50 408 352 600
test_Sumida_00105.jpg,2 0 183 272 517
test_Numazu_00338.jpg,5 414 468 600 580 8 27 436 210 596
test_Numazu_00202.jpg,8 446 478 574 600 8 4 264 225 476
test_Adachi_00069.jpg,5 13 192 185 454
test_Ichihara_00021.jpg,1 151 410 296 599 8 387 399 600 576 8 64 391 286 596
test_Numazu_00160.jpg,7 0 411 493 599 8 32 309 162 478
test_Adachi_00299.jpg,2 4 443 117 592
test_Muroran_00345.jpg,1 99 306 393 593 5 0 314 382 590 5 5 311 132 588
test_Muroran_00163.jpg,1 313 358 581 596 5 130 393 592 600 5 361 344 589 594 5 197 446 402 600
test_Numazu_00390.jpg,2 452 479 600 593 5 71 407 266 597 5 54 409 517 598 5 300 469 600 597
test_Adachi_00068.jpg,1 111 318 457 569 3 35 315 561 531 5 117 297 433 565
test_Chiba_00026.jpg,8 187 497 293 594
test_Adachi_00072.jpg,8 486 307 595 440
test_Nagakute_00125.jpg,3 7 415 317 572 3 0 395 496 551 3 142 410 600 522 5 257 395 600 531
test_Muroran_00260.jpg,1 297 449 385 599 1 391 483 587 600 5 0 417 542 595
test_Numazu_00176.jpg,2 228 300 342 600 2 298 343 595 597
test_Muroran_00005.jpg,2 90 366 217 577 5 186 415 600 599
test_Adachi_00329.jpg,2 384 363 582 592
test_Numazu_00333.jpg,7 16 422 600 600
test_Sumida_00081.jpg,7 24 455 564 566
test_Numazu_00310.jpg,2 284 355 418 591 5 420 359 592 521 8 427 352 600 491
test_Numazu_00284.jpg,2 245 319 303 593
test_Numazu_00357.jpg,2 334 399 566 596 8 278 341 574 595
test_Nagakute_00185.jpg,5 251 345 424 592
test_Muroran_00322.jpg,2 402 316 600 578
test_Nagakute_00091.jpg,5 34 278 219 546
test_Nagakute_00159.jpg,2 178 275 242 501 2 53 482 128 600
test_Adachi_00180.jpg,2 326 168 411 600
test_Adachi_00130.jpg,2 110 298 261 507 2 415 328 584 597 2 52 363 219 595 2 37 246 285 600 8 373 242 590 536
test_Numazu_00317.jpg,2 357 427 566 596
test_Numazu_00388.jpg,2 54 274 218 593 5 76 288 257 595
test_Numazu_00374.jpg,2 261 302 382 600 5 0 295 352 593
test_Nagakute_00029.jpg,7 0 430 508 598 8 113 297 311 451
test_Muroran_00006.jpg,8 431 388 558 522 8 28 322 296 596
test_Muroran_00397.jpg,2 0 183 272 517
test_Numazu_00396.jpg,2 295 448 383 597
test_Sumida_00060.jpg,2 0 183 272 517
test_Adachi_00164.jpg,5 46 299 387 566 8 410 217 593 444
test_Adachi_00236.jpg,8 380 263 587 469
test_Muroran_00131.jpg,1 409 453 495 597 8 65 382 273 599 8 138 368 280 538
test_Nagakute_00199.jpg,2 347 328 585 593 8 2 273 184 563
test_Muroran_00238.jpg,5 109 288 246 438
test_Sumida_00217.jpg,2 0 183 272 517
test_Muroran_00045.jpg,5 0 392 427 599 5 1 404 200 600
test_Nagakute_00254.jpg,8 0 314 209 520
test_Sumida_00226.jpg,8 213 433 313 573
test_Ichihara_00024.jpg,1 154 458 284 600 2 437 376 558 453
test_Adachi_00265.jpg,1 170 238 444 463
test_Adachi_00021.jpg,2 169 172 279 540
test_Muroran_00104.jpg,2 194 414 279 598 2 446 427 600 600 8 477 465 598 600 8 0 377 213 592
test_Sumida_00168.jpg,2 0 183 272 517
test_Nagakute_00099.jpg,5 165 339 487 596 5 356 387 600 600
test_Nagakute_00086.jpg,7 0 403 493 600
test_Nagakute_00121.jpg,1 73 434 187 598 1 214 425 292 593 8 0 390 138 582 8 296 410 526 596
test_Nagakute_00154.jpg,4 136 460 600 579
test_Numazu_00340.jpg,5 368 412 560 567 8 0 322 146 575
test_Numazu_00222.jpg,2 0 183 272 517
test_Muroran_00283.jpg,5 5 342 166 577
test_Sumida_00100.jpg,2 0 183 272 517
test_Numazu_00029.jpg,5 20 393 430 600 5 186 419 554 599
test_Numazu_00393.jpg,5 345 288 598 428
test_Adachi_00251.jpg,1 348 414 471 535
test_Nagakute_00216.jpg,5 15 457 136 593 5 185 468 552 597
test_Numazu_00405.jpg,5 176 337 342 576 8 345 261 600 550 8 3 252 168 452
test_Muroran_00071.jpg,5 353 395 453 558 5 0 370 526 596 6 2 385 565 594
test_Sumida_00227.jpg,2 356 412 462 554
test_Numazu_00131.jpg,5 36 360 291 589
test_Muroran_00198.jpg,5 0 370 455 595
test_Sumida_00042.jpg,2 0 183 272 517
test_Numazu_00348.jpg,5 70 437 448 594 5 190 455 599 600 5 428 445 600 595 8 441 453 600 596
test_Chiba_00020.jpg,7 151 511 600 598
test_Muroran_00261.jpg,1 97 491 209 597 5 351 456 590 598
test_Adachi_00224.jpg,2 263 150 323 308 2 193 190 314 565 2 187 362 277 574 2 448 306 594 480
test_Adachi_00195.jpg,1 348 498 510 600 3 93 433 343 502
test_Adachi_00124.jpg,2 407 380 600 586
test_Adachi_00131.jpg,1 328 362 507 528 5 188 341 507 577
test_Numazu_00254.jpg,2 0 183 272 517
test_Nagakute_00229.jpg,1 112 439 208 572 2 263 337 332 600 5 345 407 542 600
test_Nagakute_00144.jpg,1 11 378 251 568 2 12 383 241 569
test_Nagakute_00073.jpg,2 329 297 594 584 8 33 320 297 599
test_Nagakute_00021.jpg,2 93 257 226 600
test_Sumida_00029.jpg,2 365 435 452 546
test_Muroran_00365.jpg,1 453 407 593 562 8 7 332 266 554 8 400 422 551 598
test_Sumida_00030.jpg,8 361 426 532 559
test_Sumida_00165.jpg,2 0 418 214 554
test_Muroran_00023.jpg,5 116 316 556 600 5 3 298 363 600
test_Numazu_00361.jpg,2 0 183 272 517
test_Muroran_00295.jpg,5 239 468 393 576 8 230 470 399 584
test_Muroran_00179.jpg,2 371 440 483 594
test_Adachi_00219.jpg,1 307 374 471 499 5 327 387 466 496
test_Nagakute_00241.jpg,1 105 416 232 593 2 310 342 386 600 8 12 337 254 595
test_Numazu_00180.jpg,8 280 415 501 593
test_Ichihara_00046.jpg,2 124 409 308 581
test_Sumida_00123.jpg,2 0 392 224 539 8 5 419 173 519
test_Numazu_00108.jpg,5 447 409 595 571
test_Numazu_00288.jpg,2 315 431 423 577
test_Numazu_00258.jpg,2 0 183 272 517
test_Sumida_00096.jpg,2 0 412 165 523 2 222 429 307 549 8 421 437 591 579 8 473 493 588 581
test_Adachi_00262.jpg,7 63 389 579 561
test_Numazu_00372.jpg,2 130 299 265 594 6 215 291 513 572
test_Sumida_00118.jpg,2 0 183 272 517
test_Numazu_00385.jpg,5 11 359 194 595
test_Adachi_00327.jpg,8 434 375 599 535 8 14 387 252 554
test_Nagakute_00202.jpg,8 271 370 600 593 8 7 348 183 494
test_Numazu_00339.jpg,8 0 294 199 559 8 313 310 572 569 8 397 392 591 594
test_Nagakute_00217.jpg,1 159 389 276 600
test_Nagakute_00008.jpg,2 302 389 374 549 5 41 420 536 595 5 9 477 360 600 5 276 405 493 584
test_Chiba_00069.jpg,2 0 183 272 517
test_Numazu_00168.jpg,5 14 352 307 600 5 229 333 568 600 8 284 311 493 600 8 0 332 112 457
test_Chiba_00045.jpg,1 285 481 369 589 8 203 473 328 592
test_Sumida_00111.jpg,8 420 475 579 558
test_Numazu_00302.jpg,1 406 441 526 589 2 0 337 123 512
test_Muroran_00194.jpg,5 10 398 166 576
test_Numazu_00292.jpg,2 315 306 564 550
test_Numazu_00225.jpg,2 149 296 225 539 5 160 345 472 585
test_Sumida_00045.jpg,7 197 432 577 543
test_Sumida_00068.jpg,2 334 404 404 535
test_Muroran_00407.jpg,5 249 379 548 595
test_Muroran_00293.jpg,2 0 183 272 517
test_Muroran_00418.jpg,5 38 378 502 591
test_Ichihara_00030.jpg,5 60 383 312 600 5 117 382 594 600
test_Adachi_00117.jpg,2 0 183 272 517
test_Sumida_00106.jpg,2 0 183 272 517
test_Muroran_00153.jpg,1 105 431 264 593 8 1 332 258 580
test_Nagakute_00187.jpg,1 297 427 494 597 2 261 376 518 595 2 173 369 269 600 5 287 399 525 593
test_Adachi_00018.jpg,2 339 332 424 598
test_Muroran_00354.jpg,2 319 385 469 591
test_Numazu_00210.jpg,5 103 466 507 599 5 310 450 518 600 6 132 444 448 595
test_Ichihara_00026.jpg,8 440 484 557 598
test_Ichihara_00047.jpg,2 463 419 595 531
test_Adachi_00269.jpg,2 382 314 484 399 7 29 388 596 600
test_Adachi_00276.jpg,2 431 297 600 545
test_Nagakute_00190.jpg,1 31 346 220 566
test_Muroran_00425.jpg,8 278 333 339 599
test_Muroran_00074.jpg,5 298 375 413 503
test_Muroran_00130.jpg,5 132 382 453 597
test_Adachi_00153.jpg,1 275 425 363 597
test_Numazu_00395.jpg,2 49 378 224 596
test_Numazu_00366.jpg,2 290 365 438 584 2 3 388 110 583 7 88 270 403 337 8 406 366 598 576 8 243 434 324 583
test_Sumida_00166.jpg,2 327 388 393 539
test_Numazu_00259.jpg,1 336 449 419 600 1 462 431 580 543
test_Muroran_00315.jpg,5 86 342 595 598 5 345 358 600 591
test_Nagakute_00078.jpg,1 268 322 447 531 2 382 344 600 558 8 0 266 202 520
test_Numazu_00246.jpg,2 260 388 407 594 5 257 379 581 597
test_Chiba_00079.jpg,1 177 464 260 578 1 289 475 369 594
test_Numazu_00323.jpg,7 142 353 600 484
test_Numazu_00397.jpg,2 233 385 325 600
test_Numazu_00235.jpg,1 31 338 219 577 1 313 382 532 585 8 279 290 567 531
test_Numazu_00315.jpg,1 308 417 421 574 8 3 370 113 514 8 404 413 583 590 8 316 333 596 592
test_Chiba_00089.jpg,2 0 183 272 517
test_Adachi_00263.jpg,1 394 353 588 600
test_Adachi_00128.jpg,1 2 311 254 570 5 2 296 239 519
test_Muroran_00007.jpg,5 23 337 506 600
test_Numazu_00277.jpg,8 300 392 570 600 8 9 390 176 537
test_Nagakute_00109.jpg,2 233 290 418 542 2 269 343 473 600 3 72 433 329 493
test_Numazu_00281.jpg,5 14 344 247 573
test_Ichihara_00045.jpg,7 63 437 600 598
test_Muroran_00132.jpg,5 47 377 592 600
test_Muroran_00213.jpg,5 29 374 492 598 5 331 387 505 595
test_Muroran_00120.jpg,1 355 500 464 599 5 0 463 359 597
test_Numazu_00105.jpg,2 336 335 573 585
test_Nagakute_00201.jpg,5 203 405 390 597 8 23 403 186 600
test_Adachi_00096.jpg,2 294 307 415 588
test_Adachi_00270.jpg,2 188 347 256 600
test_Muroran_00419.jpg,5 30 340 549 594 5 278 326 540 554 5 3 337 266 593
test_Adachi_00289.jpg,8 1 294 258 600
test_Muroran_00298.jpg,2 368 381 585 596
test_Numazu_00036.jpg,2 6 276 209 600 5 59 327 305 581 8 353 397 556 592
test_Ichihara_00028.jpg,7 0 457 529 600
test_Numazu_00391.jpg,5 0 363 439 590 5 218 368 375 589
test_Nagakute_00244.jpg,1 301 404 419 537 8 0 319 193 500
test_Muroran_00294.jpg,5 156 452 336 598
test_Sumida_00193.jpg,2 189 406 282 543
test_Ichihara_00029.jpg,1 387 405 570 600 5 385 397 562 600
test_Muroran_00143.jpg,1 107 413 262 600 5 5 369 230 586 8 370 394 475 600
test_Sumida_00197.jpg,2 0 183 272 517
test_Sumida_00141.jpg,1 161 457 292 571 8 391 442 590 590 8 170 457 303 573 8 72 453 244 570
test_Muroran_00047.jpg,2 173 341 256 600 8 419 391 600 530
test_Muroran_00085.jpg,1 372 416 516 599 5 26 381 404 600
test_Muroran_00244.jpg,5 439 416 595 572 8 496 457 600 567 8 74 335 252 600
test_Muroran_00348.jpg,5 217 336 580 580
test_Nagakute_00250.jpg,7 1 381 600 600
test_Adachi_00154.jpg,1 396 389 569 587 2 400 387 568 600
test_Nagakute_00274.jpg,1 340 431 535 596 5 0 473 353 599 5 132 482 514 599 8 350 426 541 600 8 3 361 192 546
test_Adachi_00085.jpg,2 158 302 264 589
test_Adachi_00261.jpg,2 6 159 155 476
test_Sumida_00031.jpg,8 371 410 555 567
test_Muroran_00100.jpg,5 274 494 440 574
test_Nagakute_00198.jpg,1 247 420 312 600 2 250 408 308 600
test_Nagakute_00139.jpg,1 36 378 153 600 5 280 421 523 596 8 0 297 122 505
test_Numazu_00229.jpg,2 0 307 101 516
test_Adachi_00073.jpg,2 420 465 545 593 8 338 381 447 486 8 354 424 552 484
test_Muroran_00031.jpg,5 21 362 524 600
test_Muroran_00257.jpg,5 46 358 419 594 5 78 331 279 554
test_Muroran_00357.jpg,5 48 405 536 599
test_Numazu_00370.jpg,2 252 362 332 592
test_Nagakute_00168.jpg,4 16 457 471 567 8 4 327 164 478
test_Adachi_00165.jpg,7 34 190 579 392
test_Adachi_00208.jpg,2 116 399 212 511 5 358 336 571 599 5 155 384 600 596 8 430 411 575 598
test_Adachi_00086.jpg,1 150 325 254 513 1 314 296 424 411 1 6 322 142 423
test_Adachi_00273.jpg,2 142 254 284 600 8 215 283 398 426
test_Adachi_00225.jpg,8 29 289 255 521 8 79 140 425 404 8 23 224 200 452
test_Adachi_00030.jpg,7 0 173 531 372
test_Muroran_00204.jpg,1 195 330 376 600 5 114 334 434 592
test_Numazu_00240.jpg,2 257 372 413 600
test_Muroran_00328.jpg,1 308 406 373 598 1 168 429 281 600 2 412 336 526 445
test_Sumida_00043.jpg,2 328 448 389 571
test_Adachi_00228.jpg,7 42 328 600 598
test_Muroran_00008.jpg,5 158 333 562 594 5 1 434 157 595 5 0 350 379 600
test_Adachi_00029.jpg,8 5 209 202 361
test_Muroran_00384.jpg,2 380 347 575 594 5 372 364 590 598 5 433 491 574 591
test_Numazu_00250.jpg,2 296 309 568 600 2 100 323 251 587 2 378 400 549 595 8 418 374 588 526
test_Adachi_00240.jpg,2 0 183 272 517
test_Nagakute_00227.jpg,5 164 364 324 534
test_Ichihara_00038.jpg,1 410 393 497 571
test_Nagakute_00127.jpg,1 283 517 396 600
test_Adachi_00197.jpg,2 340 231 422 419 8 396 413 487 584
test_Muroran_00420.jpg,1 323 363 397 472 8 369 396 590 599
test_Adachi_00105.jpg,1 106 214 227 600 2 497 227 598 344
test_Numazu_00095.jpg,5 234 303 392 592 5 0 359 393 593 7 0 408 371 594 8 9 424 292 591
test_Muroran_00297.jpg,2 360 360 585 549 5 137 437 288 543
test_Nagakute_00226.jpg,1 88 357 176 475 8 262 351 546 593
test_Chiba_00052.jpg,2 0 183 272 517
test_Muroran_00115.jpg,2 299 340 356 598
test_Muroran_00058.jpg,8 0 502 106 600
test_Muroran_00381.jpg,2 118 346 194 588 8 269 336 356 384
test_Sumida_00151.jpg,2 367 383 512 549 2 419 435 504 541
test_Nagakute_00173.jpg,1 100 472 494 600 5 56 451 600 600 7 203 335 597 466 7 46 330 580 555
test_Chiba_00034.jpg,2 290 398 411 546
test_Muroran_00059.jpg,2 305 381 373 497 7 27 477 566 600
test_Numazu_00097.jpg,5 113 408 294 598
test_Numazu_00233.jpg,1 145 358 324 576
test_Chiba_00038.jpg,8 304 458 502 598
test_Adachi_00314.jpg,2 372 368 544 599
test_Sumida_00059.jpg,2 327 408 415 545
test_Sumida_00205.jpg,8 380 424 580 570
test_Muroran_00321.jpg,5 111 371 600 600 8 407 500 524 600
test_Nagakute_00016.jpg,5 115 366 370 595 5 367 415 599 598
test_Numazu_00268.jpg,8 117 362 304 600
test_Adachi_00246.jpg,7 0 140 484 328 7 87 140 594 274
test_Numazu_00384.jpg,7 39 300 585 464
test_Adachi_00087.jpg,2 0 183 272 517
test_Numazu_00170.jpg,7 165 346 510 511
test_Adachi_00127.jpg,1 135 464 215 595 8 362 306 597 562
test_Adachi_00172.jpg,1 124 220 285 479
test_Sumida_00041.jpg,2 0 183 272 517
test_Numazu_00193.jpg,1 45 421 153 573
test_Sumida_00028.jpg,2 364 419 482 551
test_Muroran_00376.jpg,5 57 354 406 520
test_Adachi_00237.jpg,8 270 310 597 519
test_Nagakute_00239.jpg,1 224 414 329 592
test_Ichihara_00042.jpg,1 383 396 514 477 8 0 477 156 597
test_Nagakute_00181.jpg,5 50 352 518 600
test_Sumida_00135.jpg,8 472 505 594 597
test_Numazu_00083.jpg,5 0 355 359 595 8 210 338 510 590
test_Muroran_00180.jpg,2 0 183 272 517
test_Muroran_00269.jpg,5 0 367 567 599
test_Numazu_00030.jpg,8 184 303 346 551 8 163 386 396 595
test_Chiba_00002.jpg,7 0 509 369 598
test_Numazu_00336.jpg,8 377 461 593 597 8 285 348 565 600 8 301 320 484 518 8 67 291 222 583
test_Adachi_00035.jpg,4 234 451 600 548
test_Nagakute_00030.jpg,1 347 455 585 596 2 264 353 356 599
test_Muroran_00035.jpg,1 59 403 222 598 8 448 389 600 514 8 391 426 542 597
test_Muroran_00424.jpg,5 68 410 600 597
test_Muroran_00186.jpg,1 273 334 325 530 8 0 333 223 560 8 357 364 471 506
test_Muroran_00326.jpg,5 36 372 280 600
test_Muroran_00417.jpg,2 392 340 597 597 2 0 398 182 579 8 186 386 337 551
test_Muroran_00398.jpg,5 344 440 562 591
test_Nagakute_00260.jpg,2 259 301 504 598 3 346 419 568 484
test_Muroran_00053.jpg,5 129 472 553 596
test_Sumida_00091.jpg,5 160 386 280 482
test_Sumida_00170.jpg,2 313 388 405 532
test_Muroran_00413.jpg,2 418 362 531 599 7 65 302 259 405
test_Muroran_00388.jpg,1 16 344 266 589 5 7 343 265 600 5 105 382 600 594 5 333 452 560 592
test_Adachi_00061.jpg,1 416 250 599 446 2 0 356 158 588 2 416 252 598 448
test_Nagakute_00074.jpg,5 117 340 287 600 8 453 367 599 491
test_Nagakute_00043.jpg,1 120 431 210 595 1 301 389 444 567 8 4 306 209 504
test_Adachi_00196.jpg,2 335 314 556 581
test_Muroran_00078.jpg,2 0 183 272 517
test_Adachi_00013.jpg,2 423 396 543 590
test_Numazu_00064.jpg,2 0 183 272 517
test_Muroran_00273.jpg,2 15 327 194 592
test_Nagakute_00041.jpg,1 227 492 385 600
test_Nagakute_00057.jpg,2 392 476 479 596
test_Ichihara_00002.jpg,1 377 426 530 588 8 20 442 202 596
test_Nagakute_00221.jpg,1 350 459 599 599 3 26 486 261 533
test_Muroran_00109.jpg,5 64 356 550 596
test_Numazu_00161.jpg,8 295 265 589 515 8 7 287 202 467
test_Adachi_00250.jpg,2 301 307 442 597
test_Muroran_00138.jpg,5 112 364 559 597
test_Muroran_00211.jpg,2 183 451 382 595 5 478 453 598 600
test_Nagakute_00061.jpg,7 0 442 492 600
test_Numazu_00006.jpg,2 0 183 272 517
test_Numazu_00353.jpg,2 307 352 472 600
test_Numazu_00201.jpg,2 317 472 387 598 2 445 466 509 597
test_Muroran_00391.jpg,2 335 375 428 596
test_Muroran_00219.jpg,2 343 348 599 573 2 270 364 358 600
test_Sumida_00018.jpg,8 436 487 599 579
test_Numazu_00147.jpg,5 9 420 399 596
test_Muroran_00344.jpg,5 41 390 569 594
test_Numazu_00013.jpg,2 0 183 272 517
test_Numazu_00261.jpg,2 82 267 236 591 2 139 269 220 466 2 84 370 182 585 5 36 366 210 580
test_Adachi_00098.jpg,1 392 409 485 525 2 162 375 260 585 7 205 302 600 388
test_Nagakute_00113.jpg,2 84 265 247 558
test_Numazu_00110.jpg,2 311 335 584 587 5 148 368 315 597 8 335 336 556 574 8 154 342 292 535
test_Adachi_00321.jpg,2 304 338 474 600
test_Chiba_00061.jpg,2 0 183 272 517
test_Adachi_00217.jpg,7 0 328 494 534
test_Nagakute_00116.jpg,1 328 385 510 598 1 165 436 250 578 1 309 384 420 506
test_Chiba_00011.jpg,2 372 443 597 576
test_Muroran_00310.jpg,1 468 426 596 537
test_Numazu_00178.jpg,5 102 479 433 593
test_Ichihara_00023.jpg,1 397 394 595 582 8 381 383 600 588
test_Adachi_00275.jpg,2 432 303 600 586
test_Numazu_00306.jpg,1 203 278 334 440
test_Nagakute_00140.jpg,2 236 396 418 600
test_Muroran_00098.jpg,2 390 415 595 593 8 7 481 118 596
test_Nagakute_00031.jpg,7 3 418 584 600
test_Numazu_00063.jpg,5 0 351 461 583 5 13 354 252 535 5 196 318 378 506
test_Muroran_00137.jpg,1 290 392 426 592 1 372 409 480 564
test_Nagakute_00038.jpg,5 134 455 258 557 8 0 404 179 600
test_Nagakute_00262.jpg,1 277 380 411 582 8 1 350 166 510
test_Adachi_00201.jpg,2 315 469 389 598 8 374 384 480 466
test_Muroran_00111.jpg,5 259 402 456 596 8 343 444 446 600
test_Muroran_00416.jpg,5 291 417 504 503 5 70 396 309 485
test_Chiba_00058.jpg,1 301 431 391 539
test_Nagakute_00149.jpg,2 373 407 526 510
test_Adachi_00318.jpg,7 138 143 586 259 8 0 495 370 597 8 0 505 202 592
test_Sumida_00056.jpg,7 53 459 537 555
test_Adachi_00161.jpg,8 147 346 451 597
test_Nagakute_00093.jpg,8 18 360 195 597 8 324 419 593 597
test_Nagakute_00147.jpg,1 53 418 182 600
test_Numazu_00093.jpg,2 0 183 272 517
test_Numazu_00192.jpg,2 118 274 212 433 2 21 288 198 600 5 330 321 596 595
test_Nagakute_00072.jpg,1 219 441 276 600
test_Adachi_00020.jpg,1 94 195 259 451 1 83 334 175 506 8 260 113 342 446
test_Sumida_00015.jpg,1 349 454 417 543 8 323 412 464 554
test_Muroran_00068.jpg,5 72 332 279 593 5 219 459 561 599 5 408 470 596 597 5 455 329 593 439 8 417 374 551 505
test_Numazu_00071.jpg,8 27 342 186 587
test_Adachi_00054.jpg,1 5 329 106 433
test_Sumida_00006.jpg,1 80 463 205 554 8 16 463 183 564
test_Numazu_00132.jpg,5 28 339 430 600
test_Muroran_00246.jpg,1 313 351 426 600
test_Numazu_00401.jpg,1 134 398 238 551 8 315 387 597 600
test_Numazu_00103.jpg,5 236 373 557 525
test_Sumida_00016.jpg,2 217 429 292 543
test_Muroran_00255.jpg,5 24 312 511 599 5 229 336 600 594
test_Numazu_00078.jpg,6 129 379 353 597
test_Muroran_00343.jpg,2 0 183 272 517
test_Nagakute_00066.jpg,2 278 352 326 593
test_Muroran_00060.jpg,1 129 456 216 579 1 418 442 599 579
test_Numazu_00350.jpg,2 309 319 361 588
test_Chiba_00021.jpg,1 442 480 586 578 5 309 464 392 587
test_Nagakute_00197.jpg,2 144 393 200 597
test_Adachi_00268.jpg,1 247 322 367 433
test_Muroran_00245.jpg,2 244 364 312 600 3 83 503 307 556
test_Numazu_00220.jpg,5 253 312 525 576 6 254 337 503 576
test_Muroran_00117.jpg,2 192 422 283 597 2 0 410 180 564
test_Adachi_00088.jpg,2 188 280 272 482
test_Numazu_00308.jpg,5 43 473 243 600
test_Muroran_00183.jpg,5 130 285 547 600 5 8 330 400 600
test_Sumida_00055.jpg,2 337 429 406 546 8 383 429 541 559 8 117 441 233 558
test_Nagakute_00265.jpg,2 342 359 600 595 2 146 309 271 532 8 327 362 600 600
test_Sumida_00195.jpg,2 0 183 272 517
test_Nagakute_00135.jpg,1 167 507 341 595 8 7 375 212 600 8 355 368 600 582
test_Sumida_00063.jpg,2 400 421 600 527 2 148 427 287 526
test_Adachi_00099.jpg,8 39 290 203 600
test_Adachi_00257.jpg,7 28 171 494 310
test_Numazu_00088.jpg,5 44 392 507 600 5 312 437 600 595 8 5 359 195 597 8 410 471 589 597 8 1 442 131 599
test_Chiba_00068.jpg,2 0 183 272 517
test_Muroran_00070.jpg,2 151 340 268 600
test_Sumida_00224.jpg,7 139 430 600 552
test_Nagakute_00007.jpg,2 48 330 245 600 5 155 323 583 587 5 192 388 356 589
test_Muroran_00286.jpg,5 61 372 489 600
test_Numazu_00090.jpg,2 313 409 406 585
test_Numazu_00251.jpg,8 331 418 450 537
test_Muroran_00012.jpg,2 148 396 365 600 5 344 392 595 593
test_Nagakute_00025.jpg,1 58 399 163 542
test_Muroran_00352.jpg,5 110 360 600 591 5 92 409 424 593
test_Muroran_00278.jpg,2 0 183 272 517
test_Muroran_00116.jpg,6 71 382 600 587
test_Numazu_00113.jpg,2 114 302 241 585 5 333 341 587 586 8 7 299 187 492 8 103 305 243 592
test_Muroran_00262.jpg,5 113 319 583 600
test_Muroran_00243.jpg,2 413 393 519 520 5 187 322 531 588 5 217 361 379 583 8 2 284 225 600
test_Sumida_00044.jpg,2 358 416 478 548
test_Sumida_00052.jpg,2 106 408 249 563
test_Sumida_00095.jpg,1 159 399 261 494
test_Muroran_00422.jpg,2 0 183 272 517
test_Adachi_00120.jpg,2 380 243 560 527
test_Muroran_00342.jpg,2 383 408 594 591 5 0 361 370 595 5 198 417 503 598
test_Nagakute_00004.jpg,1 431 456 585 595 5 84 464 259 600
test_Sumida_00035.jpg,2 325 406 410 540 8 473 442 593 514
test_Adachi_00287.jpg,2 429 330 581 528
test_Adachi_00139.jpg,1 450 420 589 598
test_Adachi_00070.jpg,2 344 366 508 599
test_Muroran_00022.jpg,5 36 447 360 598 8 319 383 381 545
test_Nagakute_00134.jpg,1 0 432 248 600 2 240 315 406 587
test_Sumida_00046.jpg,2 318 408 377 543
test_Sumida_00087.jpg,2 378 424 488 575
test_Numazu_00221.jpg,2 272 368 345 598 2 246 298 361 600 8 307 330 396 435
test_Nagakute_00096.jpg,1 338 375 469 543 1 191 491 333 595 2 15 284 143 395
test_Sumida_00027.jpg,1 340 430 407 551
test_Adachi_00296.jpg,2 370 313 596 560
test_Ichihara_00014.jpg,1 156 482 266 600 2 417 432 598 583
test_Muroran_00091.jpg,1 10 420 172 600 1 35 416 143 537 1 203 457 362 600 2 304 348 481 594 8 311 354 415 476
test_Adachi_00330.jpg,5 150 220 347 345 5 390 215 593 366 5 176 210 600 363 7 107 260 591 600
test_Adachi_00315.jpg,7 52 180 545 272
test_Sumida_00082.jpg,2 0 183 272 517
test_Muroran_00247.jpg,8 66 370 208 598
test_Nagakute_00032.jpg,2 130 357 222 600
test_Sumida_00053.jpg,8 338 423 430 537
test_Adachi_00277.jpg,2 8 346 107 474
test_Sumida_00128.jpg,8 71 393 172 540
test_Muroran_00172.jpg,5 0 393 475 600
test_Nagakute_00248.jpg,1 67 464 186 592 8 230 316 600 592
test_Numazu_00062.jpg,5 281 411 537 593 5 73 400 199 542 8 262 301 580 542
test_Muroran_00083.jpg,5 231 314 354 499 5 190 323 580 589
test_Nagakute_00259.jpg,1 310 390 492 597 8 1 316 216 600
test_Numazu_00239.jpg,6 228 425 391 517
test_Muroran_00335.jpg,5 347 413 584 600 5 36 340 235 598 5 0 347 462 589
test_Nagakute_00235.jpg,1 250 431 457 593 8 2 336 187 504
test_Numazu_00212.jpg,8 315 429 593 598
test_Numazu_00342.jpg,1 103 364 273 597
test_Nagakute_00176.jpg,1 403 459 503 595 2 146 401 240 594
test_Muroran_00003.jpg,5 135 363 445 595
test_Muroran_00409.jpg,5 63 368 553 596
test_Nagakute_00246.jpg,2 251 370 339 600
test_Numazu_00206.jpg,2 0 183 272 517
test_Sumida_00212.jpg,2 0 183 272 517
test_Numazu_00053.jpg,1 351 377 497 585 2 356 376 494 576 8 399 370 597 567
test_Sumida_00156.jpg,2 192 450 269 559
test_Muroran_00142.jpg,2 0 183 272 517
test_Nagakute_00130.jpg,1 175 434 245 599
test_Numazu_00389.jpg,5 0 350 590 597
test_Adachi_00185.jpg,1 238 345 411 600
test_Sumida_00007.jpg,1 152 426 330 531 5 154 431 350 538 8 6 419 86 549
test_Muroran_00052.jpg,1 70 394 308 585 1 405 370 593 510
test_Chiba_00041.jpg,2 0 183 272 517
test_Numazu_00072.jpg,8 5 285 203 500 8 302 318 486 484
test_Sumida_00076.jpg,2 343 430 414 557
test_Sumida_00186.jpg,8 393 452 596 597
test_Sumida_00088.jpg,2 0 183 272 517
test_Sumida_00080.jpg,8 332 396 431 535
test_Sumida_00019.jpg,7 109 463 600 570
test_Sumida_00131.jpg,8 149 434 263 560
test_Muroran_00206.jpg,5 0 358 333 593
test_Adachi_00238.jpg,2 225 193 286 489
test_Muroran_00263.jpg,1 279 389 470 600 5 0 393 71 594 5 292 387 472 598
test_Muroran_00128.jpg,2 423 374 581 520
test_Numazu_00272.jpg,5 207 322 366 592 8 301 313 394 438
test_Muroran_00300.jpg,2 0 183 272 517
test_Adachi_00220.jpg,1 356 435 541 580
test_Sumida_00137.jpg,2 10 431 163 538 2 335 437 411 544
test_Muroran_00318.jpg,2 301 371 354 599 5 5 432 227 598
test_Numazu_00343.jpg,7 0 395 540 598
test_Adachi_00198.jpg,2 349 304 590 545
test_Muroran_00252.jpg,2 300 309 370 551
test_Sumida_00145.jpg,8 377 437 552 560
test_Muroran_00224.jpg,5 2 371 239 588 8 322 405 407 590
test_Muroran_00334.jpg,2 250 327 444 483 2 278 353 501 540
test_Numazu_00360.jpg,1 172 305 251 566 5 0 278 261 592 8 314 294 576 582 8 0 287 160 487
test_Muroran_00401.jpg,8 309 428 410 594
test_Nagakute_00067.jpg,1 136 388 355 593
test_Nagakute_00019.jpg,2 394 305 591 488
test_Numazu_00197.jpg,2 0 183 272 517
test_Muroran_00113.jpg,5 120 371 319 600 5 398 364 591 567
test_Nagakute_00153.jpg,7 0 425 561 599
test_Sumida_00064.jpg,2 108 404 197 524
test_Muroran_00216.jpg,5 14 364 523 600 5 0 364 228 600
test_Numazu_00208.jpg,1 260 453 337 595 8 323 421 432 509
test_Sumida_00013.jpg,2 413 450 597 595
test_Nagakute_00183.jpg,1 192 412 313 598 8 3 365 123 514
test_Muroran_00379.jpg,5 137 426 309 599
test_Adachi_00223.jpg,2 0 183 272 517
test_Nagakute_00048.jpg,1 52 427 188 593 2 259 371 417 598 8 267 381 417 596
test_Muroran_00241.jpg,1 173 293 248 437 2 176 290 248 432 7 0 421 493 597
test_Adachi_00059.jpg,2 116 282 293 598
test_Sumida_00144.jpg,8 457 465 596 565
test_Adachi_00160.jpg,2 313 336 395 567
test_Muroran_00154.jpg,5 84 391 479 598
test_Adachi_00138.jpg,2 430 289 598 554
test_Numazu_00400.jpg,2 112 416 197 600 2 270 378 351 600
test_Muroran_00067.jpg,1 358 419 561 600 5 361 420 563 600 8 110 459 240 600 8 117 380 298 596
test_Muroran_00026.jpg,2 120 356 275 600 2 323 317 514 600
test_Adachi_00179.jpg,5 248 352 496 595 5 3 419 510 599 8 294 311 499 583
test_Chiba_00063.jpg,8 445 474 600 580
test_Sumida_00167.jpg,8 406 455 589 599
test_Adachi_00231.jpg,1 383 183 595 481 1 157 128 291 512
test_Adachi_00260.jpg,2 441 344 594 482
test_Sumida_00024.jpg,2 212 396 302 520 8 349 428 447 537
test_Nagakute_00122.jpg,2 234 317 353 520 3 98 378 284 432
test_Adachi_00320.jpg,1 146 257 230 418 2 351 165 459 518 2 310 132 423 429 8 300 172 382 364
test_Numazu_00159.jpg,1 7 409 174 598
test_Adachi_00074.jpg,1 425 422 566 600
test_Muroran_00405.jpg,2 266 321 436 595
test_Chiba_00039.jpg,2 0 183 272 517
test_Muroran_00066.jpg,5 0 369 483 594
test_Muroran_00148.jpg,2 311 388 366 524 8 498 471 598 591 8 75 395 272 600
test_Muroran_00144.jpg,5 72 442 476 598
test_Muroran_00013.jpg,2 0 183 272 517
test_Sumida_00036.jpg,2 28 439 205 567
test_Muroran_00228.jpg,2 197 411 373 597 5 205 432 521 597
test_Muroran_00349.jpg,2 135 332 210 598 8 312 379 419 481
test_Muroran_00364.jpg,8 119 380 280 600
test_Sumida_00202.jpg,2 259 423 312 562
test_Adachi_00302.jpg,2 0 183 272 517
test_Nagakute_00182.jpg,8 287 325 487 569
test_Nagakute_00242.jpg,2 0 383 182 600 2 295 356 434 599
test_Chiba_00082.jpg,2 0 183 272 517
test_Ichihara_00019.jpg,1 237 497 339 596 8 5 435 213 595
test_Numazu_00237.jpg,5 61 394 408 600 5 71 430 220 598 5 230 414 430 596
test_Muroran_00353.jpg,2 0 183 272 517
test_Sumida_00021.jpg,2 0 183 272 517
test_Numazu_00325.jpg,2 0 183 272 517
test_Numazu_00262.jpg,1 50 360 183 461 8 299 284 562 575 8 194 426 303 595
test_Numazu_00207.jpg,7 191 263 458 341
test_Adachi_00215.jpg,2 345 201 522 595
test_Muroran_00412.jpg,5 16 358 477 600 5 221 383 577 599
test_Adachi_00324.jpg,2 163 374 279 595 2 408 395 593 541
test_Numazu_00141.jpg,2 239 346 337 589 8 294 325 518 600
test_Sumida_00122.jpg,7 57 438 523 524
test_Sumida_00116.jpg,2 0 183 272 517
test_Nagakute_00258.jpg,5 354 450 490 563
test_Adachi_00002.jpg,2 72 191 299 600 2 144 190 295 501
test_Sumida_00200.jpg,1 261 440 371 563
test_Numazu_00198.jpg,1 243 300 386 533 5 125 335 600 588 5 237 320 383 598
test_Numazu_00059.jpg,7 12 361 579 583
test_Muroran_00258.jpg,1 11 358 171 600 1 248 384 385 598 1 221 336 330 557 5 10 334 182 600 8 357 413 535 597
test_Numazu_00016.jpg,2 295 315 463 559
test_Muroran_00044.jpg,5 45 365 600 600 5 8 407 360 598
test_Sumida_00104.jpg,2 243 408 384 534 2 366 402 413 499
test_Nagakute_00261.jpg,1 30 433 146 560 8 7 330 213 527
test_Sumida_00211.jpg,8 339 402 548 559
test_Adachi_00022.jpg,1 286 487 401 599 1 185 347 275 483
test_Adachi_00095.jpg,2 191 346 288 594
test_Muroran_00272.jpg,1 63 338 280 587 2 368 393 533 570 8 372 403 536 564
test_Adachi_00294.jpg,2 348 241 512 553 2 398 325 541 589 2 356 246 461 439 7 188 189 519 249
test_Adachi_00084.jpg,1 382 475 488 597 8 48 406 267 598
test_Muroran_00127.jpg,5 264 460 400 592 8 410 331 593 453
test_Adachi_00019.jpg,8 353 436 471 597
test_Adachi_00136.jpg,2 291 87 464 251 7 0 240 545 600
test_Sumida_00154.jpg,8 251 407 342 453
test_Numazu_00188.jpg,1 388 370 548 501
test_Nagakute_00141.jpg,3 142 372 317 431
test_Adachi_00091.jpg,1 135 382 312 598
test_Chiba_00044.jpg,2 0 183 272 517
test_Muroran_00082.jpg,5 0 314 523 597
test_Muroran_00050.jpg,5 195 361 600 594
test_Nagakute_00105.jpg,2 341 451 488 599
test_Muroran_00167.jpg,5 0 328 406 594
test_Sumida_00017.jpg,1 189 428 308 527
test_Adachi_00063.jpg,2 477 283 596 439
test_Numazu_00387.jpg,1 266 385 321 583
test_Numazu_00399.jpg,5 342 374 571 568 6 0 310 293 512
test_Sumida_00103.jpg,7 130 467 600 569
test_Muroran_00057.jpg,5 219 382 512 567 6 265 383 462 540
test_Muroran_00061.jpg,1 428 339 592 528 2 281 419 339 596 2 238 352 351 600 8 78 10 477 160
test_Muroran_00077.jpg,5 32 378 352 600
test_Nagakute_00028.jpg,2 116 447 193 596
test_Muroran_00331.jpg,5 0 326 93 517 7 102 354 583 520
test_Numazu_00040.jpg,8 23 274 214 600 8 343 319 595 478
test_Ichihara_00032.jpg,7 43 474 600 600
test_Muroran_00170.jpg,2 0 183 272 517
test_Muroran_00185.jpg,5 55 331 565 600 5 0 299 295 600
test_Nagakute_00110.jpg,2 343 240 580 501 8 15 269 238 554
test_Nagakute_00210.jpg,8 56 398 285 507
test_Muroran_00250.jpg,2 390 371 509 562 5 147 405 289 592 5 93 398 554 596 8 274 471 336 599
test_Chiba_00037.jpg,7 161 491 600 593
test_Sumida_00221.jpg,2 0 183 272 517
test_Numazu_00152.jpg,2 0 183 272 517
test_Muroran_00182.jpg,1 187 413 273 591
test_Sumida_00089.jpg,7 72 441 600 545
test_Muroran_00288.jpg,5 126 337 508 592
test_Muroran_00150.jpg,5 264 295 464 447 5 229 424 572 600 5 250 284 509 547
test_Chiba_00031.jpg,2 73 462 193 594
test_Sumida_00075.jpg,2 215 400 289 546
test_Numazu_00075.jpg,5 89 398 263 590
test_Numazu_00234.jpg,1 240 374 305 579
test_Numazu_00091.jpg,1 187 405 267 594 1 280 441 442 595 8 18 283 211 600
test_Chiba_00094.jpg,2 0 183 272 517
test_Adachi_00078.jpg,1 369 305 514 461 8 376 248 599 435
test_Sumida_00012.jpg,2 371 441 503 590
test_Muroran_00306.jpg,2 286 342 336 600
test_Sumida_00073.jpg,2 254 402 348 537
test_Muroran_00171.jpg,5 64 354 600 595
test_Muroran_00105.jpg,8 376 505 522 599
test_Nagakute_00263.jpg,1 287 358 492 576
test_Adachi_00062.jpg,7 61 358 531 494 8 1 408 202 595
test_Adachi_00122.jpg,1 134 254 374 562
test_Sumida_00121.jpg,8 1 434 228 571
test_Muroran_00380.jpg,1 123 459 242 596 5 122 459 242 598 8 394 413 592 600
test_Adachi_00016.jpg,1 379 343 502 597
test_Muroran_00187.jpg,5 5 373 440 600 5 226 361 417 587
test_Adachi_00221.jpg,1 382 415 480 535 8 394 374 555 552
test_Adachi_00317.jpg,2 0 340 155 495 8 445 367 596 493
test_Adachi_00207.jpg,1 413 214 590 439
test_Adachi_00218.jpg,2 447 212 559 536 7 0 225 357 523
test_Adachi_00015.jpg,1 107 118 253 517
test_Adachi_00209.jpg,1 399 281 521 456 2 2 168 173 489
test_Numazu_00186.jpg,5 245 338 560 521 5 263 336 430 470
test_Numazu_00304.jpg,2 281 249 583 580 8 283 258 600 596
test_Sumida_00222.jpg,2 0 183 272 517
test_Numazu_00153.jpg,8 391 394 599 600
test_Nagakute_00273.jpg,1 71 473 159 598 2 240 224 311 509 5 311 320 578 591 8 5 235 210 580
test_Muroran_00032.jpg,5 42 333 474 593 5 318 388 595 580 8 382 378 600 565
test_Numazu_00377.jpg,2 77 346 252 587
test_Adachi_00234.jpg,2 0 183 272 517
test_Nagakute_00272.jpg,1 443 419 580 526
test_Chiba_00060.jpg,8 198 473 329 591
test_Numazu_00182.jpg,1 63 509 157 599 1 293 442 428 599 2 293 422 423 600 5 285 443 424 600
test_Adachi_00293.jpg,2 0 183 272 517
test_Ichihara_00005.jpg,2 470 430 597 555
test_Nagakute_00118.jpg,8 322 360 590 600
test_Sumida_00054.jpg,2 0 183 272 517
test_Numazu_00054.jpg,2 248 369 346 600
test_Nagakute_00188.jpg,8 290 379 502 597
test_Numazu_00058.jpg,5 69 424 347 595
test_Adachi_00082.jpg,2 84 264 260 451 2 501 237 598 374
test_Muroran_00307.jpg,5 94 402 571 600 5 0 465 68 592
test_Adachi_00003.jpg,2 0 318 175 470
test_Muroran_00010.jpg,2 141 378 276 600 2 302 365 352 600
test_Numazu_00404.jpg,6 214 357 492 581
test_Numazu_00227.jpg,5 111 403 594 598 5 351 432 591 590 8 43 355 226 589
test_Nagakute_00011.jpg,5 118 310 523 537 7 68 320 534 565 8 215 312 518 547
test_Muroran_00254.jpg,1 371 382 590 581 1 101 368 190 470 1 354 360 536 515 8 340 387 436 524 8 9 381 166 563
test_Nagakute_00033.jpg,1 73 490 159 600 2 230 356 503 600
test_Muroran_00175.jpg,5 70 391 541 596
test_Sumida_00057.jpg,7 191 433 573 541
test_Numazu_00122.jpg,1 2 392 131 577
test_Sumida_00127.jpg,2 0 183 272 517
test_Sumida_00149.jpg,2 0 183 272 517
test_Numazu_00024.jpg,2 182 384 247 590 3 226 428 474 484 8 370 339 600 562 8 1 337 150 521
test_Nagakute_00005.jpg,5 45 417 300 600
test_Chiba_00093.jpg,5 295 459 375 596
test_Muroran_00358.jpg,2 0 183 272 517
test_Sumida_00092.jpg,2 0 183 272 517
test_Adachi_00093.jpg,2 213 348 271 599 2 219 289 286 529 2 367 276 445 571 8 160 339 600 554 8 111 334 511 473
test_Numazu_00106.jpg,5 102 407 600 586
test_Muroran_00051.jpg,1 9 442 163 597 5 250 327 540 600 5 5 380 157 533
test_Muroran_00209.jpg,5 99 345 600 594
test_Nagakute_00024.jpg,5 0 451 358 598
test_Sumida_00183.jpg,2 0 183 272 517
test_Numazu_00079.jpg,1 210 413 279 578 8 282 388 570 593
test_Adachi_00056.jpg,2 348 241 510 547 2 402 342 540 589 2 357 247 462 446 7 184 190 516 250
test_Numazu_00158.jpg,2 313 287 474 573
test_Nagakute_00269.jpg,5 0 331 420 585
test_Sumida_00177.jpg,2 0 183 272 517
test_Numazu_00050.jpg,7 43 388 600 583
test_Nagakute_00223.jpg,5 180 386 432 544
test_Numazu_00236.jpg,5 0 338 476 600 6 38 365 280 589
test_Muroran_00362.jpg,5 191 369 465 600 8 473 464 600 584
test_Muroran_00316.jpg,5 68 355 289 599
test_Numazu_00167.jpg,7 0 376 523 600
test_Nagakute_00207.jpg,2 257 243 466 565 2 313 262 592 518 3 357 410 544 475
test_Numazu_00253.jpg,2 293 304 537 589
test_Chiba_00003.jpg,2 401 447 572 580 8 94 494 299 598
test_Muroran_00118.jpg,2 298 380 361 596 5 328 414 600 600
test_Nagakute_00082.jpg,1 409 365 600 517 1 405 377 515 475 2 108 353 284 600
test_Adachi_00202.jpg,2 100 374 310 579
test_Muroran_00411.jpg,5 0 358 442 596
test_Adachi_00076.jpg,8 187 248 550 546 8 49 282 431 527 8 336 188 595 516 8 19 257 199 600
test_Muroran_00369.jpg,7 0 432 531 599
test_Muroran_00400.jpg,2 346 438 436 599 6 0 415 275 594
test_Adachi_00316.jpg,1 174 395 239 592
test_Ichihara_00016.jpg,2 0 183 272 517
test_Nagakute_00271.jpg,1 324 360 571 596 1 417 424 568 596 2 319 461 405 594 8 84 261 224 600
test_Muroran_00166.jpg,5 44 404 538 592
test_Nagakute_00107.jpg,2 138 377 224 600 8 262 332 507 583 8 267 320 440 485
test_Chiba_00032.jpg,1 408 458 581 591
test_Muroran_00191.jpg,1 2 450 350 592 5 78 459 600 600
test_Adachi_00278.jpg,8 359 304 600 527
test_Numazu_00392.jpg,2 272 320 349 578
test_Numazu_00314.jpg,2 263 387 330 600
test_Numazu_00015.jpg,5 19 294 395 584
test_Adachi_00310.jpg,2 308 101 420 515 2 328 212 449 586
test_Nagakute_00018.jpg,1 6 378 120 496
test_Chiba_00009.jpg,8 221 508 391 594
test_Sumida_00178.jpg,2 0 183 272 517
test_Nagakute_00050.jpg,8 259 399 381 600
test_Numazu_00026.jpg,1 260 313 381 444
test_Muroran_00393.jpg,5 47 401 537 600
test_Numazu_00044.jpg,2 126 284 231 590 8 460 343 596 496
test_Muroran_00291.jpg,1 227 345 297 599
test_Muroran_00363.jpg,1 168 480 261 598 2 419 397 582 557 8 400 380 583 559
test_Adachi_00169.jpg,1 180 314 306 573 2 345 293 600 422
test_Adachi_00267.jpg,2 389 282 467 519
test_Chiba_00028.jpg,2 0 183 272 517
test_Sumida_00214.jpg,8 74 457 205 565
test_Adachi_00044.jpg,2 90 149 227 427 2 5 154 156 284 2 55 200 190 525
test_Muroran_00203.jpg,5 139 360 600 570 5 191 353 518 510
test_Numazu_00305.jpg,1 17 460 197 597 1 0 424 315 581 8 0 417 365 538
test_Muroran_00168.jpg,5 238 362 600 594
test_Numazu_00140.jpg,8 197 520 600 600
test_Numazu_00008.jpg,2 0 183 272 517
test_Chiba_00062.jpg,2 0 183 272 517
test_Nagakute_00165.jpg,2 4 363 190 592 4 170 478 600 585 4 22 367 581 458
test_Sumida_00155.jpg,2 78 419 422 556 2 147 427 285 553
test_Muroran_00129.jpg,2 359 363 571 597 2 103 434 205 600 2 111 349 246 600
test_Sumida_00129.jpg,2 184 446 306 564 2 407 452 570 589
test_Chiba_00024.jpg,2 0 183 272 517
test_Sumida_00189.jpg,1 294 419 372 530
test_Muroran_00114.jpg,2 382 496 476 597
test_Sumida_00163.jpg,2 0 183 272 517
test_Numazu_00156.jpg,2 308 307 484 566 3 242 392 421 448 8 316 315 591 546
test_Numazu_00334.jpg,1 218 460 299 587
test_Muroran_00139.jpg,2 0 183 272 517
test_Sumida_00113.jpg,2 0 183 272 517
test_Ichihara_00018.jpg,8 428 412 600 550
test_Adachi_00011.jpg,2 218 310 473 580 8 4 254 94 425
test_Sumida_00011.jpg,5 247 440 420 571 8 384 426 514 578
test_Nagakute_00129.jpg,2 246 348 463 598 5 258 373 588 598
test_Adachi_00170.jpg,1 416 350 598 524 5 233 357 531 597
test_Adachi_00239.jpg,1 484 383 596 549
test_Numazu_00300.jpg,2 281 411 363 518
test_Sumida_00107.jpg,2 0 183 272 517
test_Numazu_00166.jpg,1 65 402 191 594 8 2 291 189 555 8 0 396 91 549
test_Numazu_00319.jpg,2 0 183 272 517
test_Muroran_00146.jpg,5 269 455 596 600
test_Nagakute_00169.jpg,2 228 310 371 591 2 234 310 328 477 3 49 452 326 506
test_Nagakute_00264.jpg,5 51 322 415 591
test_Sumida_00174.jpg,8 405 395 599 571
test_Numazu_00135.jpg,1 34 338 499 597 1 170 354 256 584 1 281 339 438 477 2 2 332 142 498
test_Numazu_00345.jpg,2 0 183 272 517
test_Muroran_00327.jpg,2 274 319 332 600 8 461 489 578 599
test_Nagakute_00189.jpg,1 281 425 377 542 1 269 437 448 559
test_Chiba_00071.jpg,2 0 183 272 517
test_Muroran_00096.jpg,5 269 460 398 594 8 413 334 590 451
test_Sumida_00153.jpg,8 342 408 426 551
test_Nagakute_00088.jpg,1 0 349 251 579 8 308 347 539 594
test_Numazu_00002.jpg,2 0 183 272 517
test_Numazu_00124.jpg,1 128 410 228 594 2 282 296 496 588 8 424 361 598 501
test_Muroran_00027.jpg,5 204 488 310 600
test_Nagakute_00205.jpg,2 303 385 441 600
test_Numazu_00341.jpg,2 165 284 439 585 2 244 385 459 591 8 368 380 535 528
test_Adachi_00175.jpg,2 354 281 449 578
test_Muroran_00157.jpg,2 201 304 282 568
test_Adachi_00057.jpg,2 0 183 272 517
test_Adachi_00306.jpg,2 251 269 425 573
test_Muroran_00087.jpg,5 223 392 495 598
test_Adachi_00119.jpg,7 66 319 600 558
test_Muroran_00225.jpg,1 217 402 349 580 8 5 364 298 579
test_Adachi_00144.jpg,7 0 308 437 398 8 308 376 561 577
test_Muroran_00237.jpg,1 178 373 314 584 1 435 384 595 585 8 363 408 512 586
test_Adachi_00254.jpg,2 321 143 454 526 8 8 155 176 364
test_Nagakute_00060.jpg,2 0 183 272 517
test_Adachi_00325.jpg,2 10 318 202 473
test_Numazu_00121.jpg,4 82 372 586 476
test_Sumida_00179.jpg,2 357 423 473 533
test_Muroran_00094.jpg,2 311 496 352 600
test_Adachi_00300.jpg,1 257 499 349 599
test_Muroran_00043.jpg,1 0 308 364 556 5 43 314 489 593
test_Adachi_00188.jpg,2 0 183 272 517
test_Nagakute_00131.jpg,1 45 347 211 498 1 283 358 392 528 8 0 346 187 517
test_Chiba_00087.jpg,1 349 500 446 587 2 485 475 598 573 8 181 479 327 561
test_Adachi_00042.jpg,8 387 214 600 549
test_Nagakute_00270.jpg,1 45 352 202 521 1 247 360 334 529 8 0 295 213 463
test_Muroran_00320.jpg,5 252 369 600 598
test_Adachi_00210.jpg,8 77 364 400 597
test_Muroran_00124.jpg,3 23 483 289 541 5 318 341 485 594 8 367 411 454 593
test_Nagakute_00179.jpg,7 298 388 600 592
test_Numazu_00270.jpg,7 289 415 600 543
test_Chiba_00091.jpg,2 0 183 272 517
test_Muroran_00165.jpg,5 308 312 600 584 8 408 397 565 564
test_Numazu_00074.jpg,2 269 273 472 584 8 270 285 460 549
test_Ichihara_00039.jpg,7 164 443 600 599
test_Adachi_00229.jpg,1 430 464 571 590 2 435 455 576 598
test_Sumida_00187.jpg,2 346 398 508 547
test_Nagakute_00006.jpg,5 0 385 308 600
test_Adachi_00118.jpg,2 0 183 272 517
test_Sumida_00039.jpg,7 0 434 454 532
test_Adachi_00272.jpg,2 353 206 533 547 8 0 176 262 590 8 373 209 578 348 8 267 174 346 213
test_Adachi_00235.jpg,7 45 155 568 285
test_Sumida_00065.jpg,2 0 183 272 517
test_Numazu_00287.jpg,1 4 443 147 590
test_Sumida_00219.jpg,2 230 388 313 532 2 343 392 442 538 8 364 396 600 569
test_Sumida_00132.jpg,2 391 442 500 557
test_Nagakute_00119.jpg,5 292 394 452 564
test_Adachi_00280.jpg,2 0 183 272 517
test_Nagakute_00231.jpg,1 170 347 274 466 2 300 307 347 474 8 121 316 265 474
test_Muroran_00280.jpg,2 269 352 331 538 5 211 408 600 600 8 422 508 536 599
test_Sumida_00220.jpg,2 206 398 287 542
test_Numazu_00329.jpg,1 220 309 363 472 1 191 327 269 453 8 39 255 231 575 8 321 299 600 479
test_Muroran_00215.jpg,5 212 442 600 598
test_Adachi_00186.jpg,2 38 229 210 517 2 159 230 228 514 3 114 227 540 333
test_Numazu_00245.jpg,6 165 288 321 593
test_Chiba_00059.jpg,2 0 183 272 517
test_Nagakute_00069.jpg,8 290 359 566 600
test_Numazu_00362.jpg,2 235 357 316 574 5 450 454 596 593
test_Sumida_00066.jpg,5 62 431 359 556
test_Sumida_00157.jpg,8 140 408 272 548 8 344 426 460 550
test_Numazu_00162.jpg,1 285 330 441 509 8 0 284 201 597
test_Muroran_00325.jpg,1 235 383 290 586 1 53 371 187 555
test_Sumida_00218.jpg,2 243 401 299 531
test_Muroran_00274.jpg,2 0 183 272 517
test_Numazu_00085.jpg,5 106 370 527 591
test_Nagakute_00195.jpg,2 0 183 272 517
test_Sumida_00172.jpg,7 118 448 566 549
test_Nagakute_00253.jpg,8 345 478 499 600
test_Numazu_00145.jpg,1 320 339 488 580 2 311 335 485 587
test_Ichihara_00036.jpg,7 85 427 600 594
test_Ichihara_00015.jpg,2 0 183 272 517
test_Numazu_00367.jpg,5 91 425 225 591 5 95 421 437 587
test_Numazu_00031.jpg,1 318 328 530 562 5 312 330 527 564 8 1 237 221 584
test_Numazu_00402.jpg,2 0 183 272 517
test_Nagakute_00211.jpg,2 0 183 272 517
test_Adachi_00023.jpg,2 83 297 237 562 8 280 240 492 296
test_Muroran_00081.jpg,2 390 396 556 578
test_Nagakute_00098.jpg,8 281 300 600 591
test_Adachi_00047.jpg,1 114 313 273 536 1 142 299 232 487
test_Numazu_00019.jpg,5 121 465 455 595 5 277 415 546 599 8 295 422 520 600 8 2 448 119 567
test_Adachi_00097.jpg,1 5 318 170 541 1 0 318 116 461
test_Nagakute_00200.jpg,2 296 392 562 596
test_Numazu_00012.jpg,1 18 286 187 453 5 439 356 593 517 8 5 279 200 464
test_Adachi_00071.jpg,2 327 297 406 422
test_Numazu_00200.jpg,5 214 343 528 600
test_Sumida_00090.jpg,8 259 433 343 580
test_Numazu_00322.jpg,2 364 352 600 586
test_Muroran_00097.jpg,5 131 460 427 540 8 344 360 505 553 8 401 428 557 600
test_Muroran_00372.jpg,1 381 386 600 598
test_Adachi_00037.jpg,2 0 183 272 517
test_Muroran_00301.jpg,2 0 183 272 517
test_Muroran_00355.jpg,2 179 341 313 596 5 334 317 573 600 5 168 353 313 543
test_Sumida_00158.jpg,2 141 396 257 527
test_Numazu_00043.jpg,2 299 458 384 597
test_Nagakute_00037.jpg,7 7 376 575 564
test_Numazu_00213.jpg,1 114 365 542 578 3 119 395 509 558 8 5 260 289 477 8 470 305 595 546
test_Numazu_00195.jpg,5 0 422 319 595
test_Sumida_00032.jpg,7 108 496 600 592
test_Muroran_00267.jpg,5 79 317 526 566 5 283 323 600 600
test_Numazu_00289.jpg,5 179 406 600 600 5 359 446 600 600 5 165 397 354 600
test_Numazu_00199.jpg,8 322 318 598 557 8 1 318 120 462
test_Nagakute_00051.jpg,1 85 412 208 594 8 278 330 587 598 8 8 316 179 529
test_Nagakute_00106.jpg,7 114 375 385 428
test_Numazu_00283.jpg,2 114 423 196 581 5 129 419 265 582 5 72 310 594 590
test_Numazu_00109.jpg,1 100 310 383 591 1 137 328 329 506 1 230 418 355 568
test_Muroran_00064.jpg,5 101 371 600 594 5 0 441 359 595 5 0 412 533 545
test_Muroran_00330.jpg,5 177 325 347 415 5 41 393 594 588
test_Nagakute_00063.jpg,2 0 310 195 495 2 227 307 303 600 5 160 398 290 600
test_Adachi_00304.jpg,2 487 420 598 560
test_Muroran_00049.jpg,5 35 341 295 596
test_Numazu_00150.jpg,5 255 362 600 529
test_Nagakute_00251.jpg,8 359 332 599 549
test_Adachi_00156.jpg,7 0 234 507 443
test_Ichihara_00010.jpg,8 285 417 334 595
test_Numazu_00242.jpg,5 286 374 589 589 8 102 261 267 598
test_Adachi_00038.jpg,2 340 364 586 553
test_Muroran_00259.jpg,2 0 183 272 517
test_Numazu_00068.jpg,1 401 443 567 598 5 121 397 417 594
test_Muroran_00266.jpg,5 77 363 580 600 5 66 338 325 600
test_Adachi_00171.jpg,2 336 301 596 548 8 425 391 597 555
test_Chiba_00077.jpg,2 388 456 549 593 3 70 474 494 582 5 84 467 520 585
test_Muroran_00220.jpg,5 143 384 600 598 6 351 442 523 586
test_Numazu_00264.jpg,2 355 411 458 578 5 25 378 211 580 8 196 324 349 478
test_Sumida_00139.jpg,2 0 183 272 517
test_Sumida_00083.jpg,2 390 415 583 533 2 50 443 215 558 8 56 438 217 556
test_Adachi_00184.jpg,1 186 195 271 433
test_Nagakute_00237.jpg,1 68 384 194 589 1 198 407 283 536
test_Adachi_00028.jpg,2 306 176 555 600 2 301 172 473 477
test_Numazu_00005.jpg,1 391 479 595 596 5 76 480 526 597 5 141 484 356 600
test_Adachi_00212.jpg,1 73 374 239 542
test_Ichihara_00040.jpg,1 189 441 305 596 8 480 447 600 545
test_Sumida_00112.jpg,7 117 446 600 560
test_Nagakute_00056.jpg,2 17 259 234 552
test_Numazu_00142.jpg,3 193 448 600 574 5 425 373 589 549 8 0 273 207 532
test_Nagakute_00143.jpg,5 249 320 560 597 8 5 279 187 489
test_Ichihara_00008.jpg,1 188 435 317 600 8 468 448 597 562
test_Numazu_00351.jpg,3 236 392 600 498
test_Adachi_00108.jpg,2 13 87 182 348
test_Numazu_00111.jpg,8 7 415 181 580 8 294 337 369 568
test_Chiba_00042.jpg,1 320 442 403 542 2 78 442 194 538
test_Nagakute_00148.jpg,8 437 456 586 596
test_Numazu_00382.jpg,1 420 438 547 524 7 146 326 542 448
test_Muroran_00072.jpg,5 0 380 163 558 5 251 326 484 596
test_Numazu_00179.jpg,2 306 295 600 591 2 0 338 152 531 6 209 487 351 589
test_Muroran_00428.jpg,5 107 325 575 593
test_Numazu_00037.jpg,5 4 419 141 600
test_Muroran_00230.jpg,2 0 183 272 517
test_Chiba_00005.jpg,8 430 457 600 574 8 189 472 312 589
test_Muroran_00177.jpg,5 127 347 564 595 5 278 364 549 538 6 336 392 522 488 8 349 387 499 537 8 406 422 508 544
test_Sumida_00130.jpg,2 350 407 425 546
test_Nagakute_00222.jpg,2 290 372 596 530
test_Chiba_00047.jpg,2 107 509 270 591 2 488 474 592 550
test_Adachi_00101.jpg,2 387 301 488 429
test_Muroran_00173.jpg,2 0 183 272 517
test_Muroran_00042.jpg,2 408 376 583 598
test_Numazu_00276.jpg,7 108 381 600 564
test_Sumida_00097.jpg,7 6 419 456 548
test_Ichihara_00007.jpg,1 120 414 291 594 8 383 386 599 581 8 26 400 281 596
test_Numazu_00295.jpg,2 318 396 410 587 8 0 301 171 468 8 338 360 528 571 8 279 273 427 479
test_Numazu_00209.jpg,2 326 415 436 598
test_Nagakute_00145.jpg,8 46 402 182 600
test_Adachi_00125.jpg,7 137 337 553 427 8 414 431 587 598 8 0 382 167 578
test_Numazu_00252.jpg,1 11 473 170 578 5 3 473 168 590
test_Muroran_00065.jpg,5 192 354 595 598
test_Adachi_00100.jpg,7 0 414 466 600 7 71 446 600 594
test_Sumida_00148.jpg,2 0 183 272 517
test_Muroran_00218.jpg,2 200 319 257 565 2 30 359 162 531 8 3 321 150 474
test_Nagakute_00249.jpg,2 168 330 251 600
test_Chiba_00072.jpg,2 186 505 327 595
test_Numazu_00104.jpg,5 136 356 581 587 5 32 308 357 600
test_Numazu_00298.jpg,1 61 441 290 595 8 357 366 554 600 8 3 295 224 495
test_Sumida_00207.jpg,2 0 183 272 517
test_Sumida_00191.jpg,2 0 183 272 517
test_Adachi_00281.jpg,2 0 293 216 589
test_Ichihara_00027.jpg,1 151 386 292 578 8 392 385 599 537 8 0 405 238 592 8 311 439 377 594
test_Numazu_00066.jpg,2 314 331 499 575 5 299 315 507 571
test_Sumida_00215.jpg,2 0 183 272 517
test_Sumida_00114.jpg,8 403 467 600 597
test_Numazu_00073.jpg,7 0 425 459 599
test_Nagakute_00151.jpg,8 293 345 600 596
test_Numazu_00129.jpg,5 260 424 558 587 6 240 279 424 385
test_Numazu_00102.jpg,5 194 354 583 600 5 144 345 392 595
test_Muroran_00169.jpg,1 442 492 531 599 5 0 384 296 521
test_Numazu_00035.jpg,2 250 328 327 584 8 52 325 198 600
test_Chiba_00040.jpg,8 306 476 383 595
test_Adachi_00147.jpg,2 313 319 390 600
test_Muroran_00395.jpg,8 386 372 502 457
test_Nagakute_00215.jpg,1 36 384 152 591 1 319 440 468 542 8 0 329 117 509
test_Chiba_00012.jpg,2 0 183 272 517
test_Muroran_00192.jpg,1 271 360 340 555 8 364 375 590 591
test_Numazu_00279.jpg,2 293 424 372 595 2 68 429 189 595 8 337 418 488 596 8 16 435 171 589
test_Numazu_00018.jpg,7 0 371 510 600
test_Muroran_00019.jpg,5 32 351 532 591 5 9 399 190 600 5 469 367 596 567
test_Muroran_00317.jpg,1 120 375 294 600
test_Adachi_00148.jpg,1 445 444 592 599
test_Muroran_00396.jpg,5 79 345 577 599
test_Ichihara_00006.jpg,5 119 409 429 595
test_Adachi_00232.jpg,8 396 447 530 600
test_Muroran_00403.jpg,5 160 389 485 599
test_Sumida_00049.jpg,2 332 424 397 539 8 375 423 534 554
test_Muroran_00123.jpg,2 0 183 272 517
test_Adachi_00279.jpg,1 333 304 537 600 1 314 307 429 443 2 0 301 208 487
test_Nagakute_00232.jpg,5 80 400 517 600 5 295 421 481 590
test_Adachi_00189.jpg,2 485 369 598 526 2 122 178 274 547 2 0 233 132 361
test_Chiba_00083.jpg,8 473 495 598 583 8 199 462 329 589
test_Muroran_00202.jpg,5 218 358 502 494
test_Numazu_00098.jpg,1 400 478 595 598 6 158 434 414 599
test_Adachi_00055.jpg,2 0 238 297 535 7 4 206 335 494 8 0 205 321 526
test_Muroran_00264.jpg,2 103 351 230 599 2 151 301 253 538
test_Numazu_00371.jpg,5 54 342 526 591 5 0 394 258 598
test_Chiba_00066.jpg,2 0 183 272 517
test_Numazu_00320.jpg,2 361 370 588 586 2 70 353 191 599 8 12 326 140 468
test_Muroran_00145.jpg,2 0 183 272 517
test_Muroran_00152.jpg,5 59 402 501 600
test_Chiba_00014.jpg,7 116 510 600 593
test_Sumida_00223.jpg,2 315 393 382 538 8 338 393 517 550
test_Numazu_00001.jpg,5 16 465 262 598
test_Numazu_00022.jpg,5 421 335 599 599
test_Muroran_00265.jpg,5 202 349 428 590 8 442 359 553 457
test_Numazu_00358.jpg,1 220 428 287 590 8 262 380 511 596
test_Numazu_00025.jpg,2 333 339 491 586 5 219 333 584 587
test_Muroran_00308.jpg,2 0 183 272 517
test_Ichihara_00011.jpg,3 259 534 446 599
test_Numazu_00247.jpg,5 27 481 472 600
test_Adachi_00048.jpg,7 94 154 552 263 8 480 245 600 376 8 147 487 600 600
test_Adachi_00233.jpg,1 302 170 437 352
test_Nagakute_00193.jpg,2 313 310 520 572 5 143 364 275 541 8 11 324 256 600
test_Sumida_00099.jpg,2 135 424 271 546
test_Adachi_00194.jpg,2 411 360 588 567
test_Chiba_00043.jpg,1 445 488 585 584 8 224 477 327 594
test_Muroran_00392.jpg,5 108 368 600 600
test_Nagakute_00166.jpg,2 201 340 262 600
test_Nagakute_00101.jpg,3 96 460 527 571 5 171 310 600 577 8 209 236 262 556
test_Nagakute_00077.jpg,2 332 320 455 597 2 332 322 414 510 8 43 348 269 600
test_Sumida_00119.jpg,7 9 441 561 556
test_Numazu_00089.jpg,5 214 355 497 590
test_Nagakute_00177.jpg,5 32 345 516 600
test_Muroran_00188.jpg,2 0 183 272 517
test_Numazu_00130.jpg,5 2 393 263 561 5 99 398 407 599
test_Muroran_00034.jpg,5 50 356 574 598
test_Chiba_00054.jpg,8 62 434 208 600 8 377 505 500 596
test_Adachi_00193.jpg,2 392 368 543 594
test_Ichihara_00012.jpg,5 124 420 600 594
test_Muroran_00161.jpg,5 317 386 600 594
test_Muroran_00281.jpg,5 257 330 600 596 8 428 359 548 437 8 221 310 274 600
test_Muroran_00106.jpg,2 0 393 131 563 5 260 351 461 499
test_Numazu_00194.jpg,1 113 382 249 588 2 316 337 503 547 8 334 345 472 494 8 4 330 142 488
test_Muroran_00337.jpg,2 0 183 272 517
test_Muroran_00196.jpg,5 41 353 580 600
test_Sumida_00162.jpg,2 137 409 271 548
test_Numazu_00330.jpg,5 212 347 473 589 5 18 351 198 596 5 0 327 427 596
test_Nagakute_00002.jpg,2 269 378 407 597
test_Muroran_00285.jpg,2 317 333 515 599 5 62 361 547 594
test_Sumida_00084.jpg,2 0 183 272 517
test_Nagakute_00094.jpg,7 0 465 446 596 7 186 481 600 592
test_Numazu_00318.jpg,2 311 382 534 599 2 216 365 265 599 8 74 380 226 600
test_Chiba_00085.jpg,8 420 489 522 594
test_Sumida_00133.jpg,2 184 377 289 503
test_Adachi_00146.jpg,2 350 366 445 545
test_Numazu_00291.jpg,5 63 435 301 597
test_Muroran_00208.jpg,3 126 392 284 450 8 283 329 580 518
test_Nagakute_00042.jpg,1 260 412 405 600 8 352 370 591 532
test_Nagakute_00045.jpg,5 187 323 600 598
test_Nagakute_00103.jpg,5 138 468 357 600 8 247 373 386 600
test_Muroran_00121.jpg,5 15 405 491 600 5 168 460 586 596
test_Adachi_00043.jpg,2 405 223 592 489 2 237 180 313 425 8 429 256 600 527
test_Numazu_00205.jpg,2 0 183 272 517
test_Sumida_00146.jpg,2 212 415 277 543 8 102 431 233 552 8 392 436 592 566
test_Muroran_00017.jpg,5 137 358 600 576 5 378 375 596 595 5 26 364 416 587
test_Muroran_00231.jpg,5 164 290 564 565 5 19 380 186 598 5 229 506 427 596
test_Muroran_00427.jpg,2 0 183 272 517
test_Muroran_00324.jpg,2 0 183 272 517
test_Sumida_00109.jpg,7 463 466 581 564 7 97 466 600 568 8 461 469 578 567
test_Numazu_00266.jpg,1 226 467 287 598
test_Muroran_00048.jpg,5 0 414 517 598 5 186 452 572 600 5 4 423 138 584
test_Muroran_00134.jpg,1 179 430 256 596 8 377 392 537 599 8 0 376 179 563
test_Adachi_00116.jpg,2 208 238 283 508
test_Sumida_00069.jpg,8 429 466 597 599
test_Muroran_00076.jpg,1 278 443 366 594
test_Adachi_00230.jpg,7 0 268 499 577 7 0 206 533 444
test_Adachi_00205.jpg,2 0 183 272 517
test_Nagakute_00230.jpg,2 277 313 407 589 5 100 418 259 576
test_Numazu_00112.jpg,1 199 456 289 590 5 150 440 502 591
test_Nagakute_00053.jpg,2 0 183 272 517
test_Numazu_00100.jpg,5 264 426 441 595
test_Adachi_00041.jpg,2 378 265 546 555 2 144 236 243 419 2 78 408 170 575 2 123 199 258 506
test_Adachi_00143.jpg,1 365 362 472 541
test_Numazu_00084.jpg,2 0 183 272 517
test_Muroran_00314.jpg,5 38 381 568 600 8 346 394 430 510
test_Muroran_00302.jpg,1 252 510 412 600 8 75 503 246 598
test_Chiba_00073.jpg,1 300 483 394 588
test_Muroran_00002.jpg,5 0 415 435 600
test_Muroran_00311.jpg,2 0 183 272 517
test_Muroran_00004.jpg,2 279 370 337 599 5 27 384 239 592
test_Muroran_00276.jpg,5 199 410 512 583
test_Nagakute_00137.jpg,2 0 183 272 517
test_Muroran_00054.jpg,5 273 277 439 413 5 144 483 538 600
test_Sumida_00185.jpg,8 219 395 297 532
test_Muroran_00181.jpg,2 360 406 476 534
test_Adachi_00007.jpg,5 0 229 382 548 5 199 271 600 508
test_Nagakute_00219.jpg,1 91 488 172 600 8 226 360 581 592
test_Adachi_00027.jpg,2 0 183 272 517
test_Sumida_00126.jpg,2 0 183 272 517
test_Chiba_00067.jpg,2 0 447 108 563
test_Nagakute_00035.jpg,1 334 434 432 562 1 87 342 209 569
test_Nagakute_00079.jpg,1 34 384 178 598
test_Adachi_00214.jpg,1 31 408 145 550 2 375 349 598 599 8 354 332 585 593
test_Muroran_00360.jpg,5 117 375 594 596
test_Adachi_00065.jpg,8 451 415 599 595
test_Sumida_00010.jpg,2 249 371 294 539
test_Muroran_00390.jpg,2 366 370 489 588
test_Adachi_00126.jpg,2 436 255 598 489
test_Adachi_00050.jpg,2 374 365 589 600
test_Adachi_00152.jpg,2 205 360 262 548
test_Nagakute_00234.jpg,2 248 328 300 595
test_Numazu_00219.jpg,5 135 373 600 590
test_Muroran_00368.jpg,5 57 397 559 600 5 434 363 595 445 8 515 440 599 544
test_Nagakute_00156.jpg,5 50 420 250 585 8 3 363 210 583
test_Sumida_00014.jpg,7 64 450 578 553
test_Adachi_00009.jpg,2 357 332 558 600 8 355 337 552 600
test_Muroran_00233.jpg,2 164 346 224 600
test_Nagakute_00245.jpg,2 166 318 239 593 2 282 339 600 598 8 4 287 138 459 8 283 350 600 597
test_Adachi_00133.jpg,2 417 271 591 513 2 328 268 381 575
test_Muroran_00239.jpg,5 14 416 538 599
test_Adachi_00192.jpg,2 235 102 341 515 8 466 354 600 539
test_Numazu_00038.jpg,5 282 433 600 592
test_Adachi_00297.jpg,2 0 120 172 456
test_Muroran_00253.jpg,5 84 380 580 599
test_Sumida_00175.jpg,2 0 183 272 517
test_Numazu_00257.jpg,5 77 292 408 406
test_Muroran_00140.jpg,5 137 327 576 594
test_Numazu_00004.jpg,1 185 438 258 565 3 177 506 600 596
test_Muroran_00001.jpg,8 54 403 225 598
test_Numazu_00307.jpg,8 0 262 199 555
test_Numazu_00327.jpg,2 102 425 187 562 7 266 431 600 564
test_Adachi_00012.jpg,2 393 387 578 596
test_Numazu_00127.jpg,2 122 395 188 598 5 142 460 449 600
test_Numazu_00394.jpg,5 66 386 570 595 6 142 330 227 536 8 143 337 209 594
test_Adachi_00301.jpg,2 335 178 424 343 2 401 310 549 582
test_Chiba_00017.jpg,8 99 503 267 595
test_Sumida_00160.jpg,2 399 439 561 590
test_Sumida_00008.jpg,2 0 183 272 517
test_Muroran_00236.jpg,5 70 367 406 599
test_Muroran_00329.jpg,2 0 183 272 517
test_Muroran_00200.jpg,2 47 370 229 599 5 167 365 585 597 8 225 396 273 596
test_Muroran_00242.jpg,5 148 410 589 597 5 368 442 600 600
test_Ichihara_00033.jpg,8 472 443 595 569 8 8 484 176 594
test_Sumida_00025.jpg,2 331 399 419 521
test_Muroran_00184.jpg,2 0 183 272 517
test_Sumida_00026.jpg,2 0 183 272 517
test_Adachi_00159.jpg,8 224 309 275 584
test_Muroran_00102.jpg,1 460 415 592 578 8 0 362 250 596 8 437 449 581 592 8 78 334 269 510
test_Muroran_00268.jpg,1 381 360 500 486
test_Nagakute_00138.jpg,8 351 324 590 600
test_Numazu_00316.jpg,1 0 295 211 526 3 325 418 573 478 3 159 390 546 481 5 4 291 213 513
test_Nagakute_00064.jpg,1 296 492 408 600
test_Ichihara_00044.jpg,2 0 183 272 517
test_Muroran_00347.jpg,5 267 368 600 596
test_Muroran_00338.jpg,5 100 352 367 592
test_Sumida_00204.jpg,8 449 450 600 560
test_Numazu_00269.jpg,5 16 304 543 580
test_Numazu_00143.jpg,1 312 366 476 581 8 0 311 179 507
test_Muroran_00339.jpg,1 133 458 316 600 5 138 358 593 597
test_Adachi_00006.jpg,2 31 370 121 529
test_Muroran_00377.jpg,5 156 363 596 597
test_Nagakute_00095.jpg,5 25 409 248 595 8 462 433 600 571
test_Sumida_00171.jpg,2 0 183 272 517
test_Chiba_00056.jpg,5 436 498 576 585
test_Muroran_00210.jpg,5 105 381 487 600
test_Muroran_00046.jpg,5 206 390 465 600
test_Sumida_00188.jpg,1 195 442 299 533 2 107 406 223 545
test_Muroran_00040.jpg,5 3 391 142 595 5 158 378 310 584
test_Numazu_00191.jpg,5 287 375 443 590
test_Chiba_00030.jpg,2 450 475 600 578 8 221 481 339 593
test_Nagakute_00136.jpg,5 144 346 291 589
test_Nagakute_00046.jpg,2 228 303 321 592
test_Sumida_00050.jpg,2 338 406 406 543
test_Nagakute_00268.jpg,3 366 402 600 459 5 88 280 346 600 8 83 243 235 584
test_Chiba_00022.jpg,1 478 489 592 576
test_Muroran_00394.jpg,5 105 364 600 600 5 64 403 395 600
test_Numazu_00331.jpg,2 0 183 272 517
test_Adachi_00049.jpg,3 148 279 370 400
test_Ichihara_00050.jpg,7 127 423 600 554 7 0 418 463 523
test_Numazu_00046.jpg,2 256 298 377 594
test_Muroran_00164.jpg,5 19 349 249 563
test_Chiba_00081.jpg,2 305 490 419 597
test_Ichihara_00009.jpg,1 245 424 353 597 2 41 434 248 590 5 204 432 600 598 8 181 385 328 564
test_Chiba_00013.jpg,2 0 183 272 517
test_Numazu_00369.jpg,2 246 304 323 577 5 260 337 518 587 5 92 405 194 532
test_Numazu_00014.jpg,6 77 385 493 588
test_Adachi_00137.jpg,1 423 288 599 441
test_Muroran_00018.jpg,1 248 424 356 598
test_Nagakute_00203.jpg,2 319 343 600 600 5 0 419 183 599 8 322 348 591 597
test_Numazu_00363.jpg,1 123 322 185 445 2 194 274 266 533 3 222 438 449 504
test_Adachi_00222.jpg,1 477 291 597 469 5 165 436 466 581 5 203 461 600 587
test_Muroran_00359.jpg,5 238 349 573 572 5 166 316 451 516 5 390 376 595 576 8 482 404 596 525
test_Sumida_00077.jpg,2 0 183 272 517
test_Adachi_00311.jpg,2 388 348 463 535
test_Adachi_00255.jpg,2 350 372 421 600 8 138 375 291 515
test_Numazu_00041.jpg,2 0 289 197 533 2 303 357 391 588
test_Muroran_00249.jpg,5 7 337 259 499
test_Sumida_00070.jpg,7 93 435 565 524
test_Numazu_00133.jpg,2 352 466 435 596
test_Adachi_00158.jpg,5 147 368 579 600 5 146 416 395 597 5 349 357 600 574
test_Adachi_00114.jpg,3 232 454 478 525
test_Adachi_00284.jpg,2 250 383 364 593
test_Muroran_00361.jpg,5 33 374 327 600 8 263 391 569 538
test_Muroran_00199.jpg,8 411 395 574 592
test_Adachi_00174.jpg,8 383 134 600 306
test_Adachi_00173.jpg,2 346 345 560 600
test_Numazu_00139.jpg,2 37 400 210 571 2 500 499 597 585
test_Adachi_00187.jpg,1 122 349 241 508 2 424 268 586 544 8 111 209 300 432
test_Sumida_00003.jpg,1 163 414 305 532
test_Muroran_00101.jpg,5 33 321 448 587
test_Muroran_00323.jpg,5 40 363 551 600
test_Chiba_00015.jpg,1 21 512 174 595 7 0 508 494 598
test_Muroran_00367.jpg,5 377 319 597 590
test_Nagakute_00052.jpg,1 324 418 498 595 2 28 351 184 593
test_Muroran_00351.jpg,2 119 382 205 541
test_Adachi_00282.jpg,1 341 200 510 470 1 34 236 242 505 1 156 208 278 354 1 84 210 282 432
test_Adachi_00045.jpg,2 353 219 516 567 8 181 285 396 537
test_Ichihara_00020.jpg,7 100 432 600 589
test_Muroran_00038.jpg,5 22 382 509 600 8 401 483 496 593
test_Numazu_00177.jpg,1 125 412 218 575 6 127 459 532 597
test_Nagakute_00218.jpg,2 178 315 302 592
test_Adachi_00111.jpg,1 295 234 496 495 2 292 233 493 507 7 86 152 373 293
test_Sumida_00199.jpg,2 167 411 283 558 8 372 427 586 579
test_Numazu_00196.jpg,1 8 325 155 506 8 261 257 551 545
test_Adachi_00034.jpg,7 41 411 589 596 8 8 411 152 598 8 261 379 588 600
test_Numazu_00057.jpg,5 33 404 528 597 8 18 368 194 597 8 431 469 599 596
test_Numazu_00123.jpg,2 19 316 192 553 5 229 394 439 597 8 15 322 192 599
test_Adachi_00182.jpg,2 349 180 559 600
test_Nagakute_00115.jpg,7 0 396 414 493
test_Muroran_00039.jpg,1 487 439 600 600 5 278 439 600 596
test_Sumida_00210.jpg,7 140 471 555 567
test_Adachi_00010.jpg,2 426 215 586 405 2 245 262 332 600
test_Muroran_00099.jpg,5 5 367 412 595 5 198 359 466 600 5 9 370 195 596
test_Muroran_00056.jpg,5 71 375 309 598
test_Muroran_00350.jpg,5 16 314 300 592 5 435 436 600 596
test_Ichihara_00004.jpg,1 288 464 384 596
test_Adachi_00181.jpg,2 12 263 234 535 2 351 202 444 332
test_Adachi_00323.jpg,2 0 183 272 517
test_Numazu_00032.jpg,1 128 389 207 498 8 290 277 581 527 8 2 279 178 439
test_Nagakute_00075.jpg,2 367 321 598 571 5 112 342 286 597 8 268 327 320 587
test_Sumida_00071.jpg,8 110 419 284 553
test_Numazu_00007.jpg,2 333 368 589 569
test_Numazu_00172.jpg,1 177 318 250 447 8 335 296 598 523
test_Muroran_00235.jpg,2 324 388 479 570 2 309 402 380 596
test_Adachi_00112.jpg,2 0 183 272 517
test_Nagakute_00212.jpg,2 0 183 272 517
test_Muroran_00095.jpg,5 56 374 515 594
test_Muroran_00062.jpg,5 373 344 600 597
test_Numazu_00238.jpg,2 299 322 497 588
test_Adachi_00026.jpg,1 198 442 419 598
test_Numazu_00151.jpg,2 271 295 398 585 8 372 393 600 596
test_Chiba_00080.jpg,1 419 479 507 588
test_Numazu_00116.jpg,1 191 361 285 559
test_Numazu_00398.jpg,5 122 351 309 452 5 93 338 445 459 8 10 265 203 469 8 341 338 484 521
test_Sumida_00120.jpg,2 0 183 272 517
test_Adachi_00177.jpg,8 425 290 570 589
test_Sumida_00136.jpg,7 93 460 563 554
test_Adachi_00298.jpg,2 357 333 503 600
test_Nagakute_00255.jpg,5 31 376 287 600 5 295 390 467 505 5 0 378 519 577
test_Chiba_00023.jpg,2 0 183 272 517
test_Numazu_00224.jpg,5 68 421 441 600
test_Sumida_00093.jpg,8 142 436 276 552
test_Muroran_00147.jpg,5 296 353 515 600
test_Numazu_00278.jpg,2 0 183 272 517
test_Nagakute_00065.jpg,2 164 403 230 600 2 177 343 240 560
test_Numazu_00027.jpg,2 0 183 272 517
test_Muroran_00382.jpg,2 6 329 186 516 2 271 278 341 438 5 274 416 441 495
test_Sumida_00184.jpg,2 322 414 381 549
test_Numazu_00335.jpg,2 3 286 215 528 2 211 407 263 598 5 337 331 587 595 5 328 305 467 415
test_Sumida_00085.jpg,1 416 449 597 563
test_Numazu_00299.jpg,1 306 316 556 572 1 91 453 188 587 2 10 342 190 556 5 293 314 470 477 8 290 314 549 550
test_Muroran_00303.jpg,5 10 301 266 585
test_Numazu_00265.jpg,2 265 378 490 599 8 5 385 190 600
test_Nagakute_00164.jpg,1 359 366 578 577 2 231 244 339 600
test_Numazu_00214.jpg,5 0 351 471 600 5 0 339 226 588 5 141 462 567 600
test_Adachi_00211.jpg,1 82 223 264 503 1 349 206 529 452
test_Muroran_00197.jpg,2 422 346 596 518 8 52 394 235 593 8 109 369 250 544
test_Muroran_00159.jpg,1 292 411 373 596 2 105 372 226 591 8 370 392 473 492
test_Sumida_00159.jpg,2 179 435 308 562
test_Numazu_00217.jpg,5 196 418 600 600
test_Ichihara_00041.jpg,1 168 419 299 591 8 388 391 600 595 8 6 403 275 599
test_Ichihara_00031.jpg,2 464 427 600 554
test_Nagakute_00071.jpg,1 408 411 584 594 5 399 412 589 597
test_Muroran_00189.jpg,5 6 359 257 600
test_Adachi_00066.jpg,7 0 394 560 600
test_Muroran_00178.jpg,1 91 435 272 596 8 1 350 209 511
test_Numazu_00042.jpg,3 59 396 285 450
test_Nagakute_00020.jpg,5 0 332 510 596 5 200 317 494 554 8 0 246 199 431 8 0 277 165 554
test_Adachi_00244.jpg,8 378 488 470 600
test_Numazu_00061.jpg,1 476 475 587 590 1 302 447 427 573
test_Adachi_00274.jpg,1 218 319 490 600 2 167 283 433 559
test_Numazu_00337.jpg,2 246 404 373 598 8 24 380 196 595 8 365 474 596 600
test_Chiba_00053.jpg,2 258 485 418 580
test_Sumida_00062.jpg,8 393 430 600 565
test_Numazu_00271.jpg,2 300 321 550 569 8 296 307 590 558 8 77 300 549 516 8 87 291 479 419
test_Nagakute_00160.jpg,8 58 326 232 597
test_Adachi_00053.jpg,2 85 344 299 577 2 146 321 305 504 8 394 299 531 531
test_Nagakute_00247.jpg,2 267 339 330 574 8 2 310 272 551 8 360 337 594 600 8 6 376 181 592
test_Muroran_00021.jpg,5 329 510 471 600
test_Muroran_00374.jpg,2 356 388 493 573
test_Nagakute_00068.jpg,7 19 355 577 546
test_Sumida_00101.jpg,2 0 183 272 517
test_Adachi_00295.jpg,2 352 309 580 592
test_Numazu_00181.jpg,2 253 282 408 595 2 371 349 592 540
test_Numazu_00406.jpg,2 13 314 212 590 5 282 333 565 592
test_Numazu_00203.jpg,5 283 384 567 575 5 149 303 458 575
test_Sumida_00142.jpg,8 320 398 419 540
test_Numazu_00346.jpg,5 210 435 347 507
test_Muroran_00229.jpg,1 249 415 376 591 5 312 352 541 594
test_Numazu_00332.jpg,2 317 331 386 451 2 2 328 107 421
test_Muroran_00414.jpg,5 36 342 523 597
test_Numazu_00047.jpg,2 308 305 541 582
test_Nagakute_00172.jpg,2 256 328 312 591
test_Muroran_00073.jpg,1 427 492 549 599 2 455 389 600 478
test_Muroran_00287.jpg,1 202 432 355 600
test_Adachi_00162.jpg,2 410 242 599 536 2 62 236 242 449
test_Chiba_00057.jpg,2 193 497 293 591 8 433 456 600 572
test_Numazu_00146.jpg,1 304 338 498 582 2 309 329 493 575
test_Nagakute_00238.jpg,1 396 350 589 513 5 108 376 600 583
test_Numazu_00376.jpg,5 64 386 484 600 5 33 396 233 600 8 154 422 455 599
test_Numazu_00216.jpg,5 63 333 237 596
test_Adachi_00140.jpg,2 425 392 594 600 8 428 391 591 600
test_Adachi_00058.jpg,1 306 119 546 408
test_Numazu_00297.jpg,5 293 439 459 600
test_Muroran_00084.jpg,2 233 361 332 600
test_Sumida_00147.jpg,2 0 183 272 517
test_Muroran_00217.jpg,5 108 420 279 595
test_Nagakute_00158.jpg,2 287 313 587 598 2 293 344 478 523 8 315 308 592 524
test_Adachi_00080.jpg,1 80 316 230 549 2 324 334 534 598 2 84 314 231 542 8 306 315 556 578
test_Adachi_00256.jpg,1 173 449 315 595 8 486 349 600 488
test_Numazu_00011.jpg,5 0 328 493 600 5 212 317 578 588
test_Sumida_00182.jpg,1 360 462 451 574
test_Muroran_00119.jpg,1 174 377 451 597 5 15 362 290 600 5 82 371 477 594
test_Nagakute_00206.jpg,1 285 420 376 525 8 0 303 208 518
test_Adachi_00252.jpg,1 283 329 388 443 1 328 425 573 583 8 319 308 600 460
test_Nagakute_00184.jpg,1 150 463 206 598 2 304 391 547 598 8 43 344 171 594
test_Numazu_00365.jpg,2 0 183 272 517
test_Nagakute_00142.jpg,2 197 291 306 595 5 335 338 512 515 8 401 265 584 489
test_Muroran_00075.jpg,8 78 371 247 600
test_Adachi_00305.jpg,8 37 244 125 600 8 72 161 142 439
test_Nagakute_00257.jpg,5 317 319 503 600 8 135 256 291 588
test_Muroran_00093.jpg,2 185 380 254 595 5 139 400 544 596 5 182 381 372 600
test_Numazu_00048.jpg,7 0 333 488 524
test_Adachi_00145.jpg,3 25 466 517 574 5 110 390 600 588
test_Sumida_00048.jpg,8 375 442 477 550
test_Nagakute_00133.jpg,5 15 467 529 600
test_Muroran_00356.jpg,1 493 339 596 494 1 159 373 350 579 8 364 349 442 588
test_Muroran_00289.jpg,5 241 365 592 600 8 430 440 524 593
test_Muroran_00336.jpg,8 488 435 600 600
test_Numazu_00056.jpg,7 32 410 600 600
test_Muroran_00009.jpg,5 80 399 512 592 5 322 435 600 586
test_Numazu_00137.jpg,1 183 375 275 573 1 360 346 597 594
test_Muroran_00089.jpg,5 262 475 461 595 5 0 407 104 532
test_Numazu_00301.jpg,2 298 272 501 559 5 0 331 403 583
test_Muroran_00271.jpg,2 300 357 445 600 5 329 361 585 555
test_Muroran_00133.jpg,2 0 183 272 517
test_Nagakute_00100.jpg,2 0 183 272 517
test_Sumida_00020.jpg,2 205 384 284 525
test_Nagakute_00243.jpg,2 358 460 515 596
test_Nagakute_00111.jpg,5 85 377 504 598
test_Muroran_00227.jpg,2 348 308 595 600 2 342 280 523 513
test_Sumida_00203.jpg,8 242 477 490 534
test_Sumida_00022.jpg,7 199 431 577 543
test_Chiba_00055.jpg,2 406 456 591 565 8 197 492 310 594
test_Sumida_00038.jpg,2 272 434 346 543
test_Adachi_00163.jpg,2 379 327 559 539
test_Sumida_00061.jpg,2 367 439 439 553 8 409 399 597 534 8 41 459 193 562
test_Muroran_00037.jpg,5 206 352 600 597
test_Sumida_00034.jpg,1 340 401 392 459 7 147 440 556 537
test_Adachi_00178.jpg,2 28 267 259 600 7 14 270 407 428
test_Numazu_00051.jpg,5 0 356 492 581
test_Nagakute_00001.jpg,2 24 335 250 597 2 406 367 600 535
test_Numazu_00232.jpg,2 274 313 418 600
test_Nagakute_00267.jpg,2 51 332 239 598 5 420 354 588 583 5 250 298 370 401 8 9 312 237 593
test_Sumida_00152.jpg,2 364 420 506 551
test_Adachi_00001.jpg,2 0 214 240 592
test_Numazu_00052.jpg,2 129 366 212 577 2 59 343 221 596
test_Adachi_00102.jpg,5 18 186 194 465
test_Adachi_00309.jpg,3 5 318 238 390 3 46 301 506 388
test_Sumida_00181.jpg,7 115 503 600 589
test_Nagakute_00186.jpg,1 218 463 295 598 1 148 446 418 593 2 324 426 517 594
test_Numazu_00260.jpg,2 0 183 272 517
test_Numazu_00248.jpg,2 233 309 301 584 5 125 406 261 503
test_Adachi_00052.jpg,3 145 310 600 412 3 129 342 438 389
test_Adachi_00092.jpg,2 201 327 309 587
test_Numazu_00286.jpg,5 37 375 258 600
test_Nagakute_00097.jpg,2 0 183 272 517
test_Sumida_00074.jpg,7 67 450 510 570
test_Adachi_00303.jpg,2 1 333 178 600
test_Nagakute_00104.jpg,2 320 324 600 565 8 317 313 600 557
test_Adachi_00115.jpg,2 296 324 344 590 8 517 423 600 534
test_Muroran_00426.jpg,5 46 429 576 600
test_Muroran_00370.jpg,1 0 364 234 592 1 153 466 287 600 8 417 490 510 600
test_Numazu_00187.jpg,1 361 435 512 591
test_Nagakute_00090.jpg,2 411 323 597 413 7 98 373 600 595
test_Adachi_00142.jpg,8 362 342 588 595
test_Numazu_00328.jpg,5 79 496 237 598 8 259 276 522 583 8 2 316 162 514 8 372 402 560 595
test_Muroran_00162.jpg,5 0 400 516 599 6 158 387 585 593
test_Chiba_00033.jpg,8 11 416 213 581
test_Numazu_00280.jpg,2 254 315 340 560
test_Muroran_00304.jpg,5 214 345 565 589
test_Muroran_00086.jpg,2 0 183 272 517
test_Muroran_00025.jpg,2 4 374 198 591 5 280 433 408 599 8 317 468 398 598
test_Numazu_00148.jpg,1 76 309 209 599 1 79 299 140 557 3 170 416 461 476
test_Numazu_00263.jpg,5 173 376 453 589 8 155 313 234 434
test_Adachi_00033.jpg,2 0 183 272 517
test_Nagakute_00039.jpg,1 78 413 205 598 8 1 300 199 523
test_Numazu_00020.jpg,1 23 422 203 600 2 164 406 221 599 5 24 414 227 598
test_Muroran_00378.jpg,5 97 366 587 566 5 258 384 600 521
test_Nagakute_00150.jpg,2 216 362 270 600
test_Nagakute_00102.jpg,2 376 332 429 599 8 19 366 260 600
test_Nagakute_00171.jpg,1 78 360 202 503 1 14 355 184 549
test_Chiba_00027.jpg,1 65 476 154 583
test_Numazu_00293.jpg,1 328 374 600 583 5 206 352 469 586
test_Numazu_00296.jpg,6 69 385 266 600
test_Adachi_00285.jpg,8 449 325 589 462
test_Muroran_00190.jpg,1 71 459 186 600 1 37 383 218 593 8 346 365 578 600 8 6 340 222 595
test_Muroran_00193.jpg,1 452 516 537 600 8 11 311 237 600
test_Numazu_00215.jpg,5 78 339 560 577 5 281 298 600 555 5 97 370 343 585 8 0 243 213 484 8 294 285 600 544
test_Ichihara_00035.jpg,1 384 436 494 600
test_Adachi_00259.jpg,5 71 276 600 546 5 148 220 600 438
test_Adachi_00064.jpg,2 0 183 272 517
test_Nagakute_00009.jpg,8 315 310 547 535 8 349 380 600 600 8 0 344 75 597
test_Adachi_00288.jpg,2 377 258 559 586
test_Nagakute_00224.jpg,2 85 343 175 432 2 256 435 320 590
test_Adachi_00206.jpg,2 0 183 272 517
test_Numazu_00347.jpg,2 135 404 204 550
test_Sumida_00004.jpg,2 0 183 272 517
test_Sumida_00023.jpg,2 317 393 405 534 8 317 399 404 532
test_Muroran_00277.jpg,5 176 383 382 585 5 142 352 570 594 5 444 482 600 598 5 215 413 378 511 8 440 485 585 600
test_Muroran_00155.jpg,5 0 418 488 598 5 217 515 405 600 5 413 527 593 599
test_Adachi_00200.jpg,2 431 346 600 516 8 445 357 600 507
test_Adachi_00166.jpg,2 146 294 206 597
test_Nagakute_00055.jpg,5 27 387 534 595
test_Numazu_00077.jpg,1 270 402 363 578 1 419 379 503 548
test_Adachi_00104.jpg,7 0 186 498 543
test_Adachi_00226.jpg,2 269 301 592 540 2 265 291 490 454
test_Nagakute_00124.jpg,1 317 401 577 600 1 101 387 273 575 8 4 366 164 572
test_Nagakute_00076.jpg,2 244 317 416 592 5 99 379 508 598
test_Muroran_00136.jpg,5 104 342 447 595
test_Numazu_00082.jpg,1 258 431 403 598 8 14 390 203 600
test_Muroran_00011.jpg,2 0 183 272 517
test_Muroran_00030.jpg,2 373 356 509 600 5 0 358 371 582
test_Sumida_00002.jpg,2 316 441 396 551
test_Adachi_00039.jpg,2 235 183 340 508 8 312 330 571 530 8 361 206 595 394 8 5 188 193 389
test_Adachi_00132.jpg,2 3 416 188 548 2 332 314 386 593 8 168 304 320 430
test_Sumida_00005.jpg,7 140 455 563 537
test_Nagakute_00026.jpg,5 138 411 281 597 8 4 343 136 444
test_Numazu_00282.jpg,2 0 183 272 517
test_Numazu_00349.jpg,8 121 311 294 388
test_Sumida_00108.jpg,2 0 183 272 517
test_Numazu_00173.jpg,2 163 266 250 472
test_Adachi_00079.jpg,8 154 308 228 583
test_Sumida_00161.jpg,8 327 394 584 551
test_Chiba_00086.jpg,2 0 183 272 517
test_Muroran_00406.jpg,7 89 381 585 522
test_Sumida_00173.jpg,1 4 461 151 565 2 148 407 265 554
test_Numazu_00255.jpg,8 302 367 428 597
test_Sumida_00115.jpg,2 199 406 316 555 8 466 430 595 537
test_Muroran_00256.jpg,5 11 344 459 579 5 50 382 194 597 5 195 349 410 563
test_Muroran_00429.jpg,5 36 357 269 598
test_Numazu_00125.jpg,7 64 432 600 597
test_Numazu_00069.jpg,2 165 374 249 476 5 473 463 594 597
test_Adachi_00067.jpg,2 189 390 252 600 2 347 325 489 501 8 344 317 569 600 8 341 323 493 506
test_Chiba_00090.jpg,7 24 508 578 600
test_Numazu_00223.jpg,1 307 425 403 600
test_Sumida_00206.jpg,2 0 183 272 517
test_Muroran_00248.jpg,5 273 384 600 600
test_Sumida_00140.jpg,2 0 183 272 517
test_Nagakute_00014.jpg,5 0 401 478 600 5 278 393 492 597 8 21 466 225 592
test_Nagakute_00059.jpg,8 324 400 591 597 8 0 339 165 522 8 261 338 543 554
test_Numazu_00094.jpg,5 202 325 384 412
test_Muroran_00296.jpg,5 197 354 327 554
test_Adachi_00283.jpg,1 382 300 584 482 1 390 323 515 443
test_Numazu_00045.jpg,1 274 436 398 595 2 75 352 225 600
test_Numazu_00055.jpg,2 268 371 452 599
test_Chiba_00050.jpg,2 404 456 600 568
test_Muroran_00340.jpg,2 48 371 126 527 3 419 385 588 440
test_Numazu_00375.jpg,3 0 487 455 590 5 251 453 416 600
test_Numazu_00021.jpg,1 205 381 302 545 2 37 306 186 547 8 248 321 356 446
test_Numazu_00149.jpg,5 0 393 505 599 5 229 412 575 599
test_Numazu_00190.jpg,1 81 356 194 474 2 348 382 560 599 2 244 316 321 485
test_Numazu_00099.jpg,1 172 498 288 599 2 450 468 585 548 5 162 498 300 597
test_Nagakute_00054.jpg,1 70 383 209 514
test_Muroran_00158.jpg,5 0 508 503 600 5 0 525 145 597
test_Numazu_00067.jpg,5 293 335 597 594 8 0 293 193 579
test_Adachi_00008.jpg,2 424 350 600 495
test_Muroran_00222.jpg,7 150 354 587 456 8 93 492 216 597
test_Muroran_00319.jpg,1 226 468 338 585 2 318 289 400 460 2 6 377 258 538 3 236 458 600 551
test_Adachi_00149.jpg,2 232 318 283 600
test_Muroran_00088.jpg,1 331 315 430 600
test_Nagakute_00209.jpg,5 120 488 443 600
test_Chiba_00064.jpg,8 354 424 565 579
test_Numazu_00120.jpg,5 225 319 460 593
test_Adachi_00241.jpg,2 113 444 213 595
test_Nagakute_00117.jpg,2 224 361 479 600 3 164 482 382 535
test_Adachi_00245.jpg,1 442 330 557 515
test_Numazu_00244.jpg,2 291 391 335 600 8 337 396 497 599
test_Nagakute_00081.jpg,1 89 402 197 532
test_Muroran_00309.jpg,5 291 433 600 594
test_Sumida_00216.jpg,7 89 435 586 528
test_Muroran_00036.jpg,2 29 405 205 592
test_Adachi_00307.jpg,5 0 438 279 552 8 380 342 600 548
test_Adachi_00248.jpg,5 180 285 600 567 5 387 298 596 518 8 432 269 600 440
test_Adachi_00191.jpg,1 493 252 598 429
test_Sumida_00228.jpg,2 0 183 272 517
test_Adachi_00167.jpg,2 371 339 444 534
test_Adachi_00258.jpg,2 379 368 570 600
test_Numazu_00243.jpg,8 1 308 172 516
test_Numazu_00115.jpg,2 0 183 272 517
test_Muroran_00270.jpg,3 0 491 455 595 5 67 344 482 586 5 177 334 386 525 5 230 347 371 459 8 321 336 473 556
test_Muroran_00092.jpg,5 0 333 294 598
test_Nagakute_00044.jpg,1 355 459 436 568 8 271 365 408 466
test_Ichihara_00017.jpg,7 169 413 600 520 7 0 426 491 523
test_Ichihara_00043.jpg,5 200 397 600 600 5 150 402 365 599
test_Numazu_00324.jpg,1 260 370 579 520 8 118 370 291 476
test_Sumida_00138.jpg,2 0 183 272 517
test_Adachi_00183.jpg,1 438 269 599 465
test_Muroran_00399.jpg,5 88 328 340 594
test_Muroran_00214.jpg,1 274 342 417 587 1 521 438 596 559 8 20 326 344 578 8 126 300 384 493
test_Numazu_00189.jpg,5 136 326 600 600
test_Adachi_00312.jpg,1 6 131 215 384
test_Muroran_00063.jpg,1 366 371 594 543 1 301 366 430 503
test_Muroran_00375.jpg,1 203 350 271 562 1 199 436 263 599 3 329 482 599 543
test_Muroran_00341.jpg,8 2 342 260 535 8 368 446 436 592
test_Numazu_00326.jpg,5 250 300 588 592 8 325 272 600 502
test_Numazu_00274.jpg,2 412 393 581 578
test_Adachi_00017.jpg,2 241 275 312 559
test_Adachi_00227.jpg,2 10 214 218 386 8 103 219 212 305
test_Nagakute_00108.jpg,2 179 399 282 595
test_Adachi_00024.jpg,2 40 208 273 600
test_Adachi_00326.jpg,2 370 176 598 451 8 1 154 166 439
test_Chiba_00051.jpg,1 418 493 501 586
test_Numazu_00169.jpg,5 71 295 217 578
test_Muroran_00332.jpg,5 337 360 600 600
test_Adachi_00168.jpg,1 356 454 434 600 2 355 450 435 597 8 19 298 256 481
test_Muroran_00033.jpg,1 263 434 356 600 5 122 370 600 588 8 416 447 510 600
test_Numazu_00096.jpg,5 11 444 144 582
test_Muroran_00234.jpg,5 183 368 600 596 5 197 405 456 599
test_Adachi_00271.jpg,7 80 324 541 585
test_Muroran_00279.jpg,1 322 450 445 600 2 53 388 186 589 2 281 373 345 598 8 332 461 439 597 8 4 385 113 493
test_Numazu_00231.jpg,5 68 365 503 591 5 0 414 305 597
test_Nagakute_00157.jpg,1 385 424 561 598
test_Adachi_00129.jpg,2 424 245 586 418 8 0 226 218 417
test_Nagakute_00266.jpg,1 236 323 298 491 1 18 382 164 477
test_Numazu_00228.jpg,1 281 410 366 557 8 272 416 355 554
test_Muroran_00387.jpg,2 29 362 173 599
test_Numazu_00070.jpg,5 28 424 391 585 8 294 393 445 595
test_Nagakute_00175.jpg,5 169 362 467 557
test_Nagakute_00192.jpg,2 318 341 592 592 8 337 342 600 593
test_Muroran_00282.jpg,5 271 415 554 559
test_Muroran_00080.jpg,2 216 364 344 597 2 383 350 472 599
test_Chiba_00008.jpg,1 276 477 368 573 2 432 428 563 589
test_Numazu_00226.jpg,5 47 352 505 598
test_Nagakute_00080.jpg,5 177 389 368 600
test_Numazu_00355.jpg,2 243 396 314 590 5 278 437 600 596
test_Muroran_00421.jpg,1 218 412 293 598
test_Numazu_00009.jpg,5 48 357 538 591
test_Chiba_00065.jpg,1 192 484 300 598
test_Sumida_00192.jpg,1 275 430 423 533
test_Adachi_00077.jpg,2 405 409 453 592
test_Nagakute_00236.jpg,1 264 385 360 580
test_Numazu_00081.jpg,1 292 353 456 585 8 41 257 227 582
test_Adachi_00176.jpg,2 402 305 492 446
test_Chiba_00007.jpg,8 364 426 507 577
test_Numazu_00383.jpg,2 412 330 542 589 2 294 305 369 584
test_Sumida_00150.jpg,8 393 430 554 567
test_Numazu_00275.jpg,2 320 288 416 587
test_Chiba_00016.jpg,1 325 474 405 579 2 467 481 600 574
test_Nagakute_00194.jpg,2 200 321 293 578
test_Numazu_00313.jpg,2 110 322 178 471 8 2 265 106 415
test_Nagakute_00126.jpg,1 242 384 417 596 2 274 344 600 590
test_Numazu_00136.jpg,2 127 380 215 572
test_Muroran_00107.jpg,5 43 373 483 599
test_Adachi_00319.jpg,2 489 337 598 491 2 371 191 475 338
test_Numazu_00138.jpg,5 89 426 600 594 5 0 379 199 507 5 0 477 490 600
test_Muroran_00151.jpg,1 434 439 596 599 1 322 436 424 596 1 193 410 251 598 5 441 444 597 599
test_Sumida_00117.jpg,2 341 422 430 526 8 124 440 240 559 8 459 445 597 525
test_Adachi_00328.jpg,1 379 212 581 561 1 439 332 584 554
test_Muroran_00016.jpg,1 476 430 569 596
test_Numazu_00175.jpg,1 170 431 250 594 8 274 406 538 595 8 3 392 198 559
test_Muroran_00110.jpg,1 223 364 515 589 2 328 395 551 600
test_Adachi_00025.jpg,2 299 267 394 461 2 298 291 361 558
test_Nagakute_00252.jpg,8 252 308 525 596 8 365 444 550 596
test_Numazu_00010.jpg,8 39 317 196 591
test_Numazu_00023.jpg,2 274 314 331 447 8 94 327 208 455
test_Adachi_00094.jpg,2 405 301 597 493 8 392 275 600 494
test_Adachi_00264.jpg,1 301 350 504 526 5 293 358 473 520
test_Adachi_00292.jpg,2 284 238 335 510
test_Sumida_00110.jpg,2 0 183 272 517
test_Nagakute_00220.jpg,2 235 302 459 600 3 169 468 357 517
test_Muroran_00135.jpg,5 302 361 600 598 5 157 352 512 594
test_Numazu_00183.jpg,5 187 349 492 600 5 39 370 386 506
test_Numazu_00294.jpg,5 136 375 255 591 8 1 287 171 471
test_Numazu_00163.jpg,1 255 393 538 593
test_Nagakute_00155.jpg,1 341 432 554 596 5 330 421 575 591
test_Numazu_00154.jpg,7 60 407 513 517 7 0 402 387 571 8 0 393 405 563 8 35 401 487 516
test_Muroran_00408.jpg,5 204 353 600 599 8 459 389 596 562
test_Numazu_00273.jpg,2 214 276 345 600
test_Nagakute_00214.jpg,2 20 297 191 567
test_Nagakute_00161.jpg,2 269 316 561 589
test_Numazu_00003.jpg,1 303 325 395 415 7 0 374 531 600
test_Muroran_00015.jpg,1 163 421 304 595 5 183 408 501 598
test_Muroran_00126.jpg,2 359 390 432 598
test_Adachi_00113.jpg,2 0 183 272 517
test_Nagakute_00123.jpg,5 69 352 465 600 5 269 363 472 591
test_Sumida_00001.jpg,2 0 183 272 517
test_Numazu_00174.jpg,1 296 340 485 548 8 6 251 213 562
test_Muroran_00423.jpg,1 341 433 516 598 5 116 389 543 600
test_Ichihara_00051.jpg,1 430 405 593 600 5 53 391 495 600 5 319 387 598 600 8 17 390 313 599
test_Adachi_00123.jpg,2 0 183 272 517
test_Adachi_00109.jpg,2 478 425 597 557
test_Nagakute_00208.jpg,1 28 410 161 600 8 309 490 414 598
test_Numazu_00017.jpg,2 0 183 272 517
test_Numazu_00039.jpg,2 395 506 487 598 2 258 348 387 491 2 260 346 500 583
test_Adachi_00036.jpg,2 430 245 600 436
test_Sumida_00213.jpg,2 329 396 438 528 8 323 396 433 528
test_Sumida_00225.jpg,8 386 430 566 561
test_Nagakute_00228.jpg,5 0 330 343 595 5 1 386 133 595
test_Muroran_00371.jpg,2 279 390 436 594 2 129 395 207 600
test_Nagakute_00015.jpg,7 0 416 510 600
test_Nagakute_00225.jpg,7 98 341 576 441 8 480 425 598 562 8 0 429 122 566
test_Muroran_00221.jpg,5 94 310 574 600
test_Adachi_00290.jpg,2 317 307 476 582 2 332 325 441 474 8 367 340 466 450
test_Numazu_00352.jpg,5 91 417 568 598 5 69 439 338 597 5 293 413 528 574
test_Chiba_00004.jpg,7 30 513 492 600
test_Muroran_00108.jpg,5 84 365 414 600
test_Numazu_00118.jpg,1 80 349 189 512 2 215 280 269 590 8 310 292 510 532
test_Sumida_00079.jpg,2 271 398 402 549 8 66 412 208 564
test_Adachi_00107.jpg,2 358 188 569 513 2 452 344 598 577 8 35 160 272 584 8 388 198 600 350 8 271 165 352 211
test_Adachi_00291.jpg,1 379 378 583 571 2 388 377 595 586 8 382 367 595 586
test_Numazu_00128.jpg,5 223 401 483 592 6 0 305 407 600
test_Sumida_00009.jpg,8 53 447 241 538 8 332 435 525 563
test_Numazu_00134.jpg,1 208 359 292 489 8 2 284 207 598 8 320 285 600 470
test_Nagakute_00047.jpg,5 91 369 548 598
test_Muroran_00212.jpg,5 126 350 422 593
test_Adachi_00060.jpg,2 0 183 272 517
test_Numazu_00249.jpg,2 268 365 536 600
test_Nagakute_00022.jpg,1 111 364 225 481
test_Adachi_00121.jpg,2 0 183 272 517
test_Numazu_00241.jpg,2 269 277 367 597 2 264 265 340 488
test_Adachi_00004.jpg,8 135 253 237 563
test_Numazu_00144.jpg,5 0 323 456 597 5 217 310 504 596 5 8 294 247 589 8 290 314 458 593
test_Chiba_00078.jpg,2 0 183 272 517
test_Muroran_00028.jpg,5 116 316 574 586
test_Nagakute_00191.jpg,1 26 429 151 582 5 199 512 353 600
test_Adachi_00155.jpg,2 387 314 600 527
test_Muroran_00410.jpg,1 400 431 561 597 5 396 417 561 600
test_Numazu_00028.jpg,1 250 350 401 506 2 144 306 261 593 2 449 491 555 595
test_Numazu_00034.jpg,5 243 354 450 593
test_Sumida_00094.jpg,2 149 418 256 542
test_Nagakute_00036.jpg,7 49 430 542 517
test_Ichihara_00013.jpg,2 0 183 272 517
test_Muroran_00373.jpg,8 120 361 258 496
test_Adachi_00216.jpg,1 457 349 600 456 1 159 328 250 451
test_Adachi_00110.jpg,1 277 422 358 598
test_Chiba_00074.jpg,7 126 495 600 596
test_Sumida_00198.jpg,2 370 412 524 563
test_Ichihara_00025.jpg,8 197 460 463 599 8 394 379 600 592
test_Muroran_00207.jpg,5 8 379 436 600
test_Sumida_00164.jpg,2 0 183 272 517
test_Adachi_00213.jpg,2 365 358 583 574
test_Ichihara_00037.jpg,1 370 418 493 593 8 1 407 241 592 8 398 384 592 588
test_Numazu_00117.jpg,2 233 302 281 593
test_Numazu_00107.jpg,8 119 285 267 496
test_Nagakute_00003.jpg,1 207 394 275 567
test_Sumida_00176.jpg,2 0 183 272 517
test_Muroran_00090.jpg,5 173 398 556 599
test_Chiba_00036.jpg,8 18 416 200 583
test_Sumida_00196.jpg,2 0 183 272 517
test_Adachi_00075.jpg,2 0 183 272 517
test_Adachi_00151.jpg,1 313 270 594 537 1 197 384 378 549
test_Numazu_00184.jpg,5 162 454 600 600
test_Muroran_00226.jpg,2 0 183 272 517
test_Ichihara_00003.jpg,1 325 416 473 596 1 383 400 586 572 2 364 396 600 559
test_Muroran_00160.jpg,2 17 379 250 599 2 351 333 408 595
test_Muroran_00149.jpg,5 58 371 483 600
test_Muroran_00251.jpg,8 0 344 220 593
test_Muroran_00122.jpg,2 0 183 272 517
test_Nagakute_00128.jpg,5 0 285 452 597 5 129 333 594 582
test_Nagakute_00049.jpg,1 54 400 424 586 2 278 316 453 578 2 325 386 480 600 5 39 407 464 594
test_Muroran_00292.jpg,5 115 335 541 595
test_Nagakute_00256.jpg,2 0 183 272 517
test_Sumida_00072.jpg,7 220 432 600 521
test_Muroran_00205.jpg,5 235 394 591 598
test_Muroran_00366.jpg,5 253 347 405 600
test_Numazu_00368.jpg,1 363 409 502 594 8 315 337 536 582 8 14 391 351 594 8 19 335 246 550
test_Adachi_00313.jpg,2 0 183 272 517
test_Nagakute_00233.jpg,1 346 383 526 598 2 169 330 281 586 2 341 338 576 600
test_Adachi_00322.jpg,1 385 217 465 331 8 329 326 528 409
test_Adachi_00083.jpg,2 330 184 428 563 8 0 228 209 506 8 242 176 333 307
test_Nagakute_00204.jpg,7 90 483 600 600
test_Numazu_00407.jpg,8 107 397 393 597 8 290 346 586 591 8 0 318 162 489
test_Adachi_00089.jpg,2 462 404 546 600 5 369 454 520 593 8 278 370 446 541 8 469 434 552 598
test_Numazu_00303.jpg,2 0 341 170 534
test_Chiba_00029.jpg,8 23 475 173 600
