test_Numazu_00321.jpg,7 55 336 600 540
test_Numazu_00126.jpg,2 207 422 266 600
test_Adachi_00249.jpg,7 139 353 439 590 8 208 360 457 587
test_Numazu_00119.jpg,2 273 361 531 597
test_Muroran_00176.jpg,5 188 420 600 600 8 360 427 513 600
test_Numazu_00373.jpg,7 50 329 573 472
test_Sumida_00209.jpg,2 409 456 522 557
test_Nagakute_00089.jpg,2 232 349 305 597 8 461 478 598 599 8 200 370 297 483
test_Muroran_00284.jpg,5 45 375 562 578 5 0 336 235 600
test_Ichihara_00022.jpg,5 332 415 548 600
test_Muroran_00385.jpg,5 0 402 531 594
test_Muroran_00389.jpg,1 451 384 599 578 2 359 300 600 593
test_Numazu_00157.jpg,2 0 183 272 517
test_Adachi_00134.jpg,2 1 305 116 513 8 339 364 594 562
test_Sumida_00086.jpg,8 356 440 538 582
test_Adachi_00199.jpg,1 132 200 287 439 1 344 205 464 363
test_Chiba_00046.jpg,8 11 405 204 582 8 315 413 488 568
test_Sumida_00102.jpg,2 316 404 392 553
test_Muroran_00024.jpg,1 92 434 225 548 2 349 480 440 598
test_Numazu_00379.jpg,2 246 294 324 424
test_Sumida_00051.jpg,8 382 429 563 559
test_Muroran_00402.jpg,5 37 383 600 593 5 104 375 524 478 8 456 359 599 486
test_Adachi_00150.jpg,2 0 183 272 517
test_Chiba_00006.jpg,8 422 438 593 577 8 110 479 305 600
test_Nagakute_00040.jpg,1 252 427 344 596
test_Sumida_00208.jpg,8 492 414 594 574
test_Adachi_00141.jpg,2 283 299 418 571
test_Chiba_00092.jpg,1 314 477 412 578 2 185 478 300 587 8 432 465 600 573
test_Numazu_00290.jpg,1 502 473 596 586 1 261 233 325 395 1 196 383 310 509 7 9 286 513 398
test_Ichihara_00001.jpg,2 5 401 255 587 2 434 413 595 543
test_Sumida_00180.jpg,2 0 183 272 517
test_Ichihara_00048.jpg,2 450 469 564 599
test_Numazu_00211.jpg,5 2 416 183 596
test_Nagakute_00013.jpg,8 158 349 272 528
test_Nagakute_00027.jpg,2 288 311 576 544 8 5 322 173 530 8 297 323 551 539
test_Chiba_00001.jpg,2 0 183 272 517
test_Chiba_00084.jpg,2 389 465 585 584
test_Adachi_00103.jpg,1 316 391 476 532 5 323 369 465 530
test_Numazu_00165.jpg,2 0 183 272 517
test_Nagakute_00112.jpg,1 32 374 188 591
test_Muroran_00069.jpg,5 354 490 522 600 8 143 406 202 599
test_Chiba_00049.jpg,8 334 411 528 575
test_Muroran_00103.jpg,1 443 443 530 598
test_Adachi_00040.jpg,1 11 277 228 542 1 0 260 447 476 3 0 287 543 443 3 156 321 588 424
test_Nagakute_00087.jpg,1 135 419 230 597 8 0 383 186 563
test_Numazu_00267.jpg,5 476 479 600 600 7 124 408 543 490
test_Ichihara_00034.jpg,1 71 468 241 599 5 68 443 572 600
test_Numazu_00087.jpg,2 331 356 521 600 5 68 338 293 600
test_Muroran_00041.jpg,2 1 389 171 549 5 174 367 600 597
test_Muroran_00346.jpg,8 0 286 218 554 8 407 438 545 600
test_Sumida_00169.jpg,2 24 410 279 549
test_Nagakute_00023.jpg,8 48 296 271 600
test_Sumida_00125.jpg,2 310 425 382 547
test_Numazu_00312.jpg,5 3 324 339 599
test_Adachi_00157.jpg,2 385 351 469 596
test_Muroran_00313.jpg,2 0 183 272 517
test_Muroran_00290.jpg,2 473 447 600 579 8 16 345 224 600
test_Numazu_00256.jpg,5 18 359 488 598
test_Adachi_00247.jpg,2 456 398 599 553
test_Muroran_00232.jpg,5 167 340 578 600
test_Adachi_00266.jpg,2 0 183 272 517
test_Chiba_00048.jpg,8 225 478 330 591
test_Nagakute_00132.jpg,8 308 326 600 579 8 2 342 205 598
test_Adachi_00031.jpg,2 292 455 400 580 2 183 281 456 457 8 453 344 599 451 8 330 313 576 454
test_Adachi_00046.jpg,2 1 210 258 495 8 369 218 501 562
test_Nagakute_00017.jpg,1 414 429 494 579
test_Adachi_00203.jpg,2 278 375 339 599
test_Chiba_00035.jpg,2 393 448 562 580
test_Nagakute_00092.jpg,5 36 350 600 598 5 19 389 345 589
test_Numazu_00344.jpg,2 0 183 272 517
test_Muroran_00305.jpg,1 58 405 248 588 5 426 446 583 600 8 454 467 588 600
test_Nagakute_00120.jpg,5 0 366 202 600
test_Muroran_00223.jpg,5 381 295 594 506 5 247 316 568 567
test_Adachi_00242.jpg,1 35 315 229 507 8 406 290 594 504
test_Sumida_00124.jpg,8 354 415 524 570
test_Numazu_00060.jpg,5 0 428 451 597
test_Numazu_00049.jpg,1 273 352 360 453 2 45 286 207 597
test_Sumida_00194.jpg,7 193 433 580 543
test_Numazu_00101.jpg,2 282 307 448 574 5 232 304 440 589
test_Nagakute_00170.jpg,5 238 366 465 598 8 7 331 244 600 8 312 347 597 596
test_Numazu_00080.jpg,8 305 430 463 599
test_Numazu_00311.jpg,5 26 412 550 596
test_Chiba_00018.jpg,2 158 478 330 591
test_Numazu_00309.jpg,5 313 397 423 504
test_Numazu_00386.jpg,1 131 348 210 571 8 343 357 596 579 8 0 320 131 535
test_Numazu_00359.jpg,2 93 382 248 599 5 183 382 600 597 5 134 402 300 600
test_Adachi_00090.jpg,2 0 183 272 517
test_Sumida_00143.jpg,7 80 440 554 560
test_Sumida_00047.jpg,2 363 388 547 522
test_Sumida_00078.jpg,2 243 411 306 559
test_Nagakute_00034.jpg,2 234 318 294 595 8 37 340 223 600
test_Muroran_00275.jpg,1 431 446 592 578 1 428 424 562 526 8 27 286 189 600 8 448 476 591 600
test_Numazu_00378.jpg,1 3 378 132 578 8 308 296 600 578 8 0 276 186 471
test_Nagakute_00152.jpg,1 487 432 597 541 1 132 486 248 600 8 3 394 126 539
test_Numazu_00380.jpg,7 51 382 600 600
test_Nagakute_00213.jpg,2 307 377 588 591 8 2 409 132 554
test_Numazu_00155.jpg,5 0 381 146 584 5 291 339 519 588 8 316 345 547 564 8 5 330 140 517
test_Chiba_00019.jpg,7 2 471 559 593
test_Sumida_00067.jpg,2 0 183 272 517
test_Numazu_00065.jpg,2 298 322 388 453
test_Sumida_00201.jpg,2 359 439 432 558
test_Numazu_00364.jpg,2 242 346 431 600
test_Numazu_00354.jpg,1 368 394 529 560 8 0 329 150 534 8 127 348 278 593
test_Numazu_00086.jpg,2 275 409 377 587 2 59 387 197 595 8 2 375 173 562
test_Chiba_00088.jpg,1 294 476 382 578 2 456 475 600 565
test_Chiba_00025.jpg,2 260 456 382 558
test_Chiba_00075.jpg,2 0 183 272 517
test_Nagakute_00163.jpg,1 58 273 167 418
test_Muroran_00195.jpg,1 204 402 276 599 1 160 328 388 591 5 4 398 168 600 5 0 353 420 600
test_Adachi_00106.jpg,2 366 283 549 585
test_Chiba_00070.jpg,2 457 494 550 588
test_Nagakute_00070.jpg,2 0 183 272 517
test_Adachi_00204.jpg,1 215 422 306 574 8 298 341 407 600
test_Muroran_00415.jpg,5 311 415 600 600
test_Adachi_00032.jpg,7 45 342 600 517
test_Adachi_00243.jpg,7 111 465 537 593 8 197 458 427 594
test_Sumida_00040.jpg,7 26 437 492 519
test_Nagakute_00162.jpg,1 101 431 267 600 8 306 358 593 594
test_Numazu_00403.jpg,8 0 279 183 469 8 295 284 596 532
test_Nagakute_00178.jpg,1 152 374 239 580 8 21 371 188 594
test_Muroran_00404.jpg,2 262 319 315 600
test_Numazu_00185.jpg,1 3 315 116 510 1 165 417 260 564 8 11 280 157 597
test_Numazu_00164.jpg,1 7 345 212 556 2 216 264 265 548 8 297 301 584 554
test_Muroran_00079.jpg,1 213 402 296 589 2 352 389 512 595
test_Nagakute_00012.jpg,2 117 401 275 597
test_Nagakute_00010.jpg,2 267 344 328 599
test_Adachi_00051.jpg,1 75 289 438 545 2 290 120 488 246 5 24 261 497 530
test_Muroran_00386.jpg,2 171 349 284 600 8 407 415 553 599
test_Nagakute_00083.jpg,5 46 334 518 600
test_Muroran_00029.jpg,2 340 378 444 547
test_Adachi_00190.jpg,8 253 431 364 598
test_Sumida_00058.jpg,2 27 418 213 526 8 374 451 561 557 8 335 448 483 549
test_Numazu_00033.jpg,5 156 339 311 587
test_Muroran_00125.jpg,2 332 399 519 591
test_Numazu_00356.jpg,5 150 433 600 597 5 4 505 127 600
test_Adachi_00005.jpg,2 0 183 272 517
test_Nagakute_00174.jpg,7 36 499 543 599
test_Chiba_00010.jpg,1 118 471 236 590 8 301 438 456 592
test_Nagakute_00062.jpg,1 270 387 444 599 2 219 378 453 600 5 283 392 438 598
test_Nagakute_00085.jpg,2 13 392 188 590 5 31 483 398 594 5 306 398 595 590 8 330 402 600 573
test_Nagakute_00058.jpg,1 272 415 374 581 8 2 333 154 463
test_Muroran_00055.jpg,5 454 395 591 500
test_Nagakute_00084.jpg,1 101 295 261 599 8 94 293 272 600
test_Sumida_00037.jpg,2 144 420 289 570
test_Nagakute_00240.jpg,1 209 322 302 417 8 316 299 600 519
test_Muroran_00141.jpg,5 86 437 492 599
test_Numazu_00204.jpg,3 161 475 561 588 5 0 368 541 595 8 0 287 171 485
test_Nagakute_00180.jpg,2 62 351 210 594
test_Adachi_00253.jpg,1 10 211 227 441
test_Adachi_00081.jpg,7 12 303 497 420
test_Numazu_00381.jpg,2 231 298 318 472
test_Muroran_00156.jpg,1 277 351 553 582 1 331 447 467 600 8 17 342 201 600 8 354 357 596 563
test_Sumida_00134.jpg,2 133 420 224 521
test_Numazu_00076.jpg,2 284 266 329 455
test_Ichihara_00049.jpg,8 0 474 121 579 8 477 467 599 581
test_Sumida_00190.jpg,2 0 183 272 517
test_Muroran_00201.jpg,1 319 375 499 600 1 34 394 190 600 2 312 312 514 549 5 290 315 498 599 8 2 363 181 586
test_Adachi_00286.jpg,1 13 372 317 543 1 21 310 505 539 8 103 300 504 533
test_Numazu_00092.jpg,2 164 376 245 567 5 84 404 243 596
test_Numazu_00218.jpg,5 244 414 532 570
test_Nagakute_00167.jpg,1 351 432 461 595 2 260 227 347 600 8 1 229 273 518 8 3 307 172 503
test_Numazu_00114.jpg,2 35 294 221 581 5 28 328 363 584
test_Adachi_00135.jpg,1 34 409 200 570 1 327 353 463 444
test_Chiba_00076.jpg,2 94 513 206 595
test_Muroran_00020.jpg,2 259 358 325 596
test_Muroran_00383.jpg,5 4 408 468 600
test_Numazu_00171.jpg,5 106 313 269 445 8 359 300 569 523
test_Numazu_00285.jpg,5 278 421 600 598 8 139 398 223 599
test_Sumida_00098.jpg,7 16 445 472 533
test_Muroran_00312.jpg,2 353 406 597 592 8 206 349 376 427
test_Nagakute_00146.jpg,5 183 389 600 600 5 304 428 598 598 8 129 409 600 597
test_Adachi_00308.jpg,2 0 183 272 517
test_Muroran_00014.jpg,2 299 360 456 598 5 329 360 581 551
test_Muroran_00333.jpg,2 0 183 272 517
test_Muroran_00174.jpg,1 170 385 282 563 2 159 368 299 600
test_Adachi_00014.jpg,2 198 365 334 595
test_Numazu_00230.jpg,2 281 402 479 589 8 79 306 213 471
test_Nagakute_00114.jpg,1 222 332 307 572 2 38 350 170 588 8 292 337 572 590
test_Muroran_00299.jpg,5 278 376 567 600
test_Nagakute_00196.jpg,1 219 351 339 521 1 51 347 173 462 5 207 353 329 514 8 4 323 168 457
test_Muroran_00240.jpg,1 134 430 266 599 8 439 394 595 559 8 98 417 262 600
test_Sumida_00033.jpg,2 327 407 425 520
test_Muroran_00112.jpg,5 49 409 356 600
test_Sumida_00105.jpg,2 0 183 272 517
test_Numazu_00338.jpg,5 413 468 600 578 8 27 438 207 597 8 257 426 374 551
test_Numazu_00202.jpg,8 445 478 574 600 8 6 265 223 475
test_Adachi_00069.jpg,5 14 191 186 456
test_Ichihara_00021.jpg,1 151 407 297 598 8 390 402 600 576 8 67 390 284 596
test_Numazu_00160.jpg,7 0 413 495 599 8 34 309 161 475
test_Adachi_00299.jpg,2 5 444 117 591
test_Muroran_00345.jpg,1 94 307 394 593 5 0 315 382 591
test_Muroran_00163.jpg,1 316 359 582 595 5 126 397 600 600 5 200 447 404 600 5 377 352 593 598
test_Numazu_00390.jpg,2 452 480 600 593 5 75 409 267 598 5 45 412 518 598 5 296 471 600 597
test_Adachi_00068.jpg,1 111 318 459 569 3 27 316 560 530
test_Chiba_00026.jpg,8 186 499 291 595
test_Adachi_00072.jpg,8 488 308 596 440
test_Nagakute_00125.jpg,3 4 417 316 571 3 0 398 499 519 3 165 411 600 527 5 251 397 600 529
test_Muroran_00260.jpg,1 297 446 386 600 1 395 484 580 600 5 0 418 547 595
test_Numazu_00176.jpg,2 229 299 342 600 2 298 340 583 589 6 254 316 590 585
test_Muroran_00005.jpg,2 91 368 216 577 5 179 421 600 598
test_Adachi_00329.jpg,2 385 363 580 592
test_Numazu_00333.jpg,7 20 425 600 600
test_Sumida_00081.jpg,7 17 456 569 567
test_Numazu_00310.jpg,2 285 355 418 590 5 425 362 592 523 8 440 353 598 463
test_Numazu_00284.jpg,2 245 318 304 594
test_Numazu_00357.jpg,2 336 400 565 596 8 279 342 574 596
test_Nagakute_00185.jpg,5 254 343 423 593
test_Muroran_00322.jpg,2 0 183 272 517
test_Nagakute_00091.jpg,5 43 281 218 540
test_Nagakute_00159.jpg,2 178 274 243 502 2 53 484 129 600
test_Adachi_00180.jpg,2 324 166 410 593
test_Adachi_00130.jpg,2 112 298 261 504 2 416 329 583 596 2 52 365 216 594 2 40 250 278 600 8 374 216 598 543
test_Numazu_00317.jpg,2 358 427 566 596
test_Numazu_00388.jpg,2 56 271 218 592 5 79 285 257 595
test_Numazu_00374.jpg,2 262 302 383 600 5 0 296 349 592
test_Nagakute_00029.jpg,7 0 424 488 594 8 106 301 303 446
test_Muroran_00006.jpg,8 430 388 559 523 8 32 322 297 595
test_Muroran_00397.jpg,7 304 294 598 355
test_Numazu_00396.jpg,2 295 447 385 597
test_Sumida_00060.jpg,2 0 183 272 517
test_Adachi_00164.jpg,5 21 303 407 570 8 410 224 591 440
test_Adachi_00236.jpg,8 383 264 585 467
test_Muroran_00131.jpg,1 409 453 496 597 8 63 382 271 600 8 129 368 280 536
test_Nagakute_00199.jpg,2 348 328 585 593 8 3 273 183 563
test_Muroran_00238.jpg,5 110 288 246 439
test_Sumida_00217.jpg,2 0 183 272 517
test_Muroran_00045.jpg,5 0 393 434 599 5 2 405 198 600
test_Nagakute_00254.jpg,8 0 315 208 521
test_Sumida_00226.jpg,8 214 430 312 572
test_Ichihara_00024.jpg,1 156 459 284 600
test_Adachi_00265.jpg,2 0 183 272 517
test_Adachi_00021.jpg,2 166 168 275 525
test_Muroran_00104.jpg,2 194 416 280 598 2 447 428 600 600 8 476 464 600 600 8 0 378 210 592
test_Sumida_00168.jpg,2 0 183 272 517
test_Nagakute_00099.jpg,5 154 340 538 595 5 360 389 600 600
test_Nagakute_00086.jpg,7 0 408 501 600
test_Nagakute_00121.jpg,1 74 432 188 599 1 215 425 293 594 8 0 391 136 581 8 297 412 513 595
test_Nagakute_00154.jpg,4 135 460 600 578
test_Numazu_00340.jpg,5 371 413 560 566 8 0 325 142 574
test_Numazu_00222.jpg,2 0 183 272 517
test_Muroran_00283.jpg,5 10 338 173 574
test_Sumida_00100.jpg,2 0 183 272 517
test_Numazu_00029.jpg,5 20 394 438 600 5 178 421 562 599
test_Numazu_00393.jpg,5 345 289 598 429
test_Adachi_00251.jpg,1 349 415 470 536
test_Nagakute_00216.jpg,5 15 457 136 592 5 170 471 569 597
test_Numazu_00405.jpg,5 177 336 342 577 8 347 261 600 545 8 2 252 169 453
test_Muroran_00071.jpg,5 354 394 454 559 5 0 372 530 596 6 3 387 565 592
test_Sumida_00227.jpg,2 355 412 462 553
test_Numazu_00131.jpg,5 37 362 296 589
test_Muroran_00198.jpg,5 0 371 462 595
test_Sumida_00042.jpg,2 0 183 272 517
test_Numazu_00348.jpg,5 57 440 455 593 5 170 458 600 600 8 446 455 600 596
test_Chiba_00020.jpg,7 149 512 600 599
test_Muroran_00261.jpg,1 101 489 209 597 5 345 456 594 599
test_Adachi_00224.jpg,2 263 149 323 311 2 194 187 314 561 2 184 361 279 577 2 450 307 592 478
test_Adachi_00195.jpg,1 348 498 509 600 3 83 433 335 500
test_Adachi_00124.jpg,2 408 381 600 584
test_Adachi_00131.jpg,5 183 348 560 579
test_Numazu_00254.jpg,2 0 183 272 517
test_Nagakute_00229.jpg,1 112 438 210 573 2 262 336 333 600 5 348 409 542 600
test_Nagakute_00144.jpg,1 13 381 248 567 2 11 383 234 568
test_Nagakute_00073.jpg,2 337 297 599 581 8 17 307 291 600
test_Nagakute_00021.jpg,2 94 256 225 600
test_Sumida_00029.jpg,2 365 436 453 546
test_Muroran_00365.jpg,1 453 408 593 562 8 7 335 261 555 8 401 423 553 598
test_Sumida_00030.jpg,8 362 426 530 559
test_Sumida_00165.jpg,2 0 419 211 551
test_Muroran_00023.jpg,5 116 316 556 600 5 5 297 359 600 5 315 320 578 563
test_Numazu_00361.jpg,2 0 183 272 517
test_Muroran_00295.jpg,5 241 468 394 574
test_Muroran_00179.jpg,2 371 439 484 594
test_Adachi_00219.jpg,1 308 375 471 498 5 328 388 466 494
test_Nagakute_00241.jpg,1 108 417 233 593 2 310 342 387 600 8 11 338 249 595
test_Numazu_00180.jpg,8 281 414 499 593
test_Ichihara_00046.jpg,2 128 410 306 577
test_Sumida_00123.jpg,2 0 393 221 538 8 5 419 172 519
test_Numazu_00108.jpg,5 448 411 594 570
test_Numazu_00288.jpg,2 307 430 426 577
test_Numazu_00258.jpg,2 0 183 272 517
test_Sumida_00096.jpg,2 0 413 163 523 2 223 430 307 549 8 420 442 591 576 8 470 489 589 581
test_Adachi_00262.jpg,7 57 391 580 563
test_Numazu_00372.jpg,2 131 299 265 594 6 227 295 519 573
test_Sumida_00118.jpg,2 0 183 272 517
test_Numazu_00385.jpg,5 13 359 194 595
test_Adachi_00327.jpg,8 438 377 599 534 8 51 381 252 552
test_Nagakute_00202.jpg,8 275 370 600 592 8 6 354 181 497
test_Numazu_00339.jpg,8 0 298 195 558 8 310 303 587 574 8 397 392 590 593
test_Nagakute_00217.jpg,1 160 401 275 600
test_Nagakute_00008.jpg,2 302 387 377 551 5 40 423 543 594 5 9 478 355 600
test_Chiba_00069.jpg,2 0 183 272 517
test_Numazu_00168.jpg,5 0 360 418 600 5 232 332 570 600 5 40 364 231 596 8 286 310 494 600 8 0 332 111 460
test_Chiba_00045.jpg,1 285 481 369 589 8 203 473 326 592
test_Sumida_00111.jpg,8 421 476 576 558
test_Numazu_00302.jpg,1 407 441 525 585 2 0 338 122 510
test_Muroran_00194.jpg,5 11 399 166 578
test_Numazu_00292.jpg,2 319 308 565 552
test_Numazu_00225.jpg,2 150 295 225 538 5 164 345 478 586
test_Sumida_00045.jpg,7 192 433 579 542
test_Sumida_00068.jpg,2 335 404 404 535
test_Muroran_00407.jpg,5 249 379 547 595
test_Muroran_00293.jpg,2 0 183 272 517
test_Muroran_00418.jpg,5 37 379 505 591
test_Ichihara_00030.jpg,5 58 384 312 600 5 114 384 595 600
test_Adachi_00117.jpg,2 0 183 272 517
test_Sumida_00106.jpg,2 0 183 272 517
test_Muroran_00153.jpg,1 105 433 262 594 8 3 335 255 579
test_Nagakute_00187.jpg,1 299 428 492 598 2 176 380 270 599 2 266 381 516 595 5 289 401 522 594
test_Adachi_00018.jpg,2 339 331 426 598
test_Muroran_00354.jpg,2 318 385 468 590
test_Numazu_00210.jpg,5 105 468 514 599 5 317 459 508 600 6 127 442 456 595
test_Ichihara_00026.jpg,8 441 484 558 599
test_Ichihara_00047.jpg,2 466 421 596 532
test_Adachi_00269.jpg,2 382 314 484 400 7 33 391 600 600
test_Adachi_00276.jpg,2 430 294 600 543
test_Nagakute_00190.jpg,1 31 347 219 565
test_Muroran_00425.jpg,8 278 337 340 599
test_Muroran_00074.jpg,5 297 374 413 502
test_Muroran_00130.jpg,5 136 384 455 597
test_Adachi_00153.jpg,1 276 426 364 598 8 370 330 506 450
test_Numazu_00395.jpg,2 50 377 225 596
test_Numazu_00366.jpg,2 290 366 438 584 2 2 389 110 583 7 89 269 402 338 8 409 369 598 576 8 243 435 325 584
test_Sumida_00166.jpg,2 327 386 394 539
test_Numazu_00259.jpg,1 337 449 421 600 1 464 432 575 538
test_Muroran_00315.jpg,5 85 343 595 599
test_Nagakute_00078.jpg,1 264 329 457 525 2 385 348 600 556 8 2 267 200 521
test_Numazu_00246.jpg,2 260 388 406 594 5 258 380 582 598
test_Chiba_00079.jpg,1 179 464 261 579 1 289 475 369 594
test_Numazu_00323.jpg,7 130 355 600 485
test_Numazu_00397.jpg,2 234 384 327 600
test_Numazu_00235.jpg,1 40 330 206 566 1 313 380 527 584 8 281 291 568 529
test_Numazu_00315.jpg,1 305 421 424 572 8 3 370 112 514 8 403 411 582 590 8 326 331 588 600
test_Chiba_00089.jpg,2 0 183 272 517
test_Adachi_00263.jpg,1 396 355 586 600
test_Adachi_00128.jpg,1 4 312 256 571 5 4 298 240 519
test_Muroran_00007.jpg,5 21 338 509 600
test_Numazu_00277.jpg,8 306 400 569 600 8 10 392 175 537
test_Nagakute_00109.jpg,2 235 292 418 542 2 269 342 471 600 3 71 432 329 493
test_Numazu_00281.jpg,5 17 345 247 571
test_Ichihara_00045.jpg,7 61 440 600 598
test_Muroran_00132.jpg,5 45 379 596 600
test_Muroran_00213.jpg,5 28 376 495 599 5 283 374 496 593
test_Muroran_00120.jpg,1 354 499 465 599 5 0 466 367 598
test_Numazu_00105.jpg,2 337 336 571 584
test_Nagakute_00201.jpg,5 205 408 388 598 8 23 404 185 600
test_Adachi_00096.jpg,2 294 305 414 588
test_Adachi_00270.jpg,2 188 346 258 600
test_Muroran_00419.jpg,5 27 342 554 595 5 277 326 540 556 5 2 336 271 593
test_Adachi_00289.jpg,8 3 295 255 600
test_Muroran_00298.jpg,2 373 386 583 596
test_Numazu_00036.jpg,5 62 327 312 582 8 355 402 553 590
test_Ichihara_00028.jpg,7 0 458 521 600
test_Numazu_00391.jpg,5 0 365 444 590
test_Nagakute_00244.jpg,1 301 406 420 537 8 1 320 191 501
test_Muroran_00294.jpg,5 142 444 337 600
test_Sumida_00193.jpg,2 189 405 282 542
test_Ichihara_00029.jpg,1 390 406 569 600 5 387 398 561 600
test_Muroran_00143.jpg,1 108 415 259 600 5 8 370 241 586 8 371 395 476 600
test_Sumida_00197.jpg,2 0 183 272 517
test_Sumida_00141.jpg,1 164 457 291 571 8 395 444 588 591 8 174 460 295 575 8 75 453 242 568
test_Muroran_00047.jpg,2 174 339 257 599 8 420 397 597 533
test_Muroran_00085.jpg,1 371 416 518 597 5 33 373 372 600
test_Muroran_00244.jpg,5 441 419 595 572 8 495 457 600 567 8 75 335 250 600
test_Muroran_00348.jpg,5 217 340 584 580
test_Nagakute_00250.jpg,7 4 382 600 600
test_Adachi_00154.jpg,1 398 389 568 588 2 401 388 567 600
test_Nagakute_00274.jpg,1 344 433 535 595 5 12 460 215 599 5 0 472 392 596 5 131 483 518 599 8 352 429 541 600
test_Adachi_00085.jpg,2 159 301 265 589
test_Adachi_00261.jpg,2 7 159 152 477
test_Sumida_00031.jpg,8 373 411 554 568
test_Muroran_00100.jpg,5 275 495 442 574
test_Nagakute_00198.jpg,1 247 420 314 600 2 249 407 310 600
test_Nagakute_00139.jpg,1 35 377 156 597 5 279 424 527 597 8 0 297 122 506
test_Numazu_00229.jpg,2 0 306 102 514
test_Adachi_00073.jpg,2 420 466 546 593 8 338 380 448 486 8 354 422 552 485
test_Muroran_00031.jpg,5 21 366 529 600
test_Muroran_00257.jpg,5 40 373 476 595 5 73 336 287 579
test_Muroran_00357.jpg,5 38 408 537 597
test_Numazu_00370.jpg,2 252 361 334 592
test_Nagakute_00168.jpg,4 15 459 470 566 8 3 327 161 478
test_Adachi_00165.jpg,7 27 191 581 394
test_Adachi_00208.jpg,2 117 398 213 511 2 385 317 536 526 5 361 328 572 598 5 157 382 600 594 8 420 395 572 600
test_Adachi_00086.jpg,1 150 326 254 513 1 6 323 142 423 1 315 298 423 410
test_Adachi_00273.jpg,2 138 242 291 600 8 214 283 395 426
test_Adachi_00225.jpg,8 30 292 260 523 8 79 140 423 403 8 25 226 204 456
test_Adachi_00030.jpg,7 0 175 534 374
test_Muroran_00204.jpg,1 196 330 376 600 5 113 335 437 593
test_Numazu_00240.jpg,2 260 371 415 596
test_Muroran_00328.jpg,1 308 404 374 599 1 169 429 282 600
test_Sumida_00043.jpg,2 0 183 272 517
test_Adachi_00228.jpg,7 33 331 600 598
test_Muroran_00008.jpg,5 154 336 560 595 5 0 434 156 595 5 0 353 388 600
test_Adachi_00029.jpg,8 6 210 202 363
test_Muroran_00384.jpg,2 380 347 573 594 5 372 365 588 599 5 433 490 573 591
test_Numazu_00250.jpg,2 307 310 565 592 2 101 322 252 588 2 379 400 547 594 8 416 375 585 529
test_Adachi_00240.jpg,2 0 183 272 517
test_Nagakute_00227.jpg,5 165 365 322 533
test_Ichihara_00038.jpg,1 412 393 498 572
test_Nagakute_00127.jpg,1 284 518 396 600
test_Adachi_00197.jpg,2 340 230 423 419 8 396 413 488 585
test_Muroran_00420.jpg,1 324 363 398 474 8 369 395 589 599 8 3 426 161 598
test_Adachi_00105.jpg,1 104 213 227 600 2 497 223 599 348 2 117 85 238 389
test_Numazu_00095.jpg,5 237 301 392 594 7 19 404 453 594 8 3 417 304 593
test_Muroran_00297.jpg,2 367 343 587 540 2 435 411 594 564 5 146 429 288 544
test_Nagakute_00226.jpg,1 89 358 176 475 8 271 351 547 592
test_Chiba_00052.jpg,2 0 183 272 517
test_Muroran_00115.jpg,2 298 338 358 599
test_Muroran_00058.jpg,8 0 502 105 600
test_Muroran_00381.jpg,2 119 345 194 597
test_Sumida_00151.jpg,2 367 384 511 549
test_Nagakute_00173.jpg,1 96 474 498 600 5 52 449 600 600 7 206 335 594 466 7 82 327 582 546
test_Chiba_00034.jpg,2 289 398 411 546
test_Muroran_00059.jpg,2 305 382 375 499 7 6 478 568 600
test_Numazu_00097.jpg,5 116 408 295 598
test_Numazu_00233.jpg,1 145 358 325 577
test_Chiba_00038.jpg,8 305 459 499 598
test_Adachi_00314.jpg,2 369 362 545 595
test_Sumida_00059.jpg,2 327 407 415 544
test_Sumida_00205.jpg,8 382 425 574 568
test_Muroran_00321.jpg,5 111 370 600 600 8 408 500 526 600
test_Nagakute_00016.jpg,5 119 369 380 599 5 387 434 600 597
test_Numazu_00268.jpg,8 119 363 305 600
test_Adachi_00246.jpg,7 0 141 488 329 7 71 141 600 271
test_Numazu_00384.jpg,7 29 299 584 466
test_Adachi_00087.jpg,2 0 183 272 517
test_Numazu_00170.jpg,7 167 347 509 513
test_Adachi_00127.jpg,1 136 463 216 596 8 364 306 596 563
test_Adachi_00172.jpg,1 127 219 284 477
test_Sumida_00041.jpg,2 0 183 272 517
test_Numazu_00193.jpg,1 47 422 153 572
test_Sumida_00028.jpg,2 366 420 482 552
test_Muroran_00376.jpg,5 57 356 409 521
test_Adachi_00237.jpg,8 272 311 597 518
test_Nagakute_00239.jpg,1 227 413 331 594 8 310 430 482 595
test_Ichihara_00042.jpg,1 385 397 513 477 8 0 477 155 597
test_Nagakute_00181.jpg,5 43 355 531 600
test_Sumida_00135.jpg,8 473 505 594 597
test_Numazu_00083.jpg,5 0 357 359 595 8 218 342 507 589
test_Muroran_00180.jpg,2 0 183 272 517
test_Muroran_00269.jpg,5 0 368 569 600
test_Numazu_00030.jpg,8 186 299 347 548
test_Chiba_00002.jpg,7 0 510 372 599
test_Numazu_00336.jpg,8 375 461 593 597 8 296 329 548 596 8 303 321 478 502 8 69 290 222 585
test_Adachi_00035.jpg,4 235 453 600 546
test_Nagakute_00030.jpg,1 345 455 586 596 2 264 354 358 598
test_Muroran_00035.jpg,1 62 405 220 595 8 446 389 600 515 8 392 426 541 599
test_Muroran_00424.jpg,5 63 411 600 598
test_Muroran_00186.jpg,1 272 334 326 534 8 1 337 220 563 8 357 365 470 506
test_Muroran_00326.jpg,5 45 372 280 600
test_Muroran_00417.jpg,2 393 342 595 597 2 1 399 179 578 8 186 386 337 550
test_Muroran_00398.jpg,5 344 441 561 591
test_Nagakute_00260.jpg,2 261 301 504 597 3 346 419 567 484
test_Muroran_00053.jpg,2 0 183 272 517
test_Sumida_00091.jpg,5 160 386 280 484
test_Sumida_00170.jpg,2 314 387 406 532
test_Muroran_00413.jpg,2 416 361 532 599 7 66 301 258 405
test_Muroran_00388.jpg,1 21 342 260 588 5 13 329 287 600 5 85 367 586 598 5 334 454 559 591
test_Adachi_00061.jpg,1 417 249 599 446 2 414 254 599 455 2 0 362 155 587
test_Nagakute_00074.jpg,5 124 338 288 600 8 452 368 600 491
test_Nagakute_00043.jpg,1 121 431 211 595 1 300 390 444 566 8 5 307 208 505
test_Adachi_00196.jpg,2 337 315 554 581
test_Muroran_00078.jpg,2 0 183 272 517
test_Adachi_00013.jpg,2 423 396 545 590
test_Numazu_00064.jpg,2 0 183 272 517
test_Muroran_00273.jpg,2 16 328 192 593
test_Nagakute_00041.jpg,1 229 492 384 600
test_Nagakute_00057.jpg,2 392 475 480 596
test_Ichihara_00002.jpg,1 377 427 528 588 8 21 444 200 596
test_Nagakute_00221.jpg,1 375 458 591 599
test_Muroran_00109.jpg,5 63 358 551 598
test_Numazu_00161.jpg,8 302 269 588 514 8 1 283 203 471
test_Adachi_00250.jpg,2 301 305 441 596
test_Muroran_00138.jpg,5 113 366 563 597
test_Muroran_00211.jpg,2 183 450 379 592 5 479 455 598 600
test_Nagakute_00061.jpg,7 0 443 492 600
test_Numazu_00006.jpg,2 0 183 272 517
test_Numazu_00353.jpg,2 308 352 470 600
test_Numazu_00201.jpg,2 318 470 388 598 2 445 469 512 599
test_Muroran_00391.jpg,2 336 376 431 596
test_Muroran_00219.jpg,2 341 351 592 568 2 271 363 360 600
test_Sumida_00018.jpg,8 436 487 599 579
test_Numazu_00147.jpg,5 4 422 408 596
test_Muroran_00344.jpg,5 32 397 577 595
test_Numazu_00013.jpg,2 0 183 272 517
test_Numazu_00261.jpg,2 82 266 235 594 2 84 371 183 585 2 140 268 221 467 5 37 369 209 580
test_Adachi_00098.jpg,1 392 410 488 527 2 164 374 260 583 7 200 302 600 389
test_Nagakute_00113.jpg,2 86 257 249 572
test_Numazu_00110.jpg,2 311 333 583 587 5 165 360 303 591 8 334 336 555 575 8 161 356 294 553
test_Adachi_00321.jpg,2 305 338 476 600
test_Chiba_00061.jpg,2 0 183 272 517
test_Adachi_00217.jpg,7 0 330 501 536
test_Nagakute_00116.jpg,1 331 389 508 599 1 166 435 251 580 1 310 386 420 507
test_Chiba_00011.jpg,2 375 447 591 578
test_Muroran_00310.jpg,1 469 427 596 538
test_Numazu_00178.jpg,2 0 183 272 517
test_Ichihara_00023.jpg,1 396 393 596 582 8 386 389 599 592
test_Adachi_00275.jpg,2 432 303 599 585
test_Numazu_00306.jpg,1 203 280 332 438
test_Nagakute_00140.jpg,2 237 396 417 600
test_Muroran_00098.jpg,2 391 415 594 592 8 7 479 119 595
test_Nagakute_00031.jpg,7 0 420 584 600
test_Numazu_00063.jpg,5 0 354 464 582 5 16 360 218 516 5 201 320 378 505
test_Muroran_00137.jpg,1 371 408 482 563 1 290 394 424 592 8 0 371 210 562
test_Nagakute_00038.jpg,5 135 456 259 557 8 0 403 178 600
test_Nagakute_00262.jpg,1 277 381 412 582 8 0 350 159 505
test_Adachi_00201.jpg,2 315 469 390 599 2 499 487 597 582 8 374 384 478 466
test_Muroran_00111.jpg,5 259 399 456 596 8 344 444 448 600
test_Muroran_00416.jpg,5 291 417 500 502 5 71 397 312 485
test_Chiba_00058.jpg,1 303 433 392 539
test_Nagakute_00149.jpg,2 373 407 526 511
test_Adachi_00318.jpg,7 126 143 594 260 8 0 496 368 597 8 0 505 204 592
test_Sumida_00056.jpg,7 44 460 536 555
test_Adachi_00161.jpg,8 148 347 454 597
test_Nagakute_00093.jpg,8 18 362 195 598 8 324 420 595 597
test_Nagakute_00147.jpg,1 54 424 182 600
test_Numazu_00093.jpg,2 0 183 272 517
test_Numazu_00192.jpg,2 119 274 213 431 2 20 288 196 600 5 331 322 597 594
test_Nagakute_00072.jpg,1 220 439 278 600
test_Adachi_00020.jpg,1 93 197 260 452 1 82 334 176 507 8 262 111 343 446
test_Sumida_00015.jpg,1 348 453 418 543 8 324 414 463 554
test_Muroran_00068.jpg,5 80 339 286 594 5 203 461 563 598 5 410 475 594 597 5 457 330 594 440 8 416 375 551 507
test_Numazu_00071.jpg,8 28 342 184 588
test_Adachi_00054.jpg,1 5 328 104 439
test_Sumida_00006.jpg,1 80 463 204 554 8 17 463 181 564
test_Numazu_00132.jpg,5 27 340 429 600
test_Muroran_00246.jpg,1 314 351 425 600
test_Numazu_00401.jpg,1 135 398 240 552 8 318 389 595 600
test_Numazu_00103.jpg,5 233 374 561 526
test_Sumida_00016.jpg,2 218 433 295 545
test_Muroran_00255.jpg,5 26 314 514 600 5 258 328 595 597
test_Numazu_00078.jpg,6 133 382 354 598 8 192 387 360 600
test_Muroran_00343.jpg,2 0 183 272 517
test_Nagakute_00066.jpg,2 278 351 327 594
test_Muroran_00060.jpg,1 423 445 598 579 1 123 456 215 594
test_Numazu_00350.jpg,2 308 316 362 589
test_Chiba_00021.jpg,1 443 481 586 578 5 309 464 393 586
test_Nagakute_00197.jpg,2 144 390 201 597
test_Adachi_00268.jpg,1 247 323 367 433
test_Muroran_00245.jpg,2 244 363 314 600 3 82 502 309 555
test_Numazu_00220.jpg,6 249 342 502 579
test_Muroran_00117.jpg,2 193 421 283 598 2 0 411 178 565
test_Adachi_00088.jpg,2 188 279 274 482 2 37 262 215 568
test_Numazu_00308.jpg,5 54 485 220 596
test_Muroran_00183.jpg,5 113 292 493 600 5 8 331 362 594 5 240 347 592 599
test_Sumida_00055.jpg,2 338 430 406 546 8 384 431 539 562 8 119 441 232 557
test_Nagakute_00265.jpg,2 347 364 598 597 2 146 311 272 533 8 329 364 600 600
test_Sumida_00195.jpg,2 0 183 272 517
test_Nagakute_00135.jpg,1 162 504 348 594 8 9 378 209 600 8 354 369 600 587
test_Sumida_00063.jpg,2 401 421 600 527 2 151 427 287 526
test_Adachi_00099.jpg,8 40 288 201 600
test_Adachi_00257.jpg,7 23 175 525 308
test_Numazu_00088.jpg,5 43 394 511 600 5 316 439 600 595 8 4 359 195 593 8 410 472 588 597
test_Chiba_00068.jpg,2 0 183 272 517
test_Muroran_00070.jpg,2 152 339 268 600
test_Sumida_00224.jpg,7 139 431 600 551
test_Nagakute_00007.jpg,2 48 331 243 600 5 148 326 591 588 5 194 387 356 588
test_Muroran_00286.jpg,5 56 374 490 600
test_Numazu_00090.jpg,2 314 410 408 586
test_Numazu_00251.jpg,8 330 418 450 538
test_Muroran_00012.jpg,5 353 393 595 595
test_Nagakute_00025.jpg,1 59 399 163 543
test_Muroran_00352.jpg,5 109 363 600 591 5 93 407 428 592
test_Muroran_00278.jpg,2 0 183 272 517
test_Muroran_00116.jpg,6 71 382 600 589
test_Numazu_00113.jpg,2 115 301 241 583 5 338 343 584 574 8 9 302 183 493 8 105 304 243 591
test_Muroran_00262.jpg,5 115 322 585 600
test_Muroran_00243.jpg,2 412 393 520 520 5 186 323 535 588 5 219 363 379 582 8 7 279 224 600
test_Sumida_00044.jpg,2 358 416 478 549
test_Sumida_00052.jpg,2 107 408 248 561
test_Sumida_00095.jpg,2 0 183 272 517
test_Muroran_00422.jpg,1 64 369 171 582
test_Adachi_00120.jpg,2 381 243 559 525
test_Muroran_00342.jpg,2 385 410 593 591 5 0 367 381 595 5 189 420 504 599
test_Nagakute_00004.jpg,1 432 457 583 595 5 88 465 260 600
test_Sumida_00035.jpg,2 324 405 411 540 8 473 441 593 514
test_Adachi_00287.jpg,2 429 331 580 528
test_Adachi_00139.jpg,1 451 422 589 598
test_Adachi_00070.jpg,2 345 366 509 599
test_Muroran_00022.jpg,5 34 449 355 598 8 318 383 382 545
test_Nagakute_00134.jpg,1 2 432 249 600 2 240 314 404 585
test_Sumida_00046.jpg,2 318 407 379 543
test_Sumida_00087.jpg,2 378 424 488 575
test_Numazu_00221.jpg,2 272 367 346 598 8 306 329 396 436
test_Nagakute_00096.jpg,1 338 376 470 543 1 193 491 333 595
test_Sumida_00027.jpg,1 344 431 407 551
test_Adachi_00296.jpg,2 372 313 594 558
test_Ichihara_00014.jpg,1 156 481 269 600 2 417 432 597 583
test_Muroran_00091.jpg,1 10 422 169 600 1 35 416 144 538 1 206 457 362 600 2 302 349 483 588 8 311 354 415 477
test_Adachi_00330.jpg,5 154 219 350 344 5 392 216 591 365 7 104 265 600 600 7 75 401 569 600
test_Adachi_00315.jpg,7 46 181 546 272
test_Sumida_00082.jpg,2 0 183 272 517
test_Muroran_00247.jpg,8 68 371 207 598
test_Nagakute_00032.jpg,2 131 356 222 600
test_Sumida_00053.jpg,8 339 425 431 538
test_Adachi_00277.jpg,2 9 347 103 471
test_Sumida_00128.jpg,8 72 393 172 540
test_Muroran_00172.jpg,5 0 394 473 600
test_Nagakute_00248.jpg,1 68 470 190 594 8 233 316 600 592
test_Numazu_00062.jpg,5 280 413 538 592 5 74 402 197 542 8 266 303 581 541
test_Muroran_00083.jpg,5 233 313 355 500 5 188 322 580 588
test_Nagakute_00259.jpg,1 310 390 490 597 8 4 315 210 590
test_Numazu_00239.jpg,6 230 427 392 516
test_Muroran_00335.jpg,5 350 413 586 600 5 48 340 224 596
test_Nagakute_00235.jpg,1 250 431 457 592 8 2 338 185 507
test_Numazu_00212.jpg,8 314 430 594 598
test_Numazu_00342.jpg,1 104 365 272 597
test_Nagakute_00176.jpg,1 404 459 503 595 2 148 402 240 593
test_Muroran_00003.jpg,5 136 364 450 596
test_Muroran_00409.jpg,5 68 371 558 597
test_Nagakute_00246.jpg,2 252 370 341 600
test_Numazu_00206.jpg,2 0 183 272 517
test_Sumida_00212.jpg,2 0 183 272 517
test_Numazu_00053.jpg,1 352 379 498 585 2 357 377 495 576 8 398 371 595 566
test_Sumida_00156.jpg,2 193 449 270 559
test_Muroran_00142.jpg,2 0 183 272 517
test_Nagakute_00130.jpg,1 176 433 247 599
test_Numazu_00389.jpg,5 0 352 592 598
test_Adachi_00185.jpg,1 240 340 412 600
test_Sumida_00007.jpg,1 155 427 327 531 5 155 432 349 538 8 6 419 85 550
test_Muroran_00052.jpg,1 73 396 306 584 1 398 375 594 512
test_Chiba_00041.jpg,2 0 183 272 517
test_Numazu_00072.jpg,8 6 285 200 497 8 303 315 484 478 8 174 278 253 388
test_Sumida_00076.jpg,2 344 430 415 557
test_Sumida_00186.jpg,8 394 452 593 597
test_Sumida_00088.jpg,2 0 183 272 517
test_Sumida_00080.jpg,8 332 396 430 536
test_Sumida_00019.jpg,7 99 464 600 570
test_Sumida_00131.jpg,8 149 435 262 560
test_Muroran_00206.jpg,1 353 508 512 599 5 0 360 335 594
test_Adachi_00238.jpg,2 225 191 287 490
test_Muroran_00263.jpg,1 283 392 465 597 5 0 394 71 594 5 293 389 473 597
test_Muroran_00128.jpg,2 428 380 579 520 8 22 399 192 600
test_Numazu_00272.jpg,5 209 323 366 593 8 301 314 395 439
test_Muroran_00300.jpg,2 0 183 272 517
test_Adachi_00220.jpg,1 355 435 543 580
test_Sumida_00137.jpg,2 12 431 164 537 2 335 435 411 544
test_Muroran_00318.jpg,2 301 371 355 600 5 4 435 226 599
test_Numazu_00343.jpg,7 0 396 544 598
test_Adachi_00198.jpg,2 354 300 587 533
test_Muroran_00252.jpg,2 299 309 372 551
test_Sumida_00145.jpg,8 377 437 551 560
test_Muroran_00224.jpg,5 3 373 236 587 8 322 405 408 590
test_Muroran_00334.jpg,2 250 328 443 487 2 290 366 503 543
test_Numazu_00360.jpg,1 173 304 252 567 5 0 278 265 594 8 316 293 577 581 8 0 289 158 484
test_Muroran_00401.jpg,8 310 429 411 593
test_Nagakute_00067.jpg,1 136 389 356 594
test_Nagakute_00019.jpg,2 395 305 590 488
test_Numazu_00197.jpg,2 0 183 272 517
test_Muroran_00113.jpg,5 122 371 320 600 5 403 364 591 566
test_Nagakute_00153.jpg,7 0 426 560 600
test_Sumida_00064.jpg,2 109 404 198 523
test_Muroran_00216.jpg,5 8 366 527 600 5 0 365 208 600
test_Numazu_00208.jpg,1 261 451 339 596 1 251 426 405 598 8 323 421 432 510
test_Sumida_00013.jpg,2 416 451 596 596
test_Nagakute_00183.jpg,1 192 413 315 599 8 3 363 124 513
test_Muroran_00379.jpg,5 138 427 310 598
test_Adachi_00223.jpg,2 0 183 272 517
test_Nagakute_00048.jpg,1 54 426 187 592 2 255 368 417 599 8 267 383 415 600
test_Muroran_00241.jpg,2 177 289 249 432 7 0 423 496 596 8 56 301 192 429
test_Adachi_00059.jpg,2 117 281 292 599
test_Sumida_00144.jpg,8 454 463 597 566
test_Adachi_00160.jpg,2 313 334 398 568
test_Muroran_00154.jpg,5 62 396 468 598
test_Adachi_00138.jpg,2 432 293 596 551
test_Numazu_00400.jpg,2 112 416 197 600 2 270 376 353 600
test_Muroran_00067.jpg,1 355 417 560 600 5 362 420 548 597 8 108 441 251 600
test_Muroran_00026.jpg,2 120 352 275 600 2 325 319 511 600
test_Adachi_00179.jpg,5 236 346 571 600 5 0 421 519 599 8 298 311 499 583
test_Chiba_00063.jpg,8 446 474 599 581
test_Sumida_00167.jpg,8 406 455 588 599
test_Adachi_00231.jpg,1 386 183 594 483 1 159 125 290 510
test_Adachi_00260.jpg,2 444 347 594 482
test_Sumida_00024.jpg,2 212 396 302 519 8 350 429 447 537
test_Nagakute_00122.jpg,2 234 318 354 520 3 98 378 283 432
test_Adachi_00320.jpg,1 148 257 233 414 2 350 164 461 520 2 309 132 423 428 8 300 173 382 365
test_Numazu_00159.jpg,1 7 411 173 598
test_Adachi_00074.jpg,1 425 424 568 600
test_Muroran_00405.jpg,2 268 322 435 595
test_Chiba_00039.jpg,2 0 183 272 517
test_Muroran_00066.jpg,5 0 371 483 595
test_Muroran_00148.jpg,2 311 388 368 525 8 497 471 598 592 8 72 395 269 600
test_Muroran_00144.jpg,5 69 443 487 598
test_Muroran_00013.jpg,2 0 183 272 517
test_Sumida_00036.jpg,2 29 439 202 567
test_Muroran_00228.jpg,5 202 435 514 598
test_Muroran_00349.jpg,2 135 330 211 599 8 311 376 418 481
test_Muroran_00364.jpg,8 119 380 278 600
test_Sumida_00202.jpg,2 0 183 272 517
test_Adachi_00302.jpg,2 0 183 272 517
test_Nagakute_00182.jpg,8 298 327 481 553
test_Nagakute_00242.jpg,2 0 383 181 600 2 296 356 432 597
test_Chiba_00082.jpg,2 0 183 272 517
test_Ichihara_00019.jpg,1 237 494 338 595 8 5 436 212 597
test_Numazu_00237.jpg,5 51 398 416 600 5 71 433 219 598 5 233 416 430 597
test_Muroran_00353.jpg,2 0 183 272 517
test_Sumida_00021.jpg,2 0 183 272 517
test_Numazu_00325.jpg,2 0 183 272 517
test_Numazu_00262.jpg,1 50 359 184 461 8 292 278 580 591 8 194 425 302 596
test_Numazu_00207.jpg,7 194 263 457 341
test_Adachi_00215.jpg,2 346 200 522 591
test_Muroran_00412.jpg,5 14 359 482 600 5 220 382 582 599
test_Adachi_00324.jpg,2 164 373 278 595 2 415 398 590 542
test_Numazu_00141.jpg,2 239 342 337 590 8 296 326 517 600
test_Sumida_00122.jpg,7 56 439 524 525
test_Sumida_00116.jpg,2 0 183 272 517
test_Nagakute_00258.jpg,5 355 451 491 563
test_Adachi_00002.jpg,2 73 189 301 600 2 145 190 294 501
test_Sumida_00200.jpg,1 258 439 368 560
test_Numazu_00198.jpg,1 243 301 384 533 5 113 337 600 587 5 239 320 379 598
test_Numazu_00059.jpg,7 9 363 586 584
test_Muroran_00258.jpg,1 13 358 170 600 1 247 384 383 598 1 228 342 336 563 5 10 341 176 597 8 358 413 534 597
test_Numazu_00016.jpg,2 296 316 462 559
test_Muroran_00044.jpg,5 47 367 600 600 5 8 406 363 597
test_Sumida_00104.jpg,2 244 409 383 534
test_Nagakute_00261.jpg,8 7 330 208 524
test_Sumida_00211.jpg,8 339 402 544 558
test_Adachi_00022.jpg,1 287 489 402 599 1 187 348 275 481
test_Adachi_00095.jpg,2 191 347 288 595
test_Muroran_00272.jpg,2 370 396 534 572 8 372 405 537 565
test_Adachi_00294.jpg,2 348 239 511 550 2 395 316 536 584 2 356 246 461 436 7 188 188 521 249
test_Adachi_00084.jpg,1 382 476 489 597 8 48 408 263 597
test_Muroran_00127.jpg,5 266 459 400 592 8 412 332 592 456
test_Adachi_00019.jpg,8 352 436 472 597
test_Adachi_00136.jpg,2 292 88 462 251 7 0 243 549 599
test_Sumida_00154.jpg,8 250 406 344 452
test_Numazu_00188.jpg,1 389 371 548 501
test_Nagakute_00141.jpg,3 142 373 317 430
test_Adachi_00091.jpg,1 137 383 310 598
test_Chiba_00044.jpg,2 0 183 272 517
test_Muroran_00082.jpg,5 0 314 521 598
test_Muroran_00050.jpg,5 198 362 600 595
test_Nagakute_00105.jpg,2 341 452 487 599 8 375 523 591 598
test_Muroran_00167.jpg,5 0 330 409 595
test_Sumida_00017.jpg,1 194 429 309 527
test_Adachi_00063.jpg,2 476 284 596 439
test_Numazu_00387.jpg,1 264 385 323 585
test_Numazu_00399.jpg,5 355 377 576 569 6 0 315 309 506
test_Sumida_00103.jpg,7 122 468 600 569
test_Muroran_00057.jpg,5 213 380 515 566 6 267 380 460 539
test_Muroran_00061.jpg,1 431 342 593 525 2 280 419 340 596 2 238 351 350 600 8 70 12 484 160
test_Muroran_00077.jpg,5 25 379 357 600
test_Nagakute_00028.jpg,2 115 448 194 597
test_Muroran_00331.jpg,5 0 324 93 516 7 95 356 588 521
test_Numazu_00040.jpg,8 24 274 211 600 8 361 327 594 477
test_Ichihara_00032.jpg,7 40 475 600 600
test_Muroran_00170.jpg,2 0 183 272 517
test_Muroran_00185.jpg,5 54 330 566 600 5 0 296 295 600
test_Nagakute_00110.jpg,2 329 229 573 499 8 16 271 235 552
test_Nagakute_00210.jpg,8 55 397 288 505
test_Muroran_00250.jpg,2 390 372 508 561 5 149 408 287 591 5 91 400 564 595 8 274 471 336 599
test_Chiba_00037.jpg,7 161 493 600 593
test_Sumida_00221.jpg,2 0 183 272 517
test_Numazu_00152.jpg,2 0 183 272 517
test_Muroran_00182.jpg,1 188 415 273 591
test_Sumida_00089.jpg,7 63 442 600 545
test_Muroran_00288.jpg,5 125 340 511 593
test_Muroran_00150.jpg,5 265 298 466 447 5 225 425 575 600
test_Chiba_00031.jpg,2 72 463 193 595
test_Sumida_00075.jpg,2 217 399 290 547
test_Numazu_00075.jpg,5 92 397 264 590
test_Numazu_00234.jpg,1 240 375 305 579
test_Numazu_00091.jpg,1 187 404 269 594 1 280 442 445 595 8 18 279 210 600
test_Chiba_00094.jpg,2 0 183 272 517
test_Adachi_00078.jpg,1 370 306 514 461 8 375 245 595 431
test_Sumida_00012.jpg,2 370 442 503 590
test_Muroran_00306.jpg,2 288 339 338 600
test_Sumida_00073.jpg,2 253 403 349 537
test_Muroran_00171.jpg,5 61 354 600 596
test_Muroran_00105.jpg,8 376 505 519 599
test_Nagakute_00263.jpg,1 295 359 490 574
test_Adachi_00062.jpg,7 49 360 541 494 8 8 403 200 595
test_Adachi_00122.jpg,1 146 251 381 569
test_Sumida_00121.jpg,8 3 436 225 570
test_Muroran_00380.jpg,1 123 460 242 596 5 122 461 243 598 8 394 414 590 599
test_Adachi_00016.jpg,1 380 345 502 599
test_Muroran_00187.jpg,5 2 375 440 599 5 228 362 417 588
test_Adachi_00221.jpg,1 383 416 480 534 8 394 377 555 552
test_Adachi_00317.jpg,2 0 342 154 494 8 445 366 596 493
test_Adachi_00207.jpg,1 415 244 582 423
test_Adachi_00218.jpg,2 449 207 560 531 7 0 225 360 525
test_Adachi_00015.jpg,1 109 116 252 513
test_Adachi_00209.jpg,1 399 283 520 456 2 2 203 156 501
test_Numazu_00186.jpg,5 242 338 562 520 5 259 335 444 476
test_Numazu_00304.jpg,2 283 253 580 579 8 288 260 600 594
test_Sumida_00222.jpg,2 0 183 272 517
test_Numazu_00153.jpg,8 398 397 599 600
test_Nagakute_00273.jpg,1 72 474 160 598 2 244 241 328 600 5 311 322 577 591 8 10 232 205 583 8 0 398 126 576
test_Muroran_00032.jpg,5 40 336 471 594 5 317 388 597 580 8 383 379 600 567
test_Numazu_00377.jpg,2 79 346 251 587
test_Adachi_00234.jpg,2 0 183 272 517
test_Nagakute_00272.jpg,1 446 421 580 529
test_Chiba_00060.jpg,8 199 474 328 591
test_Numazu_00182.jpg,1 63 509 157 599 1 293 442 428 598 2 289 425 422 600 5 289 448 432 599
test_Adachi_00293.jpg,2 0 183 272 517
test_Ichihara_00005.jpg,2 469 430 597 556 8 18 407 249 597
test_Nagakute_00118.jpg,8 327 361 592 600
test_Sumida_00054.jpg,2 0 183 272 517
test_Numazu_00054.jpg,2 248 369 346 598
test_Nagakute_00188.jpg,8 288 376 502 597
test_Numazu_00058.jpg,5 66 426 353 595
test_Adachi_00082.jpg,2 90 265 262 448 2 501 237 598 374
test_Muroran_00307.jpg,5 87 406 575 600 5 0 466 69 593
test_Adachi_00003.jpg,2 0 321 169 470
test_Muroran_00010.jpg,2 143 378 275 600 2 302 364 353 600
test_Numazu_00404.jpg,6 215 358 499 582
test_Numazu_00227.jpg,5 105 404 600 599 5 352 434 591 590 8 43 355 224 589
test_Nagakute_00011.jpg,5 117 311 532 539 7 69 321 545 566 8 210 311 521 546
test_Muroran_00254.jpg,1 376 385 588 580 1 355 363 533 515 1 99 370 189 471 8 342 389 434 526 8 9 382 163 562
test_Nagakute_00033.jpg,1 74 489 160 600 2 230 356 499 600
test_Muroran_00175.jpg,5 69 392 544 596
test_Sumida_00057.jpg,7 186 434 577 541
test_Numazu_00122.jpg,1 1 391 132 577
test_Sumida_00127.jpg,2 0 183 272 517
test_Sumida_00149.jpg,2 0 183 272 517
test_Numazu_00024.jpg,2 183 383 247 590 3 225 427 477 484 8 375 344 600 561 8 1 336 150 522
test_Nagakute_00005.jpg,5 50 418 310 600
test_Chiba_00093.jpg,5 296 458 375 595
test_Muroran_00358.jpg,2 0 183 272 517
test_Sumida_00092.jpg,2 0 183 272 517
test_Adachi_00093.jpg,2 214 345 272 600 2 220 286 288 527 2 366 275 446 569 8 161 339 600 552 8 107 335 515 471
test_Numazu_00106.jpg,5 94 409 600 586
test_Muroran_00051.jpg,1 8 445 163 597 5 254 325 541 600 5 6 382 155 536
test_Muroran_00209.jpg,5 114 345 600 596
test_Nagakute_00024.jpg,5 0 453 362 598
test_Sumida_00183.jpg,2 0 183 272 517
test_Numazu_00079.jpg,1 214 410 280 576 8 282 388 568 593
test_Adachi_00056.jpg,2 348 240 509 544 2 401 341 540 589 2 357 247 462 444 7 183 190 518 251
test_Numazu_00158.jpg,2 313 285 473 572
test_Nagakute_00269.jpg,5 6 334 426 585
test_Sumida_00177.jpg,8 449 430 597 553
test_Numazu_00050.jpg,7 46 390 600 583
test_Nagakute_00223.jpg,5 204 387 415 543
test_Numazu_00236.jpg,5 0 342 476 600 6 29 373 283 586
test_Muroran_00362.jpg,5 195 368 459 600 8 471 464 600 584
test_Muroran_00316.jpg,5 70 356 290 598
test_Numazu_00167.jpg,7 0 375 502 600
test_Nagakute_00207.jpg,2 259 244 463 562 2 314 264 591 518 3 356 408 545 476
test_Numazu_00253.jpg,2 295 304 534 587
test_Chiba_00003.jpg,2 402 448 570 580 8 94 494 297 598
test_Muroran_00118.jpg,2 298 380 362 596 5 331 416 600 600
test_Nagakute_00082.jpg,1 410 365 599 516 1 406 378 514 475 2 102 356 276 599
test_Adachi_00202.jpg,2 103 375 308 579
test_Muroran_00411.jpg,5 0 359 439 597
test_Adachi_00076.jpg,8 189 279 525 548 8 64 272 330 520 8 300 199 588 532
test_Muroran_00369.jpg,7 0 434 536 600
test_Muroran_00400.jpg,2 345 438 437 599 6 0 417 280 592
test_Adachi_00316.jpg,1 176 394 241 592
test_Ichihara_00016.jpg,2 0 183 272 517
test_Nagakute_00271.jpg,1 413 412 569 597 2 318 459 407 594 8 85 262 223 600
test_Muroran_00166.jpg,5 33 405 537 591
test_Nagakute_00107.jpg,2 138 376 225 600 8 262 332 507 583 8 266 320 440 488
test_Chiba_00032.jpg,1 410 460 581 590
test_Muroran_00191.jpg,1 0 450 354 591 5 80 454 600 600
test_Adachi_00278.jpg,8 360 304 600 526
test_Numazu_00392.jpg,2 272 319 350 578
test_Numazu_00314.jpg,2 263 385 332 600
test_Numazu_00015.jpg,5 19 294 393 585
test_Adachi_00310.jpg,2 308 100 420 513 2 328 212 449 584
test_Nagakute_00018.jpg,1 5 385 118 501
test_Chiba_00009.jpg,8 220 507 389 594
test_Sumida_00178.jpg,2 0 183 272 517
test_Nagakute_00050.jpg,8 258 399 380 600
test_Numazu_00026.jpg,1 263 313 384 447
test_Muroran_00393.jpg,5 41 403 535 600
test_Numazu_00044.jpg,2 128 283 231 588
test_Muroran_00291.jpg,1 233 337 292 588 8 83 416 209 600
test_Muroran_00363.jpg,1 168 481 261 598 2 413 387 582 557 8 400 381 581 557
test_Adachi_00169.jpg,1 182 313 306 570 2 346 294 600 423
test_Adachi_00267.jpg,2 389 281 468 519
test_Chiba_00028.jpg,2 0 183 272 517
test_Sumida_00214.jpg,8 74 457 205 565
test_Adachi_00044.jpg,2 93 148 229 425 2 5 155 155 285 2 58 201 189 520
test_Muroran_00203.jpg,5 135 363 600 567 5 190 355 517 509
test_Numazu_00305.jpg,1 17 462 196 597 8 0 419 368 537
test_Muroran_00168.jpg,5 236 364 600 594
test_Numazu_00140.jpg,8 195 520 600 600
test_Numazu_00008.jpg,2 0 183 272 517
test_Chiba_00062.jpg,2 0 183 272 517
test_Nagakute_00165.jpg,2 4 369 183 592 4 171 480 600 583 4 21 368 579 459
test_Sumida_00155.jpg,2 76 420 423 556 2 146 427 288 554
test_Muroran_00129.jpg,2 362 364 571 596 2 103 433 206 600 2 112 348 246 600
test_Sumida_00129.jpg,2 185 446 306 563 2 412 451 570 589
test_Chiba_00024.jpg,2 0 183 272 517
test_Sumida_00189.jpg,1 295 418 373 530
test_Muroran_00114.jpg,2 382 496 478 597
test_Sumida_00163.jpg,2 0 183 272 517
test_Numazu_00156.jpg,2 307 310 483 566 3 241 391 421 448 8 317 316 590 546
test_Numazu_00334.jpg,1 218 459 301 587
test_Muroran_00139.jpg,2 0 183 272 517
test_Sumida_00113.jpg,2 0 183 272 517
test_Ichihara_00018.jpg,8 427 413 600 550
test_Adachi_00011.jpg,2 222 312 469 579 8 4 253 94 428
test_Sumida_00011.jpg,2 113 478 247 576 5 251 446 413 562 8 384 425 513 579
test_Nagakute_00129.jpg,2 248 348 461 598 5 258 373 591 598
test_Adachi_00170.jpg,1 418 351 597 524 5 184 388 574 600
test_Adachi_00239.jpg,1 486 384 596 548
test_Numazu_00300.jpg,2 281 410 364 519
test_Sumida_00107.jpg,2 0 183 272 517
test_Numazu_00166.jpg,1 65 404 191 594 8 4 293 185 555 8 0 396 91 548
test_Numazu_00319.jpg,2 0 183 272 517
test_Muroran_00146.jpg,5 266 458 598 600
test_Nagakute_00169.jpg,2 229 310 370 589 2 234 310 329 476 3 47 452 323 505
test_Nagakute_00264.jpg,5 52 322 413 590
test_Sumida_00174.jpg,8 407 397 598 571
test_Numazu_00135.jpg,1 170 354 257 584 1 37 340 506 596 1 288 346 419 465 2 3 332 142 496
test_Numazu_00345.jpg,2 0 183 272 517
test_Muroran_00327.jpg,2 273 317 333 600 8 460 489 580 600
test_Nagakute_00189.jpg,1 281 427 379 542
test_Chiba_00071.jpg,2 0 183 272 517
test_Muroran_00096.jpg,5 270 460 399 594 8 411 330 592 451
test_Sumida_00153.jpg,8 342 409 425 552
test_Nagakute_00088.jpg,1 0 353 244 578 8 311 349 540 595
test_Numazu_00002.jpg,2 0 183 272 517
test_Numazu_00124.jpg,1 128 410 230 594 2 284 297 493 586 8 421 360 597 504
test_Muroran_00027.jpg,2 0 183 272 517
test_Nagakute_00205.jpg,2 302 386 439 600
test_Numazu_00341.jpg,2 185 312 462 596 2 141 281 383 519 8 368 380 536 527
test_Adachi_00175.jpg,2 354 277 448 580
test_Muroran_00157.jpg,2 201 303 283 569
test_Adachi_00057.jpg,2 0 183 272 517
test_Adachi_00306.jpg,2 252 267 423 572
test_Muroran_00087.jpg,5 224 392 492 599
test_Adachi_00119.jpg,7 64 320 600 559
test_Muroran_00225.jpg,1 217 404 348 579 8 7 369 288 579
test_Adachi_00144.jpg,7 0 310 439 398 8 309 377 560 576
test_Muroran_00237.jpg,1 178 372 314 583 1 436 385 594 584 8 362 407 511 587
test_Adachi_00254.jpg,2 322 142 454 524 8 9 153 177 363
test_Nagakute_00060.jpg,2 0 183 272 517
test_Adachi_00325.jpg,2 10 319 202 477
test_Numazu_00121.jpg,4 73 377 569 471
test_Sumida_00179.jpg,2 357 423 473 534
test_Muroran_00094.jpg,2 0 183 272 517
test_Adachi_00300.jpg,1 258 500 352 599
test_Muroran_00043.jpg,1 0 308 372 553 5 33 316 499 592
test_Adachi_00188.jpg,1 337 299 383 562
test_Nagakute_00131.jpg,1 49 346 211 494 1 284 359 393 526 8 0 345 184 517
test_Chiba_00087.jpg,1 350 500 445 587 2 485 474 598 574 8 181 478 325 561
test_Adachi_00042.jpg,8 389 215 600 547
test_Nagakute_00270.jpg,1 49 352 203 517 1 249 361 338 527 8 0 296 211 462
test_Muroran_00320.jpg,5 251 372 590 596
test_Adachi_00210.jpg,8 78 365 399 596
test_Muroran_00124.jpg,3 27 486 274 535 5 321 342 486 594 8 366 410 455 593
test_Nagakute_00179.jpg,7 294 386 599 594
test_Numazu_00270.jpg,7 294 416 600 544
test_Chiba_00091.jpg,2 0 183 272 517
test_Muroran_00165.jpg,5 302 316 600 583 8 409 399 566 565
test_Numazu_00074.jpg,2 270 273 472 583 8 271 286 461 550
test_Ichihara_00039.jpg,7 165 445 600 598
test_Adachi_00229.jpg,1 423 460 573 597 2 435 456 576 598
test_Sumida_00187.jpg,2 347 399 507 546
test_Nagakute_00006.jpg,5 0 386 311 600
test_Adachi_00118.jpg,2 0 183 272 517
test_Sumida_00039.jpg,7 0 435 444 531
test_Adachi_00272.jpg,2 355 209 531 545 8 1 178 256 588 8 374 210 575 349 8 266 174 346 213
test_Adachi_00235.jpg,7 37 156 574 286
test_Sumida_00065.jpg,2 0 183 272 517
test_Numazu_00287.jpg,1 5 444 144 590
test_Sumida_00219.jpg,2 230 392 312 532 2 344 393 443 538 8 365 397 600 569
test_Sumida_00132.jpg,2 392 443 501 557
test_Nagakute_00119.jpg,5 296 396 454 560
test_Adachi_00280.jpg,2 0 183 272 517
test_Nagakute_00231.jpg,1 170 347 274 466 2 300 307 348 476 8 122 316 265 474
test_Muroran_00280.jpg,2 269 352 332 538 5 208 409 600 600 8 422 508 537 600
test_Sumida_00220.jpg,2 207 398 288 541
test_Numazu_00329.jpg,1 220 310 363 473 1 191 325 270 455 8 40 252 230 577 8 337 301 600 476
test_Muroran_00215.jpg,5 213 444 600 598
test_Adachi_00186.jpg,2 41 229 211 519 2 160 234 227 512 3 109 229 545 330
test_Numazu_00245.jpg,6 166 286 322 593
test_Chiba_00059.jpg,2 0 183 272 517
test_Nagakute_00069.jpg,8 291 360 566 600
test_Numazu_00362.jpg,2 235 361 319 579 5 451 456 596 593
test_Sumida_00066.jpg,5 56 432 366 557
test_Sumida_00157.jpg,8 141 408 271 547 8 346 425 460 550
test_Numazu_00162.jpg,1 284 331 439 507 8 0 283 199 597
test_Muroran_00325.jpg,1 235 383 291 587 1 56 371 187 553
test_Sumida_00218.jpg,2 243 400 299 530
test_Muroran_00274.jpg,2 0 183 272 517
test_Numazu_00085.jpg,5 101 372 535 592
test_Nagakute_00195.jpg,2 0 183 272 517
test_Sumida_00172.jpg,7 109 449 568 549
test_Nagakute_00253.jpg,8 346 478 501 600
test_Numazu_00145.jpg,2 312 335 483 586
test_Ichihara_00036.jpg,7 75 428 600 595
test_Ichihara_00015.jpg,2 0 183 272 517
test_Numazu_00367.jpg,5 92 429 231 588
test_Numazu_00031.jpg,1 321 335 525 560 5 314 333 524 563 8 2 240 217 585
test_Numazu_00402.jpg,2 0 183 272 517
test_Nagakute_00211.jpg,2 0 183 272 517
test_Adachi_00023.jpg,2 81 281 241 573 8 279 239 493 297
test_Muroran_00081.jpg,2 390 397 557 581
test_Nagakute_00098.jpg,8 281 301 600 588
test_Adachi_00047.jpg,1 115 304 282 548 1 143 302 236 495
test_Numazu_00019.jpg,5 118 468 457 596 5 281 413 545 598 8 296 423 518 600 8 1 448 118 567
test_Adachi_00097.jpg,1 0 320 115 462 1 7 318 168 540
test_Nagakute_00200.jpg,2 297 393 559 595
test_Numazu_00012.jpg,1 20 287 187 451 5 438 361 592 517 8 7 284 192 468
test_Adachi_00071.jpg,2 328 296 408 422
test_Numazu_00200.jpg,5 214 345 521 600
test_Sumida_00090.jpg,8 259 432 344 580
test_Numazu_00322.jpg,2 368 355 598 584
test_Muroran_00097.jpg,5 133 459 431 540 8 344 360 506 554 8 402 430 559 600
test_Muroran_00372.jpg,1 384 388 600 598
test_Adachi_00037.jpg,2 0 183 272 517
test_Muroran_00301.jpg,2 0 183 272 517
test_Muroran_00355.jpg,2 180 340 311 596 5 335 319 571 600 5 169 353 312 544
test_Sumida_00158.jpg,2 144 390 259 527
test_Numazu_00043.jpg,2 299 457 385 598
test_Nagakute_00037.jpg,7 4 377 577 565
test_Numazu_00213.jpg,1 112 365 551 578 3 109 394 512 557 8 6 263 284 480 8 470 305 594 543
test_Numazu_00195.jpg,5 0 423 323 595
test_Sumida_00032.jpg,7 109 496 600 593
test_Muroran_00267.jpg,5 75 319 529 567 5 281 324 600 600
test_Numazu_00289.jpg,5 174 407 600 600 5 360 448 600 600 5 169 400 356 600
test_Numazu_00199.jpg,8 328 321 597 554 8 1 317 121 463
test_Nagakute_00051.jpg,1 85 412 208 594 8 281 332 586 598 8 9 314 179 530
test_Nagakute_00106.jpg,7 116 374 383 428
test_Numazu_00283.jpg,2 114 423 203 581 5 129 416 270 586 5 72 306 593 588
test_Numazu_00109.jpg,1 105 310 385 592 1 230 418 356 569 1 146 336 328 509
test_Muroran_00064.jpg,5 100 373 600 595 5 0 443 364 594 5 0 414 539 544
test_Muroran_00330.jpg,5 177 325 347 415
test_Nagakute_00063.jpg,2 0 315 190 496 2 227 305 305 600 5 161 400 288 600
test_Adachi_00304.jpg,2 472 409 600 563
test_Muroran_00049.jpg,5 34 344 292 597
test_Numazu_00150.jpg,5 366 368 600 518 5 105 358 600 539
test_Nagakute_00251.jpg,8 364 335 596 547
test_Adachi_00156.jpg,7 0 236 508 443 7 0 268 575 579
test_Ichihara_00010.jpg,8 285 417 335 596
test_Numazu_00242.jpg,5 287 375 585 589 8 92 278 259 596
test_Adachi_00038.jpg,2 383 390 593 556
test_Muroran_00259.jpg,2 0 183 272 517
test_Numazu_00068.jpg,1 402 447 567 598 5 117 399 427 595
test_Muroran_00266.jpg,5 73 366 587 600 5 83 340 334 599
test_Adachi_00171.jpg,2 338 301 595 544 8 424 389 596 555
test_Chiba_00077.jpg,2 389 457 548 592 3 64 476 497 582 5 82 469 522 585
test_Muroran_00220.jpg,5 146 384 600 599 6 351 444 521 585
test_Numazu_00264.jpg,2 355 407 460 578 5 27 378 213 580 8 197 321 346 471
test_Sumida_00139.jpg,2 0 183 272 517
test_Sumida_00083.jpg,2 403 419 578 532 2 53 443 213 557 8 58 438 215 556
test_Adachi_00184.jpg,1 186 194 272 435
test_Nagakute_00237.jpg,1 69 384 193 588 1 199 406 284 537
test_Adachi_00028.jpg,2 309 176 559 600 2 301 172 472 476
test_Numazu_00005.jpg,1 391 479 595 596 5 68 481 520 596 5 147 485 360 600
test_Adachi_00212.jpg,1 72 374 238 534
test_Ichihara_00040.jpg,1 190 442 305 595 8 484 447 599 545
test_Sumida_00112.jpg,7 118 448 600 561
test_Nagakute_00056.jpg,2 10 255 226 549
test_Numazu_00142.jpg,5 427 375 589 549 8 0 275 203 532
test_Nagakute_00143.jpg,5 263 326 567 600 8 6 281 187 489
test_Ichihara_00008.jpg,1 189 437 316 600 8 467 449 597 562
test_Numazu_00351.jpg,2 289 499 406 591 3 232 392 600 497
test_Adachi_00108.jpg,2 15 88 179 344
test_Numazu_00111.jpg,8 9 413 187 578 8 294 337 369 567
test_Chiba_00042.jpg,1 320 443 404 542 2 78 442 194 538
test_Nagakute_00148.jpg,8 440 460 584 596
test_Numazu_00382.jpg,7 141 326 547 449
test_Muroran_00072.jpg,5 0 381 162 558 5 260 330 481 598
test_Numazu_00179.jpg,2 309 297 600 592 2 0 338 150 530 6 216 488 354 587
test_Muroran_00428.jpg,5 109 326 581 594
test_Numazu_00037.jpg,2 34 406 114 600 5 5 423 140 600
test_Muroran_00230.jpg,2 0 183 272 517
test_Chiba_00005.jpg,8 430 458 600 575 8 186 471 312 589
test_Muroran_00177.jpg,5 117 351 566 596 5 285 364 549 539 6 340 391 523 488 8 353 388 497 537
test_Sumida_00130.jpg,2 350 407 426 545
test_Nagakute_00222.jpg,2 292 373 594 528
test_Chiba_00047.jpg,2 108 509 269 592 2 488 474 592 550
test_Adachi_00101.jpg,2 387 299 489 428
test_Muroran_00173.jpg,2 0 183 272 517
test_Muroran_00042.jpg,2 409 375 583 598
test_Numazu_00276.jpg,7 106 382 600 565
test_Sumida_00097.jpg,7 3 421 452 548
test_Ichihara_00007.jpg,1 121 413 292 594 8 385 387 598 581 8 27 401 280 596
test_Numazu_00295.jpg,2 318 395 412 587 8 3 303 159 464 8 339 359 526 572 8 275 273 428 479
test_Numazu_00209.jpg,2 326 415 436 597
test_Nagakute_00145.jpg,8 44 401 181 600
test_Adachi_00125.jpg,7 132 338 553 427 8 413 432 585 598 8 0 385 163 580
test_Numazu_00252.jpg,1 11 473 170 579 5 4 474 167 589
test_Muroran_00065.jpg,5 194 357 597 599
test_Adachi_00100.jpg,7 0 415 469 600 7 69 446 600 594
test_Sumida_00148.jpg,2 0 183 272 517
test_Muroran_00218.jpg,2 200 320 257 567 2 32 360 161 532 8 3 322 147 473
test_Nagakute_00249.jpg,2 168 329 252 600
test_Chiba_00072.jpg,2 187 504 326 595
test_Numazu_00104.jpg,5 129 358 582 587 5 35 307 350 600
test_Numazu_00298.jpg,1 56 441 290 598 8 362 368 554 598 8 4 298 220 495
test_Sumida_00207.jpg,2 0 183 272 517
test_Sumida_00191.jpg,2 0 183 272 517
test_Adachi_00281.jpg,2 0 295 214 587 8 433 311 599 459
test_Ichihara_00027.jpg,1 152 390 290 579 8 391 383 596 530 8 0 404 235 592 8 311 442 378 594
test_Numazu_00066.jpg,2 314 331 499 576 2 284 273 440 474 5 299 315 507 572
test_Sumida_00215.jpg,2 0 183 272 517
test_Sumida_00114.jpg,8 405 467 598 598
test_Numazu_00073.jpg,7 0 426 465 600
test_Nagakute_00151.jpg,8 301 350 600 595
test_Numazu_00129.jpg,5 275 421 547 585 6 241 281 424 385
test_Numazu_00102.jpg,5 192 358 589 600 5 147 346 395 596
test_Muroran_00169.jpg,1 446 492 536 598 5 0 386 306 522
test_Numazu_00035.jpg,2 249 325 328 585 8 53 324 196 600
test_Chiba_00040.jpg,8 306 476 383 595
test_Adachi_00147.jpg,2 312 318 392 600
test_Muroran_00395.jpg,8 386 371 503 458
test_Nagakute_00215.jpg,1 36 386 152 590 1 320 441 470 541 8 0 329 116 511
test_Chiba_00012.jpg,2 0 183 272 517
test_Muroran_00192.jpg,1 271 360 341 556 8 358 378 590 590
test_Numazu_00279.jpg,2 294 423 374 595 2 68 430 188 594 8 336 419 487 596 8 10 443 165 586
test_Numazu_00018.jpg,7 0 368 529 600
test_Muroran_00019.jpg,5 23 357 549 589 5 10 406 190 600 5 471 364 593 572
test_Muroran_00317.jpg,1 108 389 288 596 2 466 331 596 433
test_Adachi_00148.jpg,1 447 444 592 599
test_Muroran_00396.jpg,5 90 345 582 600
test_Ichihara_00006.jpg,5 136 393 581 596 5 41 423 369 599
test_Adachi_00232.jpg,8 394 446 529 600
test_Muroran_00403.jpg,5 203 380 507 600
test_Sumida_00049.jpg,2 332 424 397 539 8 376 423 533 554
test_Muroran_00123.jpg,2 0 183 272 517
test_Adachi_00279.jpg,1 331 315 532 600 1 315 309 429 443 2 3 306 201 486
test_Nagakute_00232.jpg,5 75 401 522 600 5 297 422 480 590
test_Adachi_00189.jpg,2 483 367 598 527 2 124 177 274 546 2 0 234 132 361
test_Chiba_00083.jpg,8 472 495 596 583 8 201 463 327 590
test_Muroran_00202.jpg,5 215 359 505 493
test_Numazu_00098.jpg,6 151 436 415 598
test_Adachi_00055.jpg,2 0 235 298 537 7 5 206 334 497 8 0 202 319 527
test_Muroran_00264.jpg,2 103 355 227 599 2 152 301 253 538
test_Numazu_00371.jpg,5 51 343 533 591 5 0 395 264 599
test_Chiba_00066.jpg,2 0 183 272 517
test_Numazu_00320.jpg,2 363 371 586 586 2 72 352 190 599
test_Muroran_00145.jpg,2 0 183 272 517
test_Muroran_00152.jpg,5 54 404 504 600
test_Chiba_00014.jpg,7 111 511 600 593
test_Sumida_00223.jpg,2 315 392 383 537 8 339 394 516 549
test_Numazu_00001.jpg,5 26 466 263 598
test_Numazu_00022.jpg,5 425 334 599 600
test_Muroran_00265.jpg,5 201 351 428 590 8 442 359 551 458
test_Numazu_00358.jpg,1 220 430 289 590 8 264 382 510 594
test_Numazu_00025.jpg,5 219 332 584 587
test_Muroran_00308.jpg,2 0 183 272 517
test_Ichihara_00011.jpg,3 259 535 444 599
test_Numazu_00247.jpg,5 20 483 475 600
test_Adachi_00048.jpg,7 84 156 544 262 8 140 487 600 600 8 476 248 600 379
test_Adachi_00233.jpg,1 302 171 438 351
test_Nagakute_00193.jpg,2 315 311 519 569 5 147 363 271 538 8 6 326 250 600
test_Sumida_00099.jpg,2 137 424 272 547
test_Adachi_00194.jpg,2 413 362 588 566
test_Chiba_00043.jpg,1 448 489 585 583 8 225 477 326 594
test_Muroran_00392.jpg,5 109 370 600 600
test_Nagakute_00166.jpg,2 201 340 263 600
test_Nagakute_00101.jpg,3 96 462 531 571 5 171 313 600 576 8 209 232 263 564
test_Nagakute_00077.jpg,2 332 318 455 596 2 332 319 411 509 8 43 349 266 600
test_Sumida_00119.jpg,7 0 442 561 556
test_Numazu_00089.jpg,5 216 360 495 591
test_Nagakute_00177.jpg,5 32 346 518 600
test_Muroran_00188.jpg,2 0 183 272 517
test_Numazu_00130.jpg,5 2 395 268 560 5 67 394 419 600
test_Muroran_00034.jpg,5 47 358 573 598
test_Chiba_00054.jpg,8 61 434 206 600 8 376 501 503 598
test_Adachi_00193.jpg,2 393 369 542 593
test_Ichihara_00012.jpg,5 126 424 600 593
test_Muroran_00161.jpg,5 324 387 600 595
test_Muroran_00281.jpg,5 257 332 600 596 8 430 358 548 437 8 220 310 275 600
test_Muroran_00106.jpg,2 1 398 128 562 5 261 354 460 500
test_Numazu_00194.jpg,1 111 384 246 589 2 318 337 502 546 8 333 345 472 495 8 4 331 140 489
test_Muroran_00337.jpg,2 0 183 272 517
test_Muroran_00196.jpg,5 41 354 581 600
test_Sumida_00162.jpg,2 137 409 271 548
test_Numazu_00330.jpg,5 22 341 197 600 5 214 348 467 589 5 0 331 432 595
test_Nagakute_00002.jpg,2 270 380 407 596
test_Muroran_00285.jpg,2 318 333 514 598 5 70 362 548 595
test_Sumida_00084.jpg,2 0 183 272 517
test_Nagakute_00094.jpg,7 0 467 453 596 7 194 482 600 593
test_Numazu_00318.jpg,2 313 383 535 600 2 215 367 265 600 8 75 379 224 600
test_Chiba_00085.jpg,8 419 489 523 594
test_Sumida_00133.jpg,2 186 377 290 502
test_Adachi_00146.jpg,2 350 367 447 547 8 404 429 547 596
test_Numazu_00291.jpg,5 63 436 308 597
test_Muroran_00208.jpg,3 126 392 284 451 8 282 327 580 520
test_Nagakute_00042.jpg,1 262 412 406 600 8 350 371 592 532
test_Nagakute_00045.jpg,5 189 323 600 599
test_Nagakute_00103.jpg,5 141 468 357 600 8 247 375 386 600
test_Muroran_00121.jpg,5 4 402 509 600 5 165 461 591 596
test_Adachi_00043.jpg,2 406 224 591 488 2 237 181 314 427 8 432 257 600 527
test_Numazu_00205.jpg,2 0 183 272 517
test_Sumida_00146.jpg,2 213 415 278 542 8 102 432 232 552 8 406 440 589 564
test_Muroran_00017.jpg,5 131 359 600 576 5 389 378 595 594
test_Muroran_00231.jpg,5 166 290 567 568 5 21 382 185 597
test_Muroran_00427.jpg,2 0 183 272 517
test_Muroran_00324.jpg,2 0 183 272 517
test_Sumida_00109.jpg,7 462 466 581 564 8 461 469 579 568
test_Numazu_00266.jpg,1 227 466 288 598
test_Muroran_00048.jpg,5 0 416 517 598 5 180 453 578 600 5 5 423 138 583
test_Muroran_00134.jpg,1 180 431 257 595 8 385 408 535 600 8 0 382 174 564
test_Adachi_00116.jpg,2 208 236 284 510
test_Sumida_00069.jpg,8 431 466 595 600
test_Muroran_00076.jpg,1 278 443 367 593
test_Adachi_00230.jpg,7 0 270 505 578 7 0 209 534 444
test_Adachi_00205.jpg,2 229 173 308 600
test_Nagakute_00230.jpg,2 278 314 407 586 5 102 419 257 576
test_Numazu_00112.jpg,1 201 456 290 591 5 311 458 505 599
test_Nagakute_00053.jpg,2 0 183 272 517
test_Numazu_00100.jpg,5 266 428 440 595
test_Adachi_00041.jpg,2 378 265 544 553 2 145 235 244 419 2 78 407 171 574 2 125 199 259 503
test_Adachi_00143.jpg,1 367 361 475 541
test_Numazu_00084.jpg,2 0 183 272 517
test_Muroran_00314.jpg,5 32 385 566 600 8 346 393 430 510
test_Muroran_00302.jpg,1 253 511 411 600 8 73 503 245 598
test_Chiba_00073.jpg,1 301 482 395 588
test_Muroran_00002.jpg,5 0 418 437 600
test_Muroran_00311.jpg,2 0 183 272 517
test_Muroran_00004.jpg,2 280 387 339 596 5 27 384 237 592
test_Muroran_00276.jpg,5 203 411 506 583
test_Nagakute_00137.jpg,1 184 427 273 583
test_Muroran_00054.jpg,5 274 278 438 412 5 144 483 542 600
test_Sumida_00185.jpg,8 218 394 297 534
test_Muroran_00181.jpg,2 360 406 477 534
test_Adachi_00007.jpg,5 0 227 389 546 5 188 272 600 505
test_Nagakute_00219.jpg,1 90 489 173 600 8 227 360 580 592
test_Adachi_00027.jpg,2 0 183 272 517
test_Sumida_00126.jpg,2 0 183 272 517
test_Chiba_00067.jpg,2 0 448 108 562
test_Nagakute_00035.jpg,1 334 435 433 560
test_Nagakute_00079.jpg,1 35 382 195 595
test_Adachi_00214.jpg,1 32 407 147 550 2 378 349 596 599 8 356 332 585 592
test_Muroran_00360.jpg,5 106 376 579 597
test_Adachi_00065.jpg,8 451 414 599 595
test_Sumida_00010.jpg,2 249 371 295 540
test_Muroran_00390.jpg,2 365 369 489 588
test_Adachi_00126.jpg,2 436 255 597 487
test_Adachi_00050.jpg,2 376 364 588 600
test_Adachi_00152.jpg,2 205 359 263 550
test_Nagakute_00234.jpg,2 247 327 300 595
test_Numazu_00219.jpg,5 126 377 600 592
test_Muroran_00368.jpg,5 54 399 554 600 5 437 364 596 445 8 515 440 599 545
test_Nagakute_00156.jpg,5 61 416 249 590 8 5 360 213 568
test_Sumida_00014.jpg,7 57 451 580 553
test_Adachi_00009.jpg,2 359 326 565 600 8 355 332 555 595
test_Muroran_00233.jpg,2 163 345 225 600
test_Nagakute_00245.jpg,2 166 318 240 591 2 249 344 590 596 8 5 287 138 461 8 289 353 600 596
test_Adachi_00133.jpg,2 418 271 590 513 2 328 266 382 573
test_Muroran_00239.jpg,5 13 417 544 599
test_Adachi_00192.jpg,2 234 102 342 510 8 465 354 599 539
test_Numazu_00038.jpg,5 268 435 600 594
test_Adachi_00297.jpg,2 0 118 172 454
test_Muroran_00253.jpg,5 88 381 578 600
test_Sumida_00175.jpg,2 0 183 272 517
test_Numazu_00257.jpg,5 72 295 413 407
test_Muroran_00140.jpg,5 136 328 578 595
test_Numazu_00004.jpg,1 186 438 259 565 3 174 507 600 596
test_Muroran_00001.jpg,8 54 403 224 598
test_Numazu_00307.jpg,8 0 263 197 555
test_Numazu_00327.jpg,2 101 423 188 562 7 265 431 600 565
test_Adachi_00012.jpg,2 395 389 576 595
test_Numazu_00127.jpg,2 122 395 189 598 5 136 464 446 600
test_Numazu_00394.jpg,5 56 389 571 595 6 143 332 228 534 8 141 338 211 565
test_Adachi_00301.jpg,2 335 177 426 343 2 401 308 548 583
test_Chiba_00017.jpg,8 101 503 266 595
test_Sumida_00160.jpg,2 399 442 559 591
test_Sumida_00008.jpg,2 0 183 272 517
test_Muroran_00236.jpg,5 69 369 413 600
test_Muroran_00329.jpg,2 0 183 272 517
test_Muroran_00200.jpg,2 51 372 228 599 5 173 367 587 598 8 225 396 272 597
test_Muroran_00242.jpg,5 150 413 592 597 5 370 443 600 600
test_Ichihara_00033.jpg,1 209 463 310 585 8 472 444 595 569 8 8 485 175 594
test_Sumida_00025.jpg,2 331 398 420 522
test_Muroran_00184.jpg,2 0 183 272 517
test_Sumida_00026.jpg,2 0 183 272 517
test_Adachi_00159.jpg,8 224 311 277 584
test_Muroran_00102.jpg,1 461 416 592 578 8 0 365 245 596 8 437 449 583 592 8 66 336 271 521
test_Muroran_00268.jpg,1 383 363 499 485
test_Nagakute_00138.jpg,8 355 329 590 600
test_Numazu_00316.jpg,3 325 418 572 477 3 120 395 559 479 5 5 293 212 510
test_Nagakute_00064.jpg,1 296 492 409 600
test_Ichihara_00044.jpg,2 0 183 272 517
test_Muroran_00347.jpg,5 267 367 600 597
test_Muroran_00338.jpg,5 97 354 372 593
test_Sumida_00204.jpg,8 450 450 600 559
test_Numazu_00269.jpg,5 15 306 548 580
test_Numazu_00143.jpg,1 309 362 477 579 8 2 315 175 504
test_Muroran_00339.jpg,1 133 457 317 600 5 136 361 597 597
test_Adachi_00006.jpg,2 32 373 122 525
test_Muroran_00377.jpg,5 154 363 595 597
test_Nagakute_00095.jpg,5 25 409 247 595 8 462 435 600 571
test_Sumida_00171.jpg,2 0 183 272 517
test_Chiba_00056.jpg,2 0 183 272 517
test_Muroran_00210.jpg,5 101 381 498 600
test_Muroran_00046.jpg,5 214 391 468 600
test_Sumida_00188.jpg,1 196 443 300 533 2 107 406 224 545
test_Muroran_00040.jpg,5 4 393 142 593 5 159 379 308 584
test_Numazu_00191.jpg,5 287 376 442 589
test_Chiba_00030.jpg,2 451 477 600 579 8 222 481 337 593
test_Nagakute_00136.jpg,5 145 346 290 590
test_Nagakute_00046.jpg,2 228 303 321 590
test_Sumida_00050.jpg,2 338 405 407 543
test_Nagakute_00268.jpg,3 363 402 600 459 5 89 280 351 600 8 81 242 234 588
test_Chiba_00022.jpg,1 479 490 592 576
test_Muroran_00394.jpg,5 107 366 600 600 5 64 403 392 600
test_Numazu_00331.jpg,2 0 183 272 517
test_Adachi_00049.jpg,3 151 279 370 399
test_Ichihara_00050.jpg,7 113 424 600 554 7 0 418 462 524
test_Numazu_00046.jpg,2 257 297 377 593
test_Muroran_00164.jpg,5 23 349 250 564
test_Chiba_00081.jpg,2 305 494 418 598
test_Ichihara_00009.jpg,1 246 423 353 597 2 39 434 246 589 5 144 431 596 600 8 185 386 325 565
test_Chiba_00013.jpg,2 0 183 272 517
test_Numazu_00369.jpg,5 127 336 525 586
test_Numazu_00014.jpg,6 74 388 489 588
test_Adachi_00137.jpg,1 423 290 598 439
test_Muroran_00018.jpg,1 250 425 358 596
test_Nagakute_00203.jpg,2 328 350 600 600 5 1 420 183 598 8 320 350 587 597
test_Numazu_00363.jpg,1 123 322 187 447 2 194 273 267 534 3 221 437 446 504
test_Adachi_00222.jpg,1 477 294 595 465 5 168 438 471 581 5 120 376 600 578
test_Muroran_00359.jpg,5 236 349 573 572 5 386 373 590 594 5 172 322 408 520 8 481 403 595 525
test_Sumida_00077.jpg,2 0 183 272 517
test_Adachi_00311.jpg,2 387 347 465 536
test_Adachi_00255.jpg,2 350 372 423 600 8 140 376 289 515
test_Numazu_00041.jpg,2 2 291 193 532 2 303 356 392 588
test_Muroran_00249.jpg,5 8 339 260 500
test_Sumida_00070.jpg,7 88 435 570 522
test_Numazu_00133.jpg,2 352 465 436 596
test_Adachi_00158.jpg,5 143 368 584 600 5 136 420 403 599
test_Adachi_00114.jpg,3 234 453 480 525
test_Adachi_00284.jpg,2 251 384 364 593
test_Muroran_00361.jpg,5 33 375 330 600 8 258 390 571 538
test_Muroran_00199.jpg,8 412 392 576 593
test_Adachi_00174.jpg,8 389 136 600 305
test_Adachi_00173.jpg,2 348 347 557 600
test_Numazu_00139.jpg,2 38 401 210 571 2 505 502 598 586
test_Adachi_00187.jpg,1 122 348 242 508 2 425 267 584 541 8 136 204 297 406
test_Sumida_00003.jpg,1 166 415 305 531 5 163 414 303 533
test_Muroran_00101.jpg,5 34 324 451 588
test_Muroran_00323.jpg,5 39 365 554 600
test_Chiba_00015.jpg,7 0 510 490 598
test_Muroran_00367.jpg,5 379 319 597 591
test_Nagakute_00052.jpg,1 325 418 497 595 2 29 351 182 592
test_Muroran_00351.jpg,2 121 379 206 540
test_Adachi_00282.jpg,1 342 201 504 467 1 157 209 278 353 1 39 220 259 505
test_Adachi_00045.jpg,2 353 218 515 564 8 181 285 395 537
test_Ichihara_00020.jpg,7 97 435 600 591
test_Muroran_00038.jpg,5 16 386 522 600 8 400 482 498 594
test_Numazu_00177.jpg,1 127 414 218 575 6 126 458 547 598
test_Nagakute_00218.jpg,2 177 315 301 592
test_Adachi_00111.jpg,1 301 239 492 495 2 293 235 490 507 7 82 151 368 296
test_Sumida_00199.jpg,2 168 411 284 556 8 374 428 584 578
test_Numazu_00196.jpg,1 8 326 155 506 1 307 288 562 586 8 265 258 555 544
test_Adachi_00034.jpg,7 41 413 593 596 8 8 412 151 598 8 265 383 585 600
test_Numazu_00057.jpg,5 31 407 536 597 8 19 366 193 598 8 435 472 598 594
test_Numazu_00123.jpg,2 20 318 192 554 5 230 395 437 598 8 17 315 195 594
test_Adachi_00182.jpg,2 352 179 560 600
test_Nagakute_00115.jpg,7 0 396 409 492
test_Muroran_00039.jpg,1 489 440 600 599 5 279 442 600 596
test_Sumida_00210.jpg,7 137 471 558 568
test_Adachi_00010.jpg,2 426 215 584 403 2 245 262 333 600
test_Muroran_00099.jpg,5 1 370 415 595 5 197 355 465 600 5 13 367 200 597
test_Muroran_00056.jpg,5 71 375 307 599
test_Muroran_00350.jpg,5 21 318 324 592 5 438 439 600 596
test_Ichihara_00004.jpg,1 289 466 384 596
test_Adachi_00181.jpg,2 13 269 229 533
test_Adachi_00323.jpg,2 0 183 272 517
test_Numazu_00032.jpg,1 128 389 208 498 1 139 330 224 487 8 2 281 175 440 8 296 282 579 526
test_Nagakute_00075.jpg,2 365 320 596 571 5 116 341 286 598 8 267 327 320 587
test_Sumida_00071.jpg,8 111 420 283 553
test_Numazu_00007.jpg,2 335 370 587 568
test_Numazu_00172.jpg,1 178 317 250 447 8 335 295 596 521
test_Muroran_00235.jpg,2 324 389 477 571 2 308 401 384 597
test_Adachi_00112.jpg,2 0 183 272 517
test_Nagakute_00212.jpg,2 0 183 272 517
test_Muroran_00095.jpg,5 58 378 520 595
test_Muroran_00062.jpg,5 376 344 600 597
test_Numazu_00238.jpg,2 307 331 492 589 8 442 396 598 575
test_Adachi_00026.jpg,1 197 444 420 598
test_Numazu_00151.jpg,2 271 294 396 583 8 374 394 600 597
test_Chiba_00080.jpg,1 420 480 507 588
test_Numazu_00116.jpg,1 190 361 286 556
test_Numazu_00398.jpg,5 122 352 311 452 5 85 339 450 459 8 11 267 201 469 8 341 339 484 521
test_Sumida_00120.jpg,2 0 183 272 517
test_Adachi_00177.jpg,8 427 292 569 587
test_Sumida_00136.jpg,7 80 462 567 555
test_Adachi_00298.jpg,2 358 327 506 600
test_Nagakute_00255.jpg,5 39 379 289 599 5 294 389 467 504 5 0 377 496 589
test_Chiba_00023.jpg,2 0 183 272 517
test_Numazu_00224.jpg,5 61 423 447 600
test_Sumida_00093.jpg,8 142 437 274 551
test_Muroran_00147.jpg,5 299 352 513 600
test_Numazu_00278.jpg,2 0 183 272 517
test_Nagakute_00065.jpg,2 164 402 231 600 2 178 343 240 555
test_Numazu_00027.jpg,2 0 183 272 517
test_Muroran_00382.jpg,2 7 330 185 516 2 276 280 341 433 5 272 416 442 495
test_Sumida_00184.jpg,2 323 417 383 546
test_Numazu_00335.jpg,2 6 286 215 527 2 211 407 264 599 5 341 334 587 595 5 329 304 467 415
test_Sumida_00085.jpg,1 416 448 596 562
test_Numazu_00299.jpg,1 307 333 548 583 1 91 453 188 586 2 11 343 187 556 5 294 316 467 479 8 294 317 547 545
test_Muroran_00303.jpg,5 12 303 272 588
test_Numazu_00265.jpg,2 267 380 488 598 8 6 387 187 600
test_Nagakute_00164.jpg,1 360 366 576 574 2 231 243 340 598
test_Numazu_00214.jpg,5 0 353 479 600 5 0 337 231 589 5 150 465 571 600
test_Adachi_00211.jpg,1 83 224 263 509 1 348 205 524 457
test_Muroran_00197.jpg,2 426 346 594 514 8 52 391 235 594
test_Muroran_00159.jpg,1 293 415 374 596 2 106 373 225 590 8 370 393 474 492
test_Sumida_00159.jpg,2 181 434 309 561
test_Numazu_00217.jpg,5 194 421 600 600
test_Ichihara_00041.jpg,1 169 422 295 593 8 388 390 599 593 8 6 404 274 598
test_Ichihara_00031.jpg,2 464 427 600 555
test_Nagakute_00071.jpg,1 409 414 583 593
test_Muroran_00189.jpg,5 5 362 257 600
test_Adachi_00066.jpg,7 0 397 559 600
test_Muroran_00178.jpg,1 92 437 272 596 8 2 349 210 511
test_Numazu_00042.jpg,3 58 395 285 450
test_Nagakute_00020.jpg,5 0 331 524 598 8 0 247 196 431
test_Adachi_00244.jpg,8 378 488 472 600
test_Numazu_00061.jpg,1 476 476 588 590 1 302 448 427 573
test_Adachi_00274.jpg,1 218 319 489 600 2 169 283 429 558
test_Numazu_00337.jpg,2 246 406 375 599 8 24 380 194 596 8 365 475 597 600
test_Chiba_00053.jpg,2 259 485 417 579
test_Sumida_00062.jpg,8 399 435 598 563
test_Numazu_00271.jpg,2 302 323 547 570 8 294 304 588 557 8 70 294 539 498
test_Nagakute_00160.jpg,8 59 327 230 598
test_Adachi_00053.jpg,2 86 343 297 578 2 145 325 303 499 8 395 299 530 533
test_Nagakute_00247.jpg,2 267 339 331 574 8 3 311 269 552 8 361 336 593 600 8 6 376 181 593
test_Muroran_00021.jpg,5 332 509 473 600
test_Muroran_00374.jpg,2 358 390 495 573
test_Nagakute_00068.jpg,7 15 356 578 547
test_Sumida_00101.jpg,2 0 183 272 517
test_Adachi_00295.jpg,2 353 309 578 591
test_Numazu_00181.jpg,2 254 282 409 595 2 372 349 591 540
test_Numazu_00406.jpg,2 15 316 211 590 5 282 334 572 592
test_Numazu_00203.jpg,5 329 393 569 562 5 141 301 483 574
test_Sumida_00142.jpg,8 320 397 418 540
test_Numazu_00346.jpg,5 206 435 347 506
test_Muroran_00229.jpg,1 249 416 377 590 5 274 353 557 600
test_Numazu_00332.jpg,2 317 330 388 451 2 2 328 107 421
test_Muroran_00414.jpg,5 40 342 526 598
test_Numazu_00047.jpg,2 310 306 539 580
test_Nagakute_00172.jpg,2 256 330 313 593
test_Muroran_00073.jpg,1 427 492 551 599
test_Muroran_00287.jpg,1 203 433 354 600
test_Adachi_00162.jpg,2 411 243 599 536 2 59 242 241 455
test_Chiba_00057.jpg,2 193 497 293 591 8 432 457 600 572
test_Numazu_00146.jpg,1 309 338 495 582 2 311 330 492 573
test_Nagakute_00238.jpg,1 397 351 587 512 5 108 377 600 581
test_Numazu_00376.jpg,5 63 393 490 600 5 33 397 231 600 8 152 425 460 600
test_Numazu_00216.jpg,5 66 332 237 598
test_Adachi_00140.jpg,8 430 392 590 600
test_Adachi_00058.jpg,1 308 120 546 406
test_Numazu_00297.jpg,5 293 442 459 599
test_Muroran_00084.jpg,2 233 361 333 600
test_Sumida_00147.jpg,2 0 183 272 517
test_Muroran_00217.jpg,5 111 423 278 594
test_Nagakute_00158.jpg,2 285 332 554 585 8 316 308 591 524
test_Adachi_00080.jpg,1 83 317 228 546 2 323 326 528 597 2 83 322 227 537 8 307 314 555 579
test_Adachi_00256.jpg,1 177 452 313 594 8 486 350 600 488
test_Numazu_00011.jpg,5 0 332 496 600 5 192 312 600 584
test_Sumida_00182.jpg,1 361 462 455 575
test_Muroran_00119.jpg,1 183 375 474 598 5 16 362 290 600 5 23 404 552 600 5 179 370 482 592
test_Nagakute_00206.jpg,1 289 421 379 522 8 0 304 205 516
test_Adachi_00252.jpg,1 283 331 388 443 1 322 424 571 584 8 321 311 600 459
test_Nagakute_00184.jpg,1 150 463 208 598 2 306 393 546 599 8 42 345 170 594
test_Numazu_00365.jpg,2 0 183 272 517
test_Nagakute_00142.jpg,1 340 344 505 524 2 199 290 306 593 5 336 338 512 515
test_Muroran_00075.jpg,8 79 373 245 600
test_Adachi_00305.jpg,8 38 243 125 600 8 72 160 142 441
test_Nagakute_00257.jpg,5 319 323 504 598 8 136 278 281 597
test_Muroran_00093.jpg,2 186 381 255 595 5 129 404 558 597 5 181 379 370 600
test_Numazu_00048.jpg,7 0 334 493 525
test_Adachi_00145.jpg,3 21 466 530 573 5 107 389 600 587
test_Sumida_00048.jpg,8 373 442 478 550
test_Nagakute_00133.jpg,5 10 468 542 599
test_Muroran_00356.jpg,1 494 339 596 495 1 153 371 357 574 8 364 349 442 589
test_Muroran_00289.jpg,5 232 366 595 600 8 431 444 527 595
test_Muroran_00336.jpg,8 489 435 600 600
test_Numazu_00056.jpg,7 35 414 600 600
test_Muroran_00009.jpg,5 68 407 530 597
test_Numazu_00137.jpg,1 184 375 276 573 1 365 349 597 594
test_Muroran_00089.jpg,5 263 476 456 594 5 0 407 101 531
test_Numazu_00301.jpg,2 300 271 501 558 5 0 336 405 583
test_Muroran_00271.jpg,2 301 356 444 600 5 330 362 584 555
test_Muroran_00133.jpg,2 0 183 272 517
test_Nagakute_00100.jpg,2 0 183 272 517
test_Sumida_00020.jpg,2 206 383 285 525
test_Nagakute_00243.jpg,2 361 465 513 594
test_Nagakute_00111.jpg,5 89 378 510 598
test_Muroran_00227.jpg,2 350 307 594 600 2 341 280 521 511
test_Sumida_00203.jpg,8 242 475 493 535
test_Sumida_00022.jpg,7 195 433 579 543
test_Chiba_00055.jpg,2 408 457 590 567 8 197 493 309 595
test_Sumida_00038.jpg,2 273 433 346 544
test_Adachi_00163.jpg,2 381 329 558 539
test_Sumida_00061.jpg,2 368 438 440 553 8 411 400 596 533 8 41 459 193 562
test_Muroran_00037.jpg,5 204 353 600 597
test_Sumida_00034.jpg,7 139 442 555 537
test_Adachi_00178.jpg,2 30 272 255 600 7 12 272 404 431
test_Numazu_00051.jpg,5 0 358 490 582
test_Nagakute_00001.jpg,2 26 336 248 597 2 407 367 599 535
test_Numazu_00232.jpg,2 275 314 417 600
test_Nagakute_00267.jpg,2 54 334 237 598 5 422 366 600 584 5 250 297 370 402 8 10 313 235 596
test_Sumida_00152.jpg,2 365 421 505 551
test_Adachi_00001.jpg,2 1 213 239 589
test_Numazu_00052.jpg,2 129 366 214 578 2 61 343 220 596
test_Adachi_00102.jpg,5 27 175 200 457
test_Adachi_00309.jpg,2 6 155 178 390 3 5 318 240 389 3 49 301 514 385
test_Sumida_00181.jpg,7 110 503 600 590
test_Nagakute_00186.jpg,1 218 463 297 599 1 148 447 415 593 2 323 426 516 594
test_Numazu_00260.jpg,2 0 183 272 517
test_Numazu_00248.jpg,2 232 308 302 584 5 125 407 261 503
test_Adachi_00052.jpg,3 140 312 600 409 3 129 342 438 388
test_Adachi_00092.jpg,2 202 330 311 591
test_Numazu_00286.jpg,5 41 377 257 600
test_Nagakute_00097.jpg,2 0 183 272 517
test_Sumida_00074.jpg,7 56 451 514 570
test_Adachi_00303.jpg,2 3 333 177 600
test_Nagakute_00104.jpg,2 328 333 600 555 8 320 314 600 557
test_Adachi_00115.jpg,2 295 323 345 593 8 516 423 599 536
test_Muroran_00426.jpg,5 53 433 581 600
test_Muroran_00370.jpg,1 0 366 236 593 1 155 468 288 600 8 417 490 511 600
test_Numazu_00187.jpg,1 361 436 512 591
test_Nagakute_00090.jpg,2 413 324 597 413 7 113 374 600 595
test_Adachi_00142.jpg,8 362 342 586 594
test_Numazu_00328.jpg,5 81 497 236 598 6 54 499 235 600 8 260 276 520 582 8 3 317 161 516 8 374 405 558 595
test_Muroran_00162.jpg,5 0 401 518 599 6 158 389 588 593
test_Chiba_00033.jpg,8 13 416 211 579
test_Numazu_00280.jpg,2 254 314 341 559
test_Muroran_00304.jpg,5 214 346 567 590
test_Muroran_00086.jpg,2 0 183 272 517
test_Muroran_00025.jpg,2 4 374 198 592 5 283 432 408 599 8 317 467 398 596
test_Numazu_00148.jpg,1 76 303 210 600 1 78 297 141 557 3 169 416 461 476
test_Numazu_00263.jpg,5 191 378 448 585 8 154 313 235 435
test_Adachi_00033.jpg,2 0 183 272 517
test_Nagakute_00039.jpg,1 81 415 205 597 8 3 304 194 517
test_Numazu_00020.jpg,1 26 414 216 600 5 22 416 222 599
test_Muroran_00378.jpg,5 91 368 589 567 5 270 386 600 535
test_Nagakute_00150.jpg,2 216 359 271 600
test_Nagakute_00102.jpg,2 376 333 429 598 8 21 365 257 600
test_Nagakute_00171.jpg,1 78 361 202 503
test_Chiba_00027.jpg,1 69 476 155 582
test_Numazu_00293.jpg,1 334 379 600 583 5 207 355 471 587
test_Numazu_00296.jpg,6 72 388 268 600
test_Adachi_00285.jpg,8 446 321 591 461
test_Muroran_00190.jpg,1 72 459 187 600 1 39 381 216 594 8 347 366 577 600 8 6 341 218 595
test_Muroran_00193.jpg,1 452 515 537 600 8 15 315 232 600
test_Numazu_00215.jpg,5 67 340 562 577 5 97 375 358 583 5 283 298 600 552 8 0 246 209 486 8 307 289 600 541
test_Ichihara_00035.jpg,1 385 438 494 600
test_Adachi_00259.jpg,5 69 277 600 545 5 26 232 569 437
test_Adachi_00064.jpg,2 0 183 272 517
test_Nagakute_00009.jpg,8 315 310 545 535 8 355 384 600 600 8 0 350 76 597
test_Adachi_00288.jpg,2 378 259 557 585
test_Nagakute_00224.jpg,2 86 342 177 432 2 254 436 323 592 2 471 413 599 507
test_Adachi_00206.jpg,2 0 183 272 517
test_Numazu_00347.jpg,2 136 403 205 550
test_Sumida_00004.jpg,2 0 183 272 517
test_Sumida_00023.jpg,2 317 393 405 535 8 317 398 405 533
test_Muroran_00277.jpg,5 180 384 381 585 5 445 483 600 598 5 127 353 580 595 5 215 413 377 511 8 439 484 586 600
test_Muroran_00155.jpg,5 0 419 487 597 5 218 515 404 600 5 414 525 594 599
test_Adachi_00200.jpg,2 432 346 600 515 8 444 358 600 507
test_Adachi_00166.jpg,2 147 299 207 599
test_Nagakute_00055.jpg,5 25 388 540 595
test_Numazu_00077.jpg,1 269 403 365 579
test_Adachi_00104.jpg,7 0 188 500 542 7 117 149 600 455
test_Adachi_00226.jpg,2 269 300 591 540 2 267 292 486 452
test_Nagakute_00124.jpg,1 340 415 580 600 1 94 387 274 576 8 4 368 160 573
test_Nagakute_00076.jpg,2 245 315 413 591 5 96 380 513 598
test_Muroran_00136.jpg,5 108 342 547 598
test_Numazu_00082.jpg,1 261 432 403 598 8 15 391 201 600
test_Muroran_00011.jpg,2 0 183 272 517
test_Muroran_00030.jpg,2 373 357 508 600 5 0 361 377 583
test_Sumida_00002.jpg,2 316 440 396 550
test_Adachi_00039.jpg,2 234 182 339 508 8 313 332 574 531 8 361 206 594 394 8 4 197 183 396
test_Adachi_00132.jpg,2 3 419 185 547 2 332 313 386 595 8 168 304 319 431
test_Sumida_00005.jpg,7 129 457 562 539
test_Nagakute_00026.jpg,5 138 413 281 596 8 4 344 134 444
test_Numazu_00282.jpg,2 0 183 272 517
test_Numazu_00349.jpg,8 117 310 292 388
test_Sumida_00108.jpg,2 0 183 272 517
test_Numazu_00173.jpg,2 163 266 251 474
test_Adachi_00079.jpg,8 154 309 230 580
test_Sumida_00161.jpg,8 328 395 579 551
test_Chiba_00086.jpg,2 0 183 272 517
test_Muroran_00406.jpg,7 75 382 590 523
test_Sumida_00173.jpg,1 4 462 151 564 2 149 408 265 553
test_Numazu_00255.jpg,8 302 368 428 597
test_Sumida_00115.jpg,2 200 407 317 554 8 466 429 595 538
test_Muroran_00256.jpg,5 6 346 463 581 5 49 382 194 597 5 216 346 404 557
test_Muroran_00429.jpg,5 40 359 269 597 5 0 387 482 599
test_Numazu_00125.jpg,7 55 433 600 597
test_Numazu_00069.jpg,2 164 375 248 477 5 472 463 594 597
test_Adachi_00067.jpg,2 189 389 253 600 2 348 325 489 500 8 345 315 566 600 8 342 324 493 506
test_Chiba_00090.jpg,7 21 508 581 600
test_Numazu_00223.jpg,1 307 426 404 599
test_Sumida_00206.jpg,2 0 183 272 517
test_Muroran_00248.jpg,5 274 383 600 600
test_Sumida_00140.jpg,2 0 183 272 517
test_Nagakute_00014.jpg,5 0 404 480 600 5 313 400 495 592 8 20 466 226 592
test_Nagakute_00059.jpg,8 330 404 590 598 8 0 339 167 531 8 259 332 513 544
test_Numazu_00094.jpg,5 204 326 386 411
test_Muroran_00296.jpg,2 0 183 272 517
test_Adachi_00283.jpg,1 382 298 589 479 1 385 322 516 445
test_Numazu_00045.jpg,1 274 436 399 595 2 75 350 224 600
test_Numazu_00055.jpg,2 270 372 451 599
test_Chiba_00050.jpg,2 405 457 600 568
test_Muroran_00340.jpg,2 48 370 127 527 3 420 385 588 440
test_Numazu_00375.jpg,3 0 489 458 590 5 254 452 415 600
test_Numazu_00021.jpg,1 200 347 346 554 2 38 305 187 549 8 248 321 357 447
test_Numazu_00149.jpg,5 0 393 510 599 5 224 414 577 599
test_Numazu_00190.jpg,1 82 357 195 473 2 352 385 558 599 2 246 310 321 484
test_Numazu_00099.jpg,1 174 498 289 599 5 173 495 295 598
test_Nagakute_00054.jpg,1 71 384 211 515
test_Muroran_00158.jpg,5 0 507 512 600
test_Numazu_00067.jpg,5 297 334 598 594 8 0 294 190 580
test_Adachi_00008.jpg,2 426 351 599 493
test_Muroran_00222.jpg,7 147 355 595 458 8 94 492 214 597
test_Muroran_00319.jpg,1 226 470 339 586 2 318 289 401 461 2 4 379 252 537 3 232 459 600 550
test_Adachi_00149.jpg,2 231 315 284 600
test_Muroran_00088.jpg,1 331 314 430 600
test_Nagakute_00209.jpg,5 117 490 443 600
test_Chiba_00064.jpg,8 354 423 561 579
test_Numazu_00120.jpg,5 234 320 460 593
test_Adachi_00241.jpg,2 113 444 213 596
test_Nagakute_00117.jpg,2 226 360 478 600
test_Adachi_00245.jpg,1 442 331 557 511
test_Numazu_00244.jpg,2 291 391 336 600 8 337 396 496 600
test_Nagakute_00081.jpg,1 89 403 197 531
test_Muroran_00309.jpg,5 289 435 600 593
test_Sumida_00216.jpg,7 92 436 599 530
test_Muroran_00036.jpg,2 30 405 205 590
test_Adachi_00307.jpg,5 0 437 280 552 8 384 346 600 546
test_Adachi_00248.jpg,5 182 286 600 568 5 420 286 595 477 8 441 284 596 447
test_Adachi_00191.jpg,1 493 252 599 430
test_Sumida_00228.jpg,2 0 183 272 517
test_Adachi_00167.jpg,2 370 339 445 535
test_Adachi_00258.jpg,2 380 367 569 600
test_Numazu_00243.jpg,8 2 309 168 517
test_Numazu_00115.jpg,2 0 183 272 517
test_Muroran_00270.jpg,3 0 492 467 594 5 66 344 481 586 5 219 344 371 464 8 322 349 477 563
test_Muroran_00092.jpg,5 0 341 308 597
test_Nagakute_00044.jpg,1 356 460 436 567 8 270 365 408 467
test_Ichihara_00017.jpg,7 160 414 600 521 7 0 426 480 523
test_Ichihara_00043.jpg,5 200 399 600 600 5 151 403 369 599
test_Numazu_00324.jpg,1 256 371 583 521 8 118 369 291 476
test_Sumida_00138.jpg,2 0 183 272 517
test_Adachi_00183.jpg,1 440 271 600 463
test_Muroran_00399.jpg,5 91 327 346 594
test_Muroran_00214.jpg,1 277 342 415 587 1 522 439 597 559 8 6 350 312 599 8 66 308 371 532
test_Numazu_00189.jpg,5 129 327 600 600
test_Adachi_00312.jpg,1 9 133 213 383
test_Muroran_00063.jpg,1 367 373 592 543 1 302 366 430 502
test_Muroran_00375.jpg,1 205 350 271 563 1 200 439 264 599
test_Muroran_00341.jpg,8 3 345 255 534 8 369 448 437 593
test_Numazu_00326.jpg,5 259 288 600 589 8 327 274 600 503
test_Numazu_00274.jpg,2 413 394 579 578
test_Adachi_00017.jpg,2 241 274 313 558
test_Adachi_00227.jpg,8 103 219 212 306
test_Nagakute_00108.jpg,2 179 398 285 596
test_Adachi_00024.jpg,2 40 206 275 600
test_Adachi_00326.jpg,2 373 181 595 451 8 2 152 164 437
test_Chiba_00051.jpg,1 419 494 501 587
test_Numazu_00169.jpg,5 73 294 215 578
test_Muroran_00332.jpg,5 347 360 599 600
test_Adachi_00168.jpg,1 358 461 434 600 2 356 450 436 597 8 22 299 255 482
test_Muroran_00033.jpg,1 264 433 358 600 5 106 372 600 588 8 416 447 513 600
test_Numazu_00096.jpg,5 13 445 144 580
test_Muroran_00234.jpg,5 185 372 600 596 5 198 404 455 600
test_Adachi_00271.jpg,7 76 325 545 587
test_Muroran_00279.jpg,1 325 449 445 600 2 53 388 188 588 2 281 373 344 598 8 332 461 440 597 8 4 384 113 494
test_Numazu_00231.jpg,5 64 369 514 591 5 0 416 307 597
test_Nagakute_00157.jpg,1 386 424 563 599
test_Adachi_00129.jpg,2 424 246 584 417 8 2 228 215 415
test_Nagakute_00266.jpg,1 237 323 300 491 1 18 382 164 475
test_Numazu_00228.jpg,1 280 408 370 559 8 272 416 355 555
test_Muroran_00387.jpg,2 30 363 172 599
test_Numazu_00070.jpg,3 0 446 405 582 5 24 424 387 584 8 296 394 444 595
test_Nagakute_00175.jpg,5 181 362 470 557
test_Nagakute_00192.jpg,2 322 344 589 592 8 338 343 600 591
test_Muroran_00282.jpg,5 276 415 553 558
test_Muroran_00080.jpg,2 217 363 343 598 2 383 350 474 600
test_Chiba_00008.jpg,1 277 478 368 573 2 432 429 563 589
test_Numazu_00226.jpg,5 45 354 504 599
test_Nagakute_00080.jpg,5 181 392 369 600
test_Numazu_00355.jpg,2 243 395 314 591 5 273 438 600 597
test_Muroran_00421.jpg,1 222 402 294 599
test_Numazu_00009.jpg,5 48 360 543 591
test_Chiba_00065.jpg,1 195 484 304 597
test_Sumida_00192.jpg,1 272 430 406 533
test_Adachi_00077.jpg,2 404 409 455 594
test_Nagakute_00236.jpg,1 268 392 351 549 1 273 436 373 596
test_Numazu_00081.jpg,1 296 374 447 585 1 271 325 404 539 8 42 255 225 583
test_Adachi_00176.jpg,2 403 305 494 447
test_Chiba_00007.jpg,8 366 427 506 577
test_Numazu_00383.jpg,2 412 329 541 588 2 294 304 371 585
test_Sumida_00150.jpg,8 395 431 553 566
test_Numazu_00275.jpg,2 320 287 416 585
test_Chiba_00016.jpg,1 325 475 405 579 2 467 481 600 574
test_Nagakute_00194.jpg,2 187 317 295 593
test_Numazu_00313.jpg,2 110 321 178 471 8 2 265 104 417
test_Nagakute_00126.jpg,2 273 343 600 590
test_Numazu_00136.jpg,2 128 379 216 571
test_Muroran_00107.jpg,5 48 373 481 599
test_Adachi_00319.jpg,2 489 337 598 490 2 371 190 477 340
test_Numazu_00138.jpg,5 87 428 600 594 5 0 380 199 506 5 0 485 486 598
test_Muroran_00151.jpg,1 434 439 595 599 1 322 436 424 597 1 193 408 250 600 5 442 443 596 599
test_Sumida_00117.jpg,2 342 422 430 526 8 126 440 238 556 8 459 444 597 525
test_Adachi_00328.jpg,1 380 213 578 559 1 438 333 583 554
test_Muroran_00016.jpg,1 476 428 570 597
test_Numazu_00175.jpg,1 171 431 251 594 8 274 407 536 595 8 3 393 198 560
test_Muroran_00110.jpg,1 231 365 513 590 2 329 395 548 600
test_Adachi_00025.jpg,2 300 267 394 463 2 298 290 362 554
test_Nagakute_00252.jpg,8 252 310 519 590 8 366 446 549 596
test_Numazu_00010.jpg,8 39 314 195 592
test_Numazu_00023.jpg,2 277 316 333 446 8 92 327 208 456
test_Adachi_00094.jpg,2 386 283 594 497 8 392 275 600 496
test_Adachi_00264.jpg,1 302 351 498 524 5 294 359 470 517
test_Adachi_00292.jpg,2 284 236 336 506
test_Sumida_00110.jpg,2 0 183 272 517
test_Nagakute_00220.jpg,2 237 302 457 600 3 169 467 356 517
test_Muroran_00135.jpg,5 300 360 600 599 5 153 359 506 596
test_Numazu_00183.jpg,5 190 352 492 600 5 33 371 394 506
test_Numazu_00294.jpg,5 137 376 254 591 8 1 288 170 471
test_Numazu_00163.jpg,1 258 396 538 592
test_Nagakute_00155.jpg,1 341 432 552 596 5 322 419 563 599
test_Numazu_00154.jpg,7 53 408 518 518 7 0 400 402 552 8 0 393 408 561
test_Muroran_00408.jpg,5 202 355 600 600 8 457 387 597 562
test_Numazu_00273.jpg,2 215 276 345 600
test_Nagakute_00214.jpg,2 21 296 190 568
test_Nagakute_00161.jpg,2 275 319 555 586
test_Numazu_00003.jpg,1 303 322 393 415 7 0 382 549 600
test_Muroran_00015.jpg,1 164 422 306 595 5 178 413 507 598
test_Muroran_00126.jpg,2 359 389 433 599
test_Adachi_00113.jpg,2 0 183 272 517
test_Nagakute_00123.jpg,5 65 354 470 600 5 287 369 466 587
test_Sumida_00001.jpg,2 0 183 272 517
test_Numazu_00174.jpg,1 297 341 483 545 8 6 250 212 564
test_Muroran_00423.jpg,1 347 434 514 598 5 111 394 555 600
test_Ichihara_00051.jpg,1 431 407 593 600 5 49 390 489 600 5 328 389 600 600 8 20 392 309 596
test_Adachi_00123.jpg,2 0 183 272 517
test_Adachi_00109.jpg,2 480 426 599 560
test_Nagakute_00208.jpg,1 31 402 156 597 8 309 490 416 598
test_Numazu_00017.jpg,2 0 183 272 517
test_Numazu_00039.jpg,2 395 506 489 598 2 262 347 497 583 2 258 348 386 491
test_Adachi_00036.jpg,2 430 247 599 436
test_Sumida_00213.jpg,2 327 394 437 528 8 322 395 432 527
test_Sumida_00225.jpg,8 388 429 566 559
test_Nagakute_00228.jpg,5 0 331 346 595 5 1 386 133 594
test_Muroran_00371.jpg,2 280 390 435 594 2 129 395 207 600
test_Nagakute_00015.jpg,7 0 419 512 600
test_Nagakute_00225.jpg,7 103 341 599 442 8 480 424 598 561 8 1 428 121 568
test_Muroran_00221.jpg,5 98 311 577 600
test_Adachi_00290.jpg,2 318 306 474 579 2 331 316 433 488 8 366 340 466 451
test_Numazu_00352.jpg,5 85 418 574 598 5 68 440 343 596 5 297 415 527 575
test_Chiba_00004.jpg,7 29 513 495 600
test_Muroran_00108.jpg,5 92 366 418 600
test_Numazu_00118.jpg,1 85 349 189 509 2 214 277 270 589 8 314 295 508 532
test_Sumida_00079.jpg,2 271 398 402 549 8 69 414 206 563
test_Adachi_00107.jpg,2 361 192 564 510 2 456 347 599 572 8 36 160 270 583 8 388 199 596 350 8 270 165 352 211
test_Adachi_00291.jpg,2 393 380 595 586 8 381 371 593 586
test_Numazu_00128.jpg,5 226 404 484 592 6 0 306 412 599
test_Sumida_00009.jpg,8 54 447 240 538 8 333 435 523 564
test_Numazu_00134.jpg,1 209 359 292 491 8 3 286 204 597 8 321 284 600 466
test_Nagakute_00047.jpg,5 88 371 557 598
test_Muroran_00212.jpg,5 126 352 424 594
test_Adachi_00060.jpg,2 0 183 272 517
test_Numazu_00249.jpg,2 271 367 536 600
test_Nagakute_00022.jpg,1 111 364 226 481
test_Adachi_00121.jpg,2 0 183 272 517
test_Numazu_00241.jpg,2 269 278 367 594
test_Adachi_00004.jpg,8 134 253 236 563
test_Numazu_00144.jpg,5 0 325 459 598 5 219 311 506 597 5 9 292 248 589 8 292 313 458 594
test_Chiba_00078.jpg,2 0 183 272 517
test_Muroran_00028.jpg,5 114 316 573 585
test_Nagakute_00191.jpg,1 27 429 149 581 5 200 511 353 600
test_Adachi_00155.jpg,2 389 314 600 527
test_Muroran_00410.jpg,1 402 438 554 597 5 401 423 558 599
test_Numazu_00028.jpg,1 248 351 404 507 2 145 304 261 592 2 450 490 557 596
test_Numazu_00034.jpg,5 244 357 449 593
test_Sumida_00094.jpg,2 150 418 256 541
test_Nagakute_00036.jpg,7 47 431 543 517
test_Ichihara_00013.jpg,2 0 183 272 517
test_Muroran_00373.jpg,8 119 360 255 496
test_Adachi_00216.jpg,1 458 350 600 455 1 158 328 251 450
test_Adachi_00110.jpg,1 277 422 360 598
test_Chiba_00074.jpg,7 124 496 600 596
test_Sumida_00198.jpg,2 370 413 522 563
test_Ichihara_00025.jpg,8 195 462 465 599 8 395 380 600 592
test_Muroran_00207.jpg,5 0 380 430 600
test_Sumida_00164.jpg,7 125 420 600 505
test_Adachi_00213.jpg,2 370 361 581 575
test_Ichihara_00037.jpg,1 365 411 494 589 8 3 407 240 591 8 401 389 591 589
test_Numazu_00117.jpg,2 233 299 282 592
test_Numazu_00107.jpg,8 119 286 267 494
test_Nagakute_00003.jpg,1 210 393 280 568
test_Sumida_00176.jpg,2 0 183 272 517
test_Muroran_00090.jpg,5 169 399 556 599
test_Chiba_00036.jpg,8 17 419 199 584
test_Sumida_00196.jpg,2 0 183 272 517
test_Adachi_00075.jpg,2 0 183 272 517
test_Adachi_00151.jpg,1 325 272 593 527 1 197 385 380 549
test_Numazu_00184.jpg,5 160 454 600 600
test_Muroran_00226.jpg,2 0 183 272 517
test_Ichihara_00003.jpg,1 325 418 472 595 2 366 398 600 560
test_Muroran_00160.jpg,2 18 380 248 599 2 351 333 408 596
test_Muroran_00149.jpg,5 57 372 485 600
test_Muroran_00251.jpg,8 2 347 215 593
test_Muroran_00122.jpg,2 0 183 272 517
test_Nagakute_00128.jpg,5 2 304 510 600 5 181 325 478 549
test_Nagakute_00049.jpg,2 279 315 452 577 2 325 387 481 600 5 32 407 477 593
test_Muroran_00292.jpg,5 110 342 553 596
test_Nagakute_00256.jpg,2 0 183 272 517
test_Sumida_00072.jpg,7 229 433 600 521
test_Muroran_00205.jpg,5 233 397 594 599
test_Muroran_00366.jpg,5 255 346 403 600
test_Numazu_00368.jpg,1 363 411 501 594 8 318 337 535 581 8 12 395 358 594
test_Adachi_00313.jpg,2 0 183 272 517
test_Nagakute_00233.jpg,1 347 385 524 599 2 170 329 280 586 2 341 339 575 600
test_Adachi_00322.jpg,8 328 324 529 409
test_Adachi_00083.jpg,2 330 183 429 559 8 1 230 205 501 8 242 176 335 310
test_Nagakute_00204.jpg,7 75 484 600 600
test_Numazu_00407.jpg,8 106 399 396 596 8 285 349 579 589 8 0 320 160 490
test_Adachi_00089.jpg,2 462 404 547 600 5 371 456 519 594 8 278 371 445 540 8 469 433 553 599
test_Numazu_00303.jpg,2 0 342 170 532
test_Chiba_00029.jpg,8 24 475 172 600
