test_Numazu_00321.jpg,7 58 335 600 540
test_Numazu_00126.jpg,2 206 406 262 600
test_Adachi_00249.jpg,8 147 353 474 591
test_Numazu_00119.jpg,2 271 362 528 598
test_Muroran_00176.jpg,5 173 422 600 600 8 360 427 510 600
test_Numazu_00373.jpg,7 71 328 580 471
test_Sumida_00209.jpg,2 408 453 518 552
test_Nagakute_00089.jpg,2 235 347 306 596 8 460 476 596 599 8 210 362 291 503
test_Muroran_00284.jpg,5 43 373 565 577
test_Ichihara_00022.jpg,5 368 429 557 600 8 156 384 488 600
test_Muroran_00385.jpg,5 348 387 600 597 5 55 384 375 596
test_Muroran_00389.jpg,1 456 387 600 578 1 373 317 595 581 2 366 302 600 589
test_Numazu_00157.jpg,2 0 183 272 517
test_Adachi_00134.jpg,2 1 284 122 554 8 357 376 600 572 8 325 347 543 504
test_Sumida_00086.jpg,2 0 183 272 517
test_Adachi_00199.jpg,1 126 207 277 438 1 337 204 475 374 8 2 297 135 434
test_Chiba_00046.jpg,8 316 410 480 570 8 2 413 194 585
test_Sumida_00102.jpg,2 317 404 394 556
test_Muroran_00024.jpg,1 474 507 600 599 2 353 481 437 595
test_Numazu_00379.jpg,2 247 290 323 426
test_Sumida_00051.jpg,8 374 423 566 558
test_Muroran_00402.jpg,5 148 393 583 481 5 70 382 600 547 8 447 357 600 485
test_Adachi_00150.jpg,2 0 183 272 517
test_Chiba_00006.jpg,1 414 450 572 564 8 136 489 284 588 8 416 445 584 574
test_Nagakute_00040.jpg,1 250 428 339 597 1 440 413 551 525
test_Sumida_00208.jpg,2 279 439 414 538 8 487 397 593 571
test_Adachi_00141.jpg,2 285 299 422 560
test_Chiba_00092.jpg,2 188 474 301 587 8 425 461 597 569
test_Numazu_00290.jpg,1 503 469 596 586 1 259 234 321 393 1 205 385 308 509 7 39 289 522 400
test_Ichihara_00001.jpg,2 5 398 257 587
test_Sumida_00180.jpg,8 436 444 600 548 8 131 471 225 564
test_Ichihara_00048.jpg,2 452 462 564 600
test_Numazu_00211.jpg,5 0 402 187 593 6 0 409 194 592
test_Nagakute_00013.jpg,8 156 349 270 523
test_Nagakute_00027.jpg,2 300 327 592 552 8 6 319 177 529 8 300 322 585 554
test_Chiba_00001.jpg,2 0 183 272 517
test_Chiba_00084.jpg,2 408 482 585 582
test_Adachi_00103.jpg,1 317 395 474 533
test_Numazu_00165.jpg,2 0 183 272 517
test_Nagakute_00112.jpg,1 50 381 180 567
test_Muroran_00069.jpg,5 356 490 522 600 8 143 405 201 599
test_Chiba_00049.jpg,8 336 398 518 574
test_Muroran_00103.jpg,1 440 445 522 597
test_Adachi_00040.jpg,1 8 279 207 538 1 0 261 444 471 3 135 309 579 422
test_Nagakute_00087.jpg,1 135 426 229 596 8 5 379 185 559
test_Numazu_00267.jpg,5 480 482 599 599 7 121 408 536 489
test_Ichihara_00034.jpg,1 436 452 594 594 1 70 416 272 600 1 216 441 579 598 1 225 421 403 592 5 84 412 276 597
test_Numazu_00087.jpg,2 328 352 516 596 5 71 337 290 600
test_Muroran_00041.jpg,2 0 387 167 555 5 165 366 600 597
test_Muroran_00346.jpg,8 0 299 207 557 8 407 438 545 600
test_Sumida_00169.jpg,2 56 401 275 523
test_Nagakute_00023.jpg,1 201 332 291 550 8 42 304 269 600
test_Sumida_00125.jpg,2 309 418 375 543
test_Numazu_00312.jpg,5 22 329 329 600
test_Adachi_00157.jpg,2 384 343 469 594
test_Muroran_00313.jpg,2 351 320 397 600
test_Muroran_00290.jpg,2 467 444 600 579 8 15 344 222 600
test_Numazu_00256.jpg,5 46 346 536 597
test_Adachi_00247.jpg,2 454 403 600 555 7 276 321 566 374
test_Muroran_00232.jpg,5 160 339 558 600
test_Adachi_00266.jpg,1 76 305 238 478 2 378 174 472 276 8 1 214 131 416
test_Chiba_00048.jpg,8 229 479 327 588 8 470 480 596 559
test_Nagakute_00132.jpg,8 307 323 600 581 8 2 351 189 600
test_Adachi_00031.jpg,2 291 456 400 581 2 168 265 425 457 8 449 347 598 454
test_Adachi_00046.jpg,8 369 219 503 563 8 1 199 168 286
test_Nagakute_00017.jpg,1 413 428 491 581
test_Adachi_00203.jpg,2 275 367 337 597
test_Chiba_00035.jpg,2 394 450 560 580
test_Nagakute_00092.jpg,5 49 350 600 594 8 282 472 544 534
test_Numazu_00344.jpg,8 0 454 419 558
test_Muroran_00305.jpg,1 55 404 245 590 5 431 443 583 598 8 459 468 589 600
test_Nagakute_00120.jpg,5 0 363 202 600 8 313 370 473 503
test_Muroran_00223.jpg,5 368 295 595 505 5 231 324 600 554
test_Adachi_00242.jpg,1 18 314 235 519 2 21 313 233 513 8 432 312 592 515
test_Sumida_00124.jpg,8 374 422 522 573
test_Numazu_00060.jpg,5 0 435 462 598
test_Numazu_00049.jpg,1 269 355 353 448 2 47 289 206 593 8 376 332 595 503
test_Sumida_00194.jpg,7 193 433 582 544
test_Numazu_00101.jpg,2 286 314 444 569 5 236 310 432 581
test_Nagakute_00170.jpg,8 0 351 573 598
test_Numazu_00080.jpg,1 403 457 588 586 8 295 410 471 600
test_Numazu_00311.jpg,5 38 404 545 596
test_Chiba_00018.jpg,2 148 473 330 591
test_Numazu_00309.jpg,5 317 392 425 506
test_Numazu_00386.jpg,1 130 352 209 577 2 362 372 577 572 8 354 356 590 578 8 0 327 133 533
test_Numazu_00359.jpg,2 106 384 260 598 5 172 389 600 597 5 135 404 303 600
test_Adachi_00090.jpg,2 0 183 272 517
test_Sumida_00143.jpg,7 40 438 501 561
test_Sumida_00047.jpg,2 358 386 535 517
test_Sumida_00078.jpg,2 242 407 305 560
test_Nagakute_00034.jpg,2 233 312 291 593 8 28 336 223 600
test_Muroran_00275.jpg,1 429 424 566 529 1 434 449 593 582 8 27 305 184 600 8 447 475 590 600
test_Numazu_00378.jpg,1 0 367 130 584 8 309 299 598 578 8 0 287 176 473
test_Nagakute_00152.jpg,1 484 431 595 540 1 132 489 252 600 8 2 400 121 545
test_Numazu_00380.jpg,7 45 383 600 600
test_Nagakute_00213.jpg,2 296 368 597 591 8 1 399 139 547
test_Numazu_00155.jpg,5 289 339 558 594 5 0 378 148 579 8 3 335 138 516 8 303 346 565 587
test_Chiba_00019.jpg,7 0 477 549 592
test_Sumida_00067.jpg,2 0 183 272 517
test_Numazu_00065.jpg,2 301 325 401 470
test_Sumida_00201.jpg,2 359 440 429 558
test_Numazu_00364.jpg,2 241 348 427 600
test_Numazu_00354.jpg,1 374 392 527 564 1 230 413 539 570 3 146 462 586 565 8 0 321 156 531 8 130 349 274 578
test_Numazu_00086.jpg,2 278 413 373 584 2 60 385 196 594 8 0 377 170 558 8 374 420 562 537
test_Chiba_00088.jpg,1 297 474 379 577 8 458 473 600 567
test_Chiba_00025.jpg,2 258 454 383 559
test_Chiba_00075.jpg,2 0 183 272 517
test_Nagakute_00163.jpg,1 57 274 166 418
test_Muroran_00195.jpg,1 204 400 275 600 1 141 319 393 588 5 3 394 170 600 5 0 357 450 600
test_Adachi_00106.jpg,2 373 284 558 600
test_Chiba_00070.jpg,2 454 496 543 582
test_Nagakute_00070.jpg,2 204 342 255 597
test_Adachi_00204.jpg,2 0 183 272 517
test_Muroran_00415.jpg,5 314 419 600 599
test_Adachi_00032.jpg,7 0 337 557 519
test_Adachi_00243.jpg,8 164 470 486 598
test_Sumida_00040.jpg,2 0 183 272 517
test_Nagakute_00162.jpg,1 103 435 247 600 8 313 369 600 594 8 0 366 148 561
test_Numazu_00403.jpg,8 3 280 184 470 8 331 310 600 556
test_Nagakute_00178.jpg,1 150 374 235 574 8 21 368 187 595
test_Muroran_00404.jpg,2 263 314 312 600
test_Numazu_00185.jpg,1 2 313 117 508 1 165 414 259 562 8 11 278 157 598 8 429 401 600 593
test_Numazu_00164.jpg,1 2 347 190 547 2 214 265 265 555 8 339 333 598 587
test_Muroran_00079.jpg,1 497 424 596 533 1 209 414 293 596 2 329 350 488 593
test_Nagakute_00012.jpg,2 107 400 275 595
test_Nagakute_00010.jpg,2 267 338 327 600
test_Adachi_00051.jpg,2 296 122 493 251 5 0 245 505 541
test_Muroran_00386.jpg,2 167 351 282 600 8 405 415 554 600
test_Nagakute_00083.jpg,5 58 335 492 597
test_Muroran_00029.jpg,2 340 378 447 549
test_Adachi_00190.jpg,8 252 428 365 599
test_Sumida_00058.jpg,2 30 419 210 518 8 374 454 560 560 8 339 452 487 547
test_Numazu_00033.jpg,5 158 335 313 580
test_Muroran_00125.jpg,2 334 387 520 587
test_Numazu_00356.jpg,5 155 435 600 597 5 4 511 125 600
test_Adachi_00005.jpg,3 111 488 600 581
test_Nagakute_00174.jpg,7 56 500 541 598
test_Chiba_00010.jpg,1 124 483 226 587 8 302 439 469 598 8 5 472 168 600
test_Nagakute_00062.jpg,1 268 384 436 600 2 214 375 451 600 5 284 390 437 598
test_Nagakute_00085.jpg,5 72 485 409 595 5 306 398 598 592 8 319 403 597 570
test_Nagakute_00058.jpg,1 277 419 367 582 8 5 331 159 461
test_Muroran_00055.jpg,5 462 393 591 501
test_Nagakute_00084.jpg,1 95 293 258 600 8 94 296 270 600
test_Sumida_00037.jpg,2 149 417 291 565
test_Nagakute_00240.jpg,1 204 325 299 420 8 265 290 595 535
test_Muroran_00141.jpg,5 79 441 490 600
test_Numazu_00204.jpg,3 172 473 557 586 5 0 369 531 590 8 5 279 181 480
test_Nagakute_00180.jpg,2 71 357 210 586
test_Adachi_00253.jpg,1 185 302 397 481 5 26 196 316 434
test_Adachi_00081.jpg,7 12 303 489 420
test_Numazu_00381.jpg,2 232 302 320 474
test_Muroran_00156.jpg,1 276 343 557 579 1 330 454 469 600 1 220 359 429 586 5 227 331 590 577 8 27 360 191 596
test_Sumida_00134.jpg,2 133 420 225 522
test_Numazu_00076.jpg,2 0 183 272 517
test_Ichihara_00049.jpg,8 0 475 121 581 8 477 467 599 581
test_Sumida_00190.jpg,2 0 183 272 517
test_Muroran_00201.jpg,1 321 375 499 600 1 39 387 190 598 2 315 313 511 544 5 287 312 496 595 8 2 363 182 586
test_Adachi_00286.jpg,1 16 373 300 552 1 28 316 454 539
test_Numazu_00092.jpg,2 172 372 244 549 5 87 416 241 600
test_Numazu_00218.jpg,5 249 415 537 564
test_Nagakute_00167.jpg,1 348 440 460 594 2 261 231 347 600 8 22 232 273 484
test_Numazu_00114.jpg,2 36 294 201 577 5 35 326 359 583
test_Adachi_00135.jpg,1 38 410 197 569
test_Chiba_00076.jpg,2 92 517 208 595
test_Muroran_00020.jpg,2 263 350 327 600 4 150 441 600 562
test_Muroran_00383.jpg,5 58 393 341 598
test_Numazu_00171.jpg,5 100 308 276 444 8 349 293 573 538
test_Numazu_00285.jpg,5 262 411 600 599 8 141 400 222 599
test_Sumida_00098.jpg,7 2 445 430 534
test_Muroran_00312.jpg,2 352 403 598 593 8 205 348 378 429
test_Nagakute_00146.jpg,5 193 409 600 600 5 346 422 600 589 8 98 419 600 596
test_Adachi_00308.jpg,2 0 183 272 517
test_Muroran_00014.jpg,2 298 356 457 599 5 355 350 600 544 5 302 356 511 598
test_Muroran_00333.jpg,2 0 183 272 517
test_Muroran_00174.jpg,1 154 390 281 595 2 161 381 293 598
test_Adachi_00014.jpg,2 199 375 331 597
test_Numazu_00230.jpg,2 286 419 481 583 8 81 305 215 473
test_Nagakute_00114.jpg,1 220 334 304 573 2 30 362 156 595 8 265 321 548 581
test_Muroran_00299.jpg,5 273 376 570 600
test_Nagakute_00196.jpg,1 214 353 325 516 1 52 346 174 463 8 3 321 170 456
test_Muroran_00240.jpg,1 166 421 268 594 8 435 384 598 557 8 72 386 262 599
test_Sumida_00033.jpg,2 327 405 424 516
test_Muroran_00112.jpg,2 344 352 544 588 5 56 406 351 600
test_Sumida_00105.jpg,2 0 183 272 517
test_Numazu_00338.jpg,5 412 469 600 582 8 253 422 373 548
test_Numazu_00202.jpg,8 445 478 570 600 8 5 270 212 477
test_Adachi_00069.jpg,2 0 183 272 517
test_Ichihara_00021.jpg,1 153 406 296 597 8 408 401 597 582 8 55 397 279 596
test_Numazu_00160.jpg,7 0 414 515 600 8 34 316 155 473
test_Adachi_00299.jpg,2 10 377 189 595
test_Muroran_00345.jpg,1 101 318 416 600 5 53 321 376 595
test_Muroran_00163.jpg,5 202 372 600 598 5 358 342 600 550 5 197 450 402 600
test_Numazu_00390.jpg,2 460 481 600 595 5 73 401 260 597 5 34 409 535 597 5 332 451 526 600
test_Adachi_00068.jpg,1 113 319 462 572 3 34 317 560 529
test_Chiba_00026.jpg,8 456 483 595 566 8 195 490 301 590
test_Adachi_00072.jpg,8 488 302 598 445
test_Nagakute_00125.jpg,3 203 400 600 525 3 28 390 512 514 3 1 414 314 567 5 371 385 600 533
test_Muroran_00260.jpg,1 395 484 584 600
test_Numazu_00176.jpg,2 292 344 593 595 2 231 309 341 595 3 1 409 143 505
test_Muroran_00005.jpg,2 96 367 214 577 5 148 416 600 595
test_Adachi_00329.jpg,2 381 362 583 594
test_Numazu_00333.jpg,7 34 427 600 600
test_Sumida_00081.jpg,7 11 457 553 570
test_Numazu_00310.jpg,2 285 355 413 592 5 431 365 589 525 8 444 365 600 508
test_Numazu_00284.jpg,2 241 328 299 600
test_Numazu_00357.jpg,2 318 383 555 588 8 292 373 534 583
test_Nagakute_00185.jpg,5 257 344 418 592
test_Muroran_00322.jpg,2 190 363 316 585
test_Nagakute_00091.jpg,5 42 285 202 524 5 340 251 494 360
test_Nagakute_00159.jpg,2 177 270 243 501 2 53 483 130 599
test_Adachi_00180.jpg,2 326 166 412 600
test_Adachi_00130.jpg,2 118 297 263 502 2 420 334 581 597 2 53 369 213 593 2 41 250 277 600 8 372 211 600 544
test_Numazu_00317.jpg,2 361 440 562 600
test_Numazu_00388.jpg,2 58 273 217 584 5 80 287 255 587
test_Numazu_00374.jpg,2 260 299 381 600 5 15 298 276 587 6 14 281 346 588
test_Nagakute_00029.jpg,2 364 275 423 438 7 0 424 518 597 8 105 291 306 434
test_Muroran_00006.jpg,2 396 366 565 560 8 428 387 557 525 8 13 329 290 600
test_Muroran_00397.jpg,7 287 292 561 354
test_Numazu_00396.jpg,2 296 450 384 597
test_Sumida_00060.jpg,2 0 183 272 517
test_Adachi_00164.jpg,5 46 305 389 569
test_Adachi_00236.jpg,8 400 269 596 494
test_Muroran_00131.jpg,1 410 453 496 597 8 63 375 275 599 8 136 369 280 531
test_Nagakute_00199.jpg,2 340 322 588 590 8 8 281 177 565
test_Muroran_00238.jpg,5 109 290 246 438 5 130 271 291 547
test_Sumida_00217.jpg,2 0 183 272 517
test_Muroran_00045.jpg,5 0 386 453 600 5 8 392 246 600
test_Nagakute_00254.jpg,8 1 322 200 520
test_Sumida_00226.jpg,8 209 427 311 577
test_Ichihara_00024.jpg,1 156 459 283 600 2 442 382 557 453
test_Adachi_00265.jpg,1 186 230 449 461
test_Adachi_00021.jpg,2 168 171 276 528
test_Muroran_00104.jpg,1 300 343 367 486 2 194 388 285 598 8 475 462 600 600 8 0 372 238 595
test_Sumida_00168.jpg,2 261 441 299 536
test_Nagakute_00099.jpg,5 131 349 476 598 5 359 406 599 600
test_Nagakute_00086.jpg,7 0 409 502 600
test_Nagakute_00121.jpg,1 76 431 187 600 1 214 423 290 594 8 0 394 138 578 8 316 420 510 600
test_Nagakute_00154.jpg,4 127 462 600 578 8 128 476 221 600
test_Numazu_00340.jpg,5 364 415 571 570 8 0 328 141 574
test_Numazu_00222.jpg,2 0 183 272 517
test_Muroran_00283.jpg,5 5 344 188 579 5 78 395 538 600
test_Sumida_00100.jpg,2 0 183 272 517
test_Numazu_00029.jpg,5 15 395 432 599 5 181 419 560 597
test_Numazu_00393.jpg,1 346 291 595 422 5 341 283 596 423
test_Adachi_00251.jpg,1 345 411 467 538
test_Nagakute_00216.jpg,5 15 464 140 594 5 209 477 530 597
test_Numazu_00405.jpg,5 179 331 342 565 8 341 265 600 540 8 4 254 166 445
test_Muroran_00071.jpg,5 353 396 453 560
test_Sumida_00227.jpg,2 353 411 459 551
test_Numazu_00131.jpg,5 31 361 293 587
test_Muroran_00198.jpg,5 0 370 508 593 5 35 364 405 498
test_Sumida_00042.jpg,1 381 425 442 473 8 246 403 340 454
test_Numazu_00348.jpg,5 69 445 429 592 5 435 451 595 593 5 175 456 600 600 8 440 461 600 593 8 4 425 83 553
test_Chiba_00020.jpg,2 0 183 272 517
test_Muroran_00261.jpg,1 135 386 217 588
test_Adachi_00224.jpg,2 183 362 278 578 2 194 181 315 570 2 263 147 322 312 2 450 307 592 479
test_Adachi_00195.jpg,1 351 499 508 600 3 97 434 336 500
test_Adachi_00124.jpg,2 407 379 600 585
test_Adachi_00131.jpg,1 324 360 502 515 5 325 356 484 490
test_Numazu_00254.jpg,2 0 183 272 517
test_Nagakute_00229.jpg,1 107 434 201 571 2 262 336 334 597 5 342 390 544 598
test_Nagakute_00144.jpg,1 13 382 245 567 2 56 380 242 538
test_Nagakute_00073.jpg,2 346 305 600 586 8 35 338 271 600
test_Nagakute_00021.jpg,2 90 252 225 600
test_Sumida_00029.jpg,2 365 440 454 549
test_Muroran_00365.jpg,1 458 411 596 557 8 0 376 215 579 8 400 424 552 598
test_Sumida_00030.jpg,8 357 416 529 558
test_Sumida_00165.jpg,2 0 418 211 550 2 56 436 165 519 8 416 451 576 563
test_Muroran_00023.jpg,5 85 313 550 600 5 21 305 324 600 5 287 355 600 600
test_Numazu_00361.jpg,2 0 183 272 517
test_Muroran_00295.jpg,5 233 471 393 578
test_Muroran_00179.jpg,2 369 440 483 596
test_Adachi_00219.jpg,5 329 396 466 502
test_Nagakute_00241.jpg,1 110 413 235 594 2 307 325 387 600 8 14 332 256 594 8 407 352 599 502
test_Numazu_00180.jpg,8 282 411 496 595
test_Ichihara_00046.jpg,2 142 411 306 572
test_Sumida_00123.jpg,2 0 389 217 545 8 5 418 173 521
test_Numazu_00108.jpg,5 451 411 596 560
test_Numazu_00288.jpg,2 302 421 439 588
test_Numazu_00258.jpg,2 0 183 272 517
test_Sumida_00096.jpg,2 1 408 167 521 2 225 426 315 549 8 421 432 589 578 8 476 495 586 583
test_Adachi_00262.jpg,7 55 399 589 566
test_Numazu_00372.jpg,2 119 302 256 600 5 182 295 581 596 6 209 284 514 572
test_Sumida_00118.jpg,2 0 183 272 517
test_Numazu_00385.jpg,5 10 350 204 588
test_Adachi_00327.jpg,8 441 378 599 535 8 12 401 257 558
test_Nagakute_00202.jpg,8 270 370 585 593
test_Numazu_00339.jpg,8 1 297 195 560 8 321 302 567 557
test_Nagakute_00217.jpg,1 162 394 281 595
test_Nagakute_00008.jpg,2 298 380 375 544 5 45 409 563 592
test_Chiba_00069.jpg,2 0 183 272 517
test_Numazu_00168.jpg,5 227 330 575 600 5 0 361 452 599 5 51 349 230 593 8 284 312 492 600 8 0 324 125 477
test_Chiba_00045.jpg,1 279 477 364 584 8 207 469 317 584 8 441 478 596 568
test_Sumida_00111.jpg,8 420 473 585 563
test_Numazu_00302.jpg,1 409 440 523 586 2 0 339 120 510
test_Muroran_00194.jpg,2 274 382 587 526 5 16 400 166 577
test_Numazu_00292.jpg,2 312 299 578 550
test_Numazu_00225.jpg,2 140 316 227 576 5 157 348 472 584
test_Sumida_00045.jpg,7 193 433 581 544
test_Sumida_00068.jpg,2 334 403 404 535
test_Muroran_00407.jpg,5 235 370 532 597
test_Muroran_00293.jpg,2 316 363 560 600
test_Muroran_00418.jpg,5 37 384 483 586
test_Ichihara_00030.jpg,5 71 394 309 599 5 123 391 589 598
test_Adachi_00117.jpg,2 0 183 272 517
test_Sumida_00106.jpg,8 428 419 600 522
test_Muroran_00153.jpg,1 105 437 260 593 1 449 342 594 445 8 3 338 251 576
test_Nagakute_00187.jpg,1 304 428 477 594 2 177 381 267 599 2 279 381 521 588
test_Adachi_00018.jpg,2 338 330 425 599
test_Muroran_00354.jpg,2 317 384 470 591
test_Numazu_00210.jpg,5 96 464 506 600 6 82 436 457 596
test_Ichihara_00026.jpg,8 441 484 559 600
test_Ichihara_00047.jpg,2 467 420 595 535
test_Adachi_00269.jpg,2 383 315 486 400 7 31 391 600 600
test_Adachi_00276.jpg,2 416 292 597 529
test_Nagakute_00190.jpg,1 32 347 218 567 2 306 284 592 600
test_Muroran_00425.jpg,8 279 318 342 600
test_Muroran_00074.jpg,2 0 183 272 517
test_Muroran_00130.jpg,5 142 377 452 597
test_Adachi_00153.jpg,1 265 444 366 595
test_Numazu_00395.jpg,2 58 377 228 598
test_Numazu_00366.jpg,2 289 370 433 584 2 3 389 107 576 7 89 269 388 339 8 412 377 599 574 8 246 439 320 580
test_Sumida_00166.jpg,2 327 387 393 539
test_Numazu_00259.jpg,1 335 449 421 600 1 464 430 572 530
test_Muroran_00315.jpg,5 84 343 593 600 5 331 367 600 594
test_Nagakute_00078.jpg,1 268 339 444 508 1 288 350 406 460 8 288 235 595 524 8 2 278 182 522
test_Numazu_00246.jpg,2 265 394 407 595 5 224 398 590 600 5 67 505 238 600 8 388 410 595 574
test_Chiba_00079.jpg,1 292 478 363 591
test_Numazu_00323.jpg,7 127 355 600 486
test_Numazu_00397.jpg,2 234 385 325 600
test_Numazu_00235.jpg,1 46 328 198 561 1 337 369 555 576 8 346 333 587 560
test_Numazu_00315.jpg,1 303 422 424 571 8 4 375 109 516 8 340 306 582 593
test_Chiba_00089.jpg,8 290 466 475 596
test_Adachi_00263.jpg,1 400 360 587 600
test_Adachi_00128.jpg,1 0 315 268 591 5 4 311 238 517
test_Muroran_00007.jpg,5 15 354 517 600
test_Numazu_00277.jpg,2 73 384 190 524 8 308 398 562 600 8 7 387 180 532
test_Nagakute_00109.jpg,2 237 295 414 541 2 297 379 467 600 3 76 432 329 492
test_Numazu_00281.jpg,5 14 348 246 584 8 390 326 598 450
test_Ichihara_00045.jpg,7 70 442 600 598
test_Muroran_00132.jpg,5 41 370 595 595
test_Muroran_00213.jpg,5 16 377 493 598
test_Muroran_00120.jpg,1 345 500 464 600 5 0 473 376 599
test_Numazu_00105.jpg,2 329 337 557 584
test_Nagakute_00201.jpg,5 207 398 384 596 8 24 405 186 600
test_Adachi_00096.jpg,2 292 308 413 588 8 278 331 469 405
test_Adachi_00270.jpg,2 189 336 252 600
test_Muroran_00419.jpg,5 32 339 561 597 5 271 331 542 555
test_Adachi_00289.jpg,8 0 299 256 600
test_Muroran_00298.jpg,2 380 392 582 596
test_Numazu_00036.jpg,2 7 272 208 600 5 67 331 314 576 8 356 403 550 587
test_Ichihara_00028.jpg,7 0 452 530 600
test_Numazu_00391.jpg,5 4 367 448 586
test_Nagakute_00244.jpg,1 304 409 410 536 8 1 318 193 509
test_Muroran_00294.jpg,5 142 422 346 591
test_Sumida_00193.jpg,2 189 406 287 543
test_Ichihara_00029.jpg,1 393 410 567 600
test_Muroran_00143.jpg,3 38 451 218 514 8 371 395 475 600
test_Sumida_00197.jpg,2 0 183 272 517
test_Sumida_00141.jpg,1 173 453 289 559 8 391 448 597 594 8 70 452 206 564
test_Muroran_00047.jpg,2 178 356 253 596 8 425 401 599 535
test_Muroran_00085.jpg,1 366 375 528 596 5 34 329 332 594 5 86 351 574 600 5 372 384 533 600
test_Muroran_00244.jpg,8 497 460 600 564 8 74 329 252 600
test_Muroran_00348.jpg,5 235 343 579 586
test_Nagakute_00250.jpg,7 5 384 600 600
test_Adachi_00154.jpg,1 400 399 562 586
test_Nagakute_00274.jpg,1 331 432 543 595 5 13 465 211 598 5 0 478 395 597 5 157 483 510 594 8 330 397 550 599
test_Adachi_00085.jpg,2 157 308 266 600 8 1 279 79 434
test_Adachi_00261.jpg,2 9 157 156 484 5 334 131 555 394
test_Sumida_00031.jpg,7 323 419 568 572
test_Muroran_00100.jpg,2 0 183 272 517
test_Nagakute_00198.jpg,1 248 417 311 593 2 250 403 311 600
test_Nagakute_00139.jpg,1 37 376 157 599 5 275 411 526 598 8 2 303 121 497
test_Numazu_00229.jpg,2 0 311 100 515
test_Adachi_00073.jpg,2 412 461 536 595 8 354 425 547 486
test_Muroran_00031.jpg,5 14 360 533 600
test_Muroran_00257.jpg,5 55 357 424 595 5 96 338 267 503
test_Muroran_00357.jpg,5 46 398 532 598
test_Numazu_00370.jpg,2 251 360 331 584
test_Nagakute_00168.jpg,4 7 459 470 565 8 366 375 496 512 8 11 330 176 469
test_Adachi_00165.jpg,7 18 196 580 398
test_Adachi_00208.jpg,2 116 399 213 510 5 360 333 576 598 5 166 383 600 599 8 420 391 570 599
test_Adachi_00086.jpg,1 152 325 254 514 1 315 300 419 410 1 8 324 151 419
test_Adachi_00273.jpg,2 138 246 290 600 8 217 284 394 424
test_Adachi_00225.jpg,8 26 248 237 525 8 56 152 387 399 8 126 196 467 482
test_Adachi_00030.jpg,7 0 173 554 377
test_Muroran_00204.jpg,1 396 389 545 600 5 106 325 516 576
test_Numazu_00240.jpg,2 260 370 413 598
test_Muroran_00328.jpg,1 311 400 373 599 1 169 431 282 600
test_Sumida_00043.jpg,2 331 459 384 555
test_Adachi_00228.jpg,7 38 335 600 599
test_Muroran_00008.jpg,5 151 338 564 593 5 2 434 161 597 5 0 379 441 600
test_Adachi_00029.jpg,8 416 223 595 355 8 2 206 197 363
test_Muroran_00384.jpg,2 384 353 580 599 5 380 373 596 600 5 435 492 566 593
test_Numazu_00250.jpg,2 106 324 251 583 2 299 314 562 593 2 378 401 543 594
test_Adachi_00240.jpg,2 0 183 272 517
test_Nagakute_00227.jpg,5 166 330 334 539
test_Ichihara_00038.jpg,1 407 385 505 574
test_Nagakute_00127.jpg,1 282 525 396 598
test_Adachi_00197.jpg,2 345 233 421 419 8 395 413 490 585
test_Muroran_00420.jpg,1 323 362 398 473 8 365 391 591 600 8 4 426 171 597
test_Adachi_00105.jpg,1 103 182 237 581 2 497 225 599 345 2 99 91 238 387
test_Numazu_00095.jpg,5 243 312 390 587 7 6 413 317 583 8 11 410 260 590
test_Muroran_00297.jpg,2 362 345 590 545 5 159 420 285 536
test_Nagakute_00226.jpg,1 90 357 172 471 8 275 337 519 591
test_Chiba_00052.jpg,2 0 183 272 517
test_Muroran_00115.jpg,2 298 349 364 600
test_Muroran_00058.jpg,1 327 520 510 597 8 0 505 103 599
test_Muroran_00381.jpg,2 120 347 194 580
test_Sumida_00151.jpg,2 368 388 506 546 2 414 431 500 532
test_Nagakute_00173.jpg,1 101 475 484 600 5 47 449 600 600 7 219 333 600 463 7 88 328 600 548
test_Chiba_00034.jpg,2 288 399 413 550
test_Muroran_00059.jpg,7 0 475 553 600
test_Numazu_00097.jpg,5 113 412 294 598
test_Numazu_00233.jpg,1 146 362 324 571 8 347 294 597 496
test_Chiba_00038.jpg,8 312 453 495 596
test_Adachi_00314.jpg,2 372 360 551 600
test_Sumida_00059.jpg,2 325 406 411 543
test_Sumida_00205.jpg,8 372 415 595 578
test_Muroran_00321.jpg,5 120 374 592 598 8 408 502 524 600
test_Nagakute_00016.jpg,5 62 368 583 598
test_Numazu_00268.jpg,8 124 364 302 600
test_Adachi_00246.jpg,7 0 140 478 327 7 94 144 587 279
test_Numazu_00384.jpg,7 38 300 582 466
test_Adachi_00087.jpg,2 343 434 416 595
test_Numazu_00170.jpg,7 127 346 520 511
test_Adachi_00127.jpg,1 136 465 215 596 8 364 306 598 566
test_Adachi_00172.jpg,1 137 213 284 469
test_Sumida_00041.jpg,2 0 183 272 517
test_Numazu_00193.jpg,1 47 418 157 568 8 348 284 594 527
test_Sumida_00028.jpg,2 360 418 483 555
test_Muroran_00376.jpg,5 59 353 411 509
test_Adachi_00237.jpg,8 266 309 594 512
test_Nagakute_00239.jpg,1 231 417 324 596 8 287 388 502 600
test_Ichihara_00042.jpg,1 395 402 513 474 8 2 478 156 598
test_Nagakute_00181.jpg,5 45 363 528 600
test_Sumida_00135.jpg,8 453 483 595 596
test_Numazu_00083.jpg,5 0 350 388 596 8 227 348 494 589
test_Muroran_00180.jpg,2 161 406 256 556
test_Muroran_00269.jpg,5 10 368 573 599
test_Numazu_00030.jpg,8 183 295 345 546 8 165 390 391 593
test_Chiba_00002.jpg,7 0 509 382 598
test_Numazu_00336.jpg,8 301 326 486 522 8 289 356 565 598 8 375 457 594 598 8 64 279 227 585
test_Adachi_00035.jpg,2 0 183 272 517
test_Nagakute_00030.jpg,1 354 451 580 596 2 265 354 359 600
test_Muroran_00035.jpg,1 67 408 219 593 8 442 383 596 544 8 390 440 493 562
test_Muroran_00424.jpg,5 46 413 600 598
test_Muroran_00186.jpg,1 271 337 331 545 8 2 342 214 564 8 356 358 471 506
test_Muroran_00326.jpg,5 45 367 297 600
test_Muroran_00417.jpg,2 391 336 597 596 8 188 384 337 551
test_Muroran_00398.jpg,5 360 419 596 592
test_Nagakute_00260.jpg,1 68 357 223 588 2 259 300 500 597 3 343 413 564 474
test_Muroran_00053.jpg,5 178 441 512 597
test_Sumida_00091.jpg,5 165 383 283 478
test_Sumida_00170.jpg,2 313 389 405 533
test_Muroran_00413.jpg,2 416 367 531 597 2 419 298 589 430 7 76 301 262 407 8 83 305 255 403
test_Muroran_00388.jpg,5 111 388 600 595 5 10 336 282 600 5 308 433 569 593
test_Adachi_00061.jpg,1 422 255 598 446 2 418 259 599 453 2 0 365 152 589
test_Nagakute_00074.jpg,5 115 340 287 600 8 456 365 598 480
test_Nagakute_00043.jpg,1 122 436 210 594 1 299 392 428 569 8 2 313 205 507
test_Adachi_00196.jpg,2 336 314 569 593
test_Muroran_00078.jpg,2 0 183 272 517
test_Adachi_00013.jpg,2 425 402 544 590
test_Numazu_00064.jpg,6 182 399 412 596
test_Muroran_00273.jpg,2 15 329 192 594
test_Nagakute_00041.jpg,1 237 494 385 600
test_Nagakute_00057.jpg,2 391 477 478 595
test_Ichihara_00002.jpg,1 377 422 527 589 8 25 451 199 597
test_Nagakute_00221.jpg,1 346 460 590 598 3 26 485 267 533
test_Muroran_00109.jpg,5 52 358 560 599
test_Numazu_00161.jpg,8 356 304 593 525 8 9 282 205 465
test_Adachi_00250.jpg,2 299 299 440 597
test_Muroran_00138.jpg,5 116 368 577 596
test_Muroran_00211.jpg,5 465 438 593 597
test_Nagakute_00061.jpg,7 0 442 529 599
test_Numazu_00006.jpg,2 0 183 272 517
test_Numazu_00353.jpg,2 309 355 468 599
test_Numazu_00201.jpg,2 319 464 390 592 2 443 465 510 599
test_Muroran_00391.jpg,2 337 374 437 600
test_Muroran_00219.jpg,2 346 351 597 568 2 275 359 358 600
test_Sumida_00018.jpg,8 438 487 599 578
test_Numazu_00147.jpg,5 0 420 415 596 5 198 405 459 597
test_Muroran_00344.jpg,5 35 359 579 598
test_Numazu_00013.jpg,5 137 308 225 406
test_Numazu_00261.jpg,2 82 265 226 594 2 85 369 183 584 2 141 267 220 472 5 35 372 209 574
test_Adachi_00098.jpg,1 394 409 482 517 2 164 369 261 586 7 197 302 600 389
test_Nagakute_00113.jpg,2 86 256 251 578
test_Numazu_00110.jpg,2 299 327 579 584 5 164 360 316 594 8 323 334 542 572 8 158 356 295 559
test_Adachi_00321.jpg,2 309 340 484 600
test_Chiba_00061.jpg,2 0 183 272 517
test_Adachi_00217.jpg,7 0 329 502 536
test_Nagakute_00116.jpg,1 324 389 502 599 1 303 383 425 512 1 167 437 247 573
test_Chiba_00011.jpg,2 368 443 593 575
test_Muroran_00310.jpg,1 472 428 596 538
test_Numazu_00178.jpg,5 141 491 327 598
test_Ichihara_00023.jpg,8 392 391 598 595
test_Adachi_00275.jpg,2 436 295 600 586 2 343 166 431 280
test_Numazu_00306.jpg,1 197 309 277 438 8 385 310 593 480
test_Nagakute_00140.jpg,2 236 395 416 599
test_Muroran_00098.jpg,2 382 409 594 593 8 8 468 130 596
test_Nagakute_00031.jpg,7 0 417 590 600
test_Numazu_00063.jpg,5 0 351 455 575 5 16 354 276 530 5 181 323 379 504
test_Muroran_00137.jpg,1 287 392 427 591 1 341 409 486 567
test_Nagakute_00038.jpg,5 137 461 256 556 8 6 404 186 599 8 398 351 586 554
test_Nagakute_00262.jpg,1 283 365 429 568 8 0 347 164 509
test_Adachi_00201.jpg,2 312 448 390 597 8 375 383 479 468
test_Muroran_00111.jpg,5 253 398 447 596 8 343 445 449 600
test_Muroran_00416.jpg,5 283 417 500 501 5 65 397 317 486
test_Chiba_00058.jpg,1 304 439 384 538
test_Nagakute_00149.jpg,2 373 408 524 510
test_Adachi_00318.jpg,7 114 142 577 261
test_Sumida_00056.jpg,7 37 457 553 554
test_Adachi_00161.jpg,8 145 343 445 595
test_Nagakute_00093.jpg,8 18 354 194 597 8 338 414 592 598
test_Nagakute_00147.jpg,1 53 424 181 600
test_Numazu_00093.jpg,2 0 183 272 517
test_Numazu_00192.jpg,2 119 278 211 429 2 19 290 194 600 5 336 326 589 570
test_Nagakute_00072.jpg,1 222 433 278 600
test_Adachi_00020.jpg,1 95 195 257 456 1 79 324 166 534 8 261 115 341 446 8 343 161 595 393
test_Sumida_00015.jpg,8 320 408 462 553
test_Muroran_00068.jpg,5 67 342 299 595 5 409 474 593 597 5 184 467 560 599 5 451 337 592 443 8 415 373 549 503
test_Numazu_00071.jpg,8 31 353 178 592
test_Adachi_00054.jpg,2 0 183 272 517
test_Sumida_00006.jpg,1 93 458 218 554 8 13 464 182 566
test_Numazu_00132.jpg,5 25 340 422 600
test_Muroran_00246.jpg,1 312 350 425 600
test_Numazu_00401.jpg,1 138 399 238 558 1 263 396 349 481 8 281 368 598 600
test_Numazu_00103.jpg,5 235 374 561 524
test_Sumida_00016.jpg,2 0 183 272 517
test_Muroran_00255.jpg,5 5 323 469 599 5 220 349 600 597
test_Numazu_00078.jpg,6 138 380 357 599
test_Muroran_00343.jpg,2 0 183 272 517
test_Nagakute_00066.jpg,2 276 338 325 597
test_Muroran_00060.jpg,1 129 451 220 577 1 426 447 597 583
test_Numazu_00350.jpg,2 308 324 361 585
test_Chiba_00021.jpg,5 308 467 395 577
test_Nagakute_00197.jpg,2 0 183 272 517
test_Adachi_00268.jpg,1 247 323 366 432
test_Muroran_00245.jpg,2 242 354 316 599
test_Numazu_00220.jpg,6 236 343 513 581
test_Muroran_00117.jpg,2 194 420 285 597 2 0 406 179 559
test_Adachi_00088.jpg,2 189 280 274 484
test_Numazu_00308.jpg,5 47 472 232 600 8 211 409 375 536
test_Muroran_00183.jpg,5 108 294 504 600
test_Sumida_00055.jpg,2 336 431 405 547 8 384 428 539 561
test_Nagakute_00265.jpg,2 353 426 589 600 2 146 321 269 528
test_Sumida_00195.jpg,8 416 446 597 584
test_Nagakute_00135.jpg,1 165 501 340 594 8 14 381 204 600 8 337 371 600 592
test_Sumida_00063.jpg,2 387 416 600 523 2 257 419 355 548
test_Adachi_00099.jpg,8 27 314 201 600
test_Adachi_00257.jpg,7 14 173 504 311
test_Numazu_00088.jpg,5 36 397 541 600 5 297 439 600 594 8 5 362 193 596 8 410 472 587 597
test_Chiba_00068.jpg,2 0 183 272 517
test_Muroran_00070.jpg,2 149 337 268 600
test_Sumida_00224.jpg,7 165 431 600 556
test_Nagakute_00007.jpg,2 47 325 248 600 5 153 330 600 590 5 196 390 355 586
test_Muroran_00286.jpg,5 60 373 507 600
test_Numazu_00090.jpg,2 283 348 412 600
test_Numazu_00251.jpg,8 329 415 449 535
test_Muroran_00012.jpg,5 339 394 592 592
test_Nagakute_00025.jpg,1 54 399 160 546 8 270 347 579 592
test_Muroran_00352.jpg,5 108 364 600 592 5 120 405 424 588
test_Muroran_00278.jpg,8 230 397 306 600
test_Muroran_00116.jpg,6 65 379 600 589
test_Numazu_00113.jpg,1 342 341 579 583 5 337 341 580 576 8 8 300 188 487
test_Muroran_00262.jpg,5 112 324 583 600
test_Muroran_00243.jpg,2 410 391 517 521 5 175 319 538 589 5 53 295 399 591 8 6 271 229 599
test_Sumida_00044.jpg,2 352 411 467 546
test_Sumida_00052.jpg,2 108 404 251 562 2 122 445 221 542
test_Sumida_00095.jpg,2 0 183 272 517
test_Muroran_00422.jpg,1 63 366 171 580
test_Adachi_00120.jpg,2 380 241 563 531
test_Muroran_00342.jpg,2 394 411 588 590 5 0 369 394 595 5 174 418 507 599
test_Nagakute_00004.jpg,1 429 455 577 599 1 268 445 570 595 1 113 442 424 597 5 75 458 266 600
test_Sumida_00035.jpg,2 325 406 410 539 8 474 442 594 515
test_Adachi_00287.jpg,2 429 335 577 518 2 354 215 450 337
test_Adachi_00139.jpg,1 452 423 589 597 8 431 208 600 357
test_Adachi_00070.jpg,2 346 366 512 599
test_Muroran_00022.jpg,5 39 448 286 599 5 35 422 539 594 8 319 384 382 547
test_Nagakute_00134.jpg,1 2 424 252 600 2 240 312 401 584
test_Sumida_00046.jpg,2 318 407 380 543
test_Sumida_00087.jpg,2 376 421 480 562
test_Numazu_00221.jpg,2 270 370 342 596 8 308 331 395 436
test_Nagakute_00096.jpg,1 338 374 471 541 1 194 491 335 594 2 14 283 141 394
test_Sumida_00027.jpg,1 341 421 408 554
test_Adachi_00296.jpg,2 374 316 595 560
test_Ichihara_00014.jpg,1 160 500 265 600 2 414 421 600 581
test_Muroran_00091.jpg,1 11 421 168 600 1 32 412 146 535 2 311 356 485 587 2 298 333 420 486 8 312 354 415 478
test_Adachi_00330.jpg,5 158 220 349 345 5 394 223 592 362 7 102 260 574 600
test_Adachi_00315.jpg,7 50 181 547 270
test_Sumida_00082.jpg,2 283 398 326 508
test_Muroran_00247.jpg,8 78 378 203 598
test_Nagakute_00032.jpg,2 129 355 226 600
test_Sumida_00053.jpg,8 337 422 430 538
test_Adachi_00277.jpg,2 14 346 106 469
test_Sumida_00128.jpg,8 72 392 171 541
test_Muroran_00172.jpg,5 0 401 468 600
test_Nagakute_00248.jpg,1 69 460 190 593 8 234 309 600 593
test_Numazu_00062.jpg,5 278 414 533 590 5 76 399 200 537 8 273 309 580 537 8 1 341 117 446
test_Muroran_00083.jpg,5 231 314 352 507 5 168 330 584 587 5 382 340 596 585
test_Nagakute_00259.jpg,1 315 387 497 595 8 3 322 210 593
test_Numazu_00239.jpg,6 227 424 372 519
test_Muroran_00335.jpg,5 360 411 600 599 5 30 349 223 595
test_Nagakute_00235.jpg,1 209 441 477 589 8 2 334 187 509
test_Numazu_00212.jpg,8 275 404 580 600
test_Numazu_00342.jpg,1 105 367 269 597
test_Nagakute_00176.jpg,2 399 442 508 597 8 0 349 526 599
test_Muroran_00003.jpg,5 132 364 450 595
test_Muroran_00409.jpg,5 0 377 474 593 5 143 364 600 600
test_Nagakute_00246.jpg,2 254 377 340 600
test_Numazu_00206.jpg,2 0 183 272 517
test_Sumida_00212.jpg,2 0 183 272 517
test_Numazu_00053.jpg,1 353 388 492 579 2 353 376 493 574 8 401 352 594 541
test_Sumida_00156.jpg,2 198 449 272 558
test_Muroran_00142.jpg,2 0 183 272 517
test_Nagakute_00130.jpg,1 177 435 247 599
test_Numazu_00389.jpg,5 0 354 600 598
test_Adachi_00185.jpg,1 243 348 409 598
test_Sumida_00007.jpg,5 155 432 336 526 8 5 414 93 555
test_Muroran_00052.jpg,1 77 397 320 584 1 402 374 595 508 3 69 403 343 578 5 61 403 355 594
test_Chiba_00041.jpg,2 0 183 272 517
test_Numazu_00072.jpg,8 321 322 494 460 8 174 269 253 386 8 371 361 527 468
test_Sumida_00076.jpg,2 341 424 412 556
test_Sumida_00186.jpg,8 421 457 594 596
test_Sumida_00088.jpg,2 0 183 272 517
test_Sumida_00080.jpg,8 329 395 426 537
test_Sumida_00019.jpg,7 105 463 600 569
test_Sumida_00131.jpg,8 142 431 258 561
test_Muroran_00206.jpg,5 0 372 359 597
test_Adachi_00238.jpg,2 225 193 286 496
test_Muroran_00263.jpg,1 278 395 469 600 5 0 391 70 596 5 292 394 464 591
test_Muroran_00128.jpg,2 428 382 585 521 8 29 414 191 600
test_Numazu_00272.jpg,5 211 321 359 599 8 300 314 395 439
test_Muroran_00300.jpg,3 326 529 521 586
test_Adachi_00220.jpg,3 228 346 506 410
test_Sumida_00137.jpg,2 0 418 190 542 2 328 425 412 539
test_Muroran_00318.jpg,2 302 370 357 600 5 4 435 225 599
test_Numazu_00343.jpg,7 0 397 539 598
test_Adachi_00198.jpg,2 352 299 588 536
test_Muroran_00252.jpg,2 288 291 379 584
test_Sumida_00145.jpg,8 382 431 547 565
test_Muroran_00224.jpg,5 18 362 226 563 8 323 402 409 592
test_Muroran_00334.jpg,2 278 352 505 545 2 245 327 445 492
test_Numazu_00360.jpg,1 171 303 246 569 8 303 296 594 598 8 0 283 164 476
test_Muroran_00401.jpg,8 316 437 413 594
test_Nagakute_00067.jpg,1 157 396 348 594
test_Nagakute_00019.jpg,2 391 304 590 478
test_Numazu_00197.jpg,2 0 183 272 517
test_Muroran_00113.jpg,5 110 362 323 600 5 406 354 595 558
test_Nagakute_00153.jpg,7 0 427 574 600
test_Sumida_00064.jpg,2 114 402 199 525
test_Muroran_00216.jpg,5 10 361 505 600 5 0 367 207 600
test_Numazu_00208.jpg,1 257 452 332 596 5 185 409 600 600 8 325 423 433 513
test_Sumida_00013.jpg,2 408 443 597 597
test_Nagakute_00183.jpg,8 0 357 125 508 8 170 363 293 448
test_Muroran_00379.jpg,5 138 429 317 598
test_Adachi_00223.jpg,5 355 362 509 409
test_Nagakute_00048.jpg,1 56 426 188 596 2 257 375 417 598 8 270 387 414 600
test_Muroran_00241.jpg,2 179 287 250 431 7 0 422 502 597 8 38 304 200 460
test_Adachi_00059.jpg,2 123 290 288 585
test_Sumida_00144.jpg,2 433 425 596 551
test_Adachi_00160.jpg,2 315 338 398 569
test_Muroran_00154.jpg,5 117 384 453 594
test_Adachi_00138.jpg,2 433 296 596 548
test_Numazu_00400.jpg,2 112 418 198 599 2 270 384 351 597 2 133 393 337 600
test_Muroran_00067.jpg,5 54 396 586 599 5 378 444 586 597 8 107 356 308 600
test_Muroran_00026.jpg,2 325 323 505 600 2 120 347 278 600
test_Adachi_00179.jpg,5 235 342 570 600 5 0 420 523 599 8 299 310 500 582
test_Chiba_00063.jpg,8 462 485 594 575
test_Sumida_00167.jpg,8 411 461 592 600
test_Adachi_00231.jpg,1 160 115 289 505 1 370 168 594 467
test_Adachi_00260.jpg,2 448 352 595 485
test_Sumida_00024.jpg,2 209 394 288 523 8 347 426 445 536
test_Nagakute_00122.jpg,2 234 319 358 524 3 109 377 281 429
test_Adachi_00320.jpg,1 143 263 233 431 2 347 167 470 539 2 309 127 424 426 2 303 121 381 305 8 300 173 383 368
test_Numazu_00159.jpg,1 5 411 176 598
test_Adachi_00074.jpg,1 426 420 567 600
test_Muroran_00405.jpg,2 266 322 428 595 2 374 359 600 554
test_Chiba_00039.jpg,5 142 470 526 570
test_Muroran_00066.jpg,5 0 370 496 596 6 230 417 522 577
test_Muroran_00148.jpg,2 312 388 368 529 8 498 471 597 592 8 86 391 274 600
test_Muroran_00144.jpg,5 65 450 447 600
test_Muroran_00013.jpg,2 0 183 272 517
test_Sumida_00036.jpg,2 27 436 206 566
test_Muroran_00228.jpg,5 199 435 528 596
test_Muroran_00349.jpg,2 134 328 211 599 8 312 378 417 482
test_Muroran_00364.jpg,8 128 392 271 597 8 380 342 591 502
test_Sumida_00202.jpg,2 261 422 314 560
test_Adachi_00302.jpg,2 0 183 272 517
test_Nagakute_00182.jpg,8 292 329 539 591
test_Nagakute_00242.jpg,2 0 377 183 600 2 292 355 427 599
test_Chiba_00082.jpg,8 317 472 583 599
test_Ichihara_00019.jpg,8 7 438 236 595
test_Numazu_00237.jpg,5 58 399 425 599
test_Muroran_00353.jpg,2 0 183 272 517
test_Sumida_00021.jpg,2 0 183 272 517
test_Numazu_00325.jpg,1 78 419 170 588 1 326 460 497 538 8 8 399 151 566
test_Numazu_00262.jpg,1 49 357 183 467 8 293 287 540 587 8 196 424 300 593
test_Numazu_00207.jpg,1 360 360 543 546 7 191 265 461 344 8 371 359 561 557
test_Adachi_00215.jpg,2 361 224 530 583
test_Muroran_00412.jpg,5 23 358 493 600
test_Adachi_00324.jpg,2 396 387 588 537 2 175 379 278 597
test_Numazu_00141.jpg,2 244 353 344 597 8 298 328 515 598
test_Sumida_00122.jpg,7 68 434 520 524
test_Sumida_00116.jpg,2 0 183 272 517
test_Nagakute_00258.jpg,5 353 451 491 563 7 97 368 542 456
test_Adachi_00002.jpg,2 72 187 301 600 2 144 190 294 504
test_Sumida_00200.jpg,5 248 443 347 546
test_Numazu_00198.jpg,1 245 308 389 557 5 118 347 600 582 5 241 322 380 585
test_Numazu_00059.jpg,7 0 377 520 585 7 150 381 600 600
test_Muroran_00258.jpg,1 246 379 383 599 1 12 354 170 600 1 226 342 334 569 5 9 341 177 599 8 359 414 533 597
test_Numazu_00016.jpg,2 306 328 446 531
test_Muroran_00044.jpg,5 41 366 600 600
test_Sumida_00104.jpg,2 249 409 382 531 2 364 404 413 502
test_Nagakute_00261.jpg,1 28 432 145 558 8 5 333 201 530
test_Sumida_00211.jpg,8 348 408 534 556
test_Adachi_00022.jpg,1 288 487 402 599 1 190 352 272 485
test_Adachi_00095.jpg,2 191 347 289 597
test_Muroran_00272.jpg,8 376 407 529 562
test_Adachi_00294.jpg,2 346 238 513 564 2 397 330 541 594 2 359 249 467 452 7 203 189 525 251
test_Adachi_00084.jpg,1 386 477 490 598
test_Muroran_00127.jpg,5 274 460 372 591 8 406 326 592 452
test_Adachi_00019.jpg,8 354 441 475 600 8 234 374 370 457
test_Adachi_00136.jpg,2 288 77 476 250 7 57 248 600 600
test_Sumida_00154.jpg,1 381 425 442 472 8 246 404 344 455
test_Numazu_00188.jpg,1 390 383 535 491
test_Nagakute_00141.jpg,3 142 371 311 432
test_Adachi_00091.jpg,1 136 382 314 598
test_Chiba_00044.jpg,8 320 452 431 590 8 176 461 271 598
test_Muroran_00082.jpg,5 0 314 544 600
test_Muroran_00050.jpg,5 222 363 600 594
test_Nagakute_00105.jpg,2 338 447 498 598 8 383 524 593 599
test_Muroran_00167.jpg,5 5 329 410 597
test_Sumida_00017.jpg,1 184 426 311 527
test_Adachi_00063.jpg,2 474 285 597 438
test_Numazu_00387.jpg,2 0 183 272 517
test_Numazu_00399.jpg,5 366 382 570 541 5 0 299 284 516 6 0 303 296 498
test_Sumida_00103.jpg,7 137 464 600 569
test_Muroran_00057.jpg,5 245 383 525 584 6 266 385 460 536
test_Muroran_00061.jpg,1 429 342 592 515 2 277 387 343 600 2 243 352 347 600
test_Muroran_00077.jpg,2 191 371 241 600 5 63 379 390 600
test_Nagakute_00028.jpg,2 116 452 191 595 5 294 436 439 531
test_Muroran_00331.jpg,7 100 357 590 521
test_Numazu_00040.jpg,8 336 299 598 478 8 23 279 208 600
test_Ichihara_00032.jpg,7 68 479 591 599
test_Muroran_00170.jpg,8 0 382 187 568
test_Muroran_00185.jpg,5 43 382 556 599
test_Nagakute_00110.jpg,2 331 228 592 497 8 10 264 236 573
test_Nagakute_00210.jpg,2 349 428 597 499 8 56 397 285 504
test_Muroran_00250.jpg,2 388 370 509 562 5 92 396 564 597 5 150 408 289 591 8 273 472 335 600
test_Chiba_00037.jpg,7 162 495 600 588
test_Sumida_00221.jpg,8 408 424 594 561
test_Numazu_00152.jpg,1 259 497 349 596
test_Muroran_00182.jpg,1 188 418 275 595
test_Sumida_00089.jpg,7 70 444 600 543
test_Muroran_00288.jpg,5 128 343 502 592
test_Muroran_00150.jpg,5 271 297 487 441 5 231 448 567 598
test_Chiba_00031.jpg,2 70 463 193 595
test_Sumida_00075.jpg,2 217 399 289 545
test_Numazu_00075.jpg,5 24 390 271 595
test_Numazu_00234.jpg,1 237 361 303 569
test_Numazu_00091.jpg,1 187 406 265 591 1 300 439 441 592 8 21 269 214 600 8 374 320 600 485
test_Chiba_00094.jpg,4 103 438 325 483
test_Adachi_00078.jpg,1 373 312 507 468 8 365 249 600 428
test_Sumida_00012.jpg,2 370 441 499 588
test_Muroran_00306.jpg,2 288 334 338 600
test_Sumida_00073.jpg,2 248 401 348 538 2 248 427 287 545
test_Muroran_00171.jpg,5 92 365 597 595
test_Muroran_00105.jpg,8 365 486 517 600
test_Nagakute_00263.jpg,1 289 349 482 550
test_Adachi_00062.jpg,7 65 360 547 495 8 0 422 212 587
test_Adachi_00122.jpg,1 146 258 374 564
test_Sumida_00121.jpg,8 5 439 223 566
test_Muroran_00380.jpg,1 128 458 247 595 8 395 414 593 599
test_Adachi_00016.jpg,1 364 345 478 518
test_Muroran_00187.jpg,5 49 369 435 594
test_Adachi_00221.jpg,1 389 419 482 539 8 399 380 552 550
test_Adachi_00317.jpg,2 0 340 155 494 2 456 358 595 475 8 452 360 594 484
test_Adachi_00207.jpg,1 422 247 577 415
test_Adachi_00218.jpg,1 441 188 559 540 2 448 212 558 531 7 0 221 363 524
test_Adachi_00015.jpg,1 116 103 255 511
test_Adachi_00209.jpg,1 403 277 527 466 1 383 278 583 543 2 4 199 158 514
test_Numazu_00186.jpg,5 244 339 537 513 5 263 338 435 471
test_Numazu_00304.jpg,2 283 258 571 572 8 298 270 594 576
test_Sumida_00222.jpg,2 0 183 272 517
test_Numazu_00153.jpg,6 184 393 396 592 8 408 402 595 599 8 156 393 383 591 8 116 394 278 598
test_Nagakute_00273.jpg,1 67 468 157 597 2 242 223 328 597 5 296 298 571 561 8 27 241 215 558
test_Muroran_00032.jpg,5 69 344 549 596 5 322 376 600 579 8 375 370 600 574 8 390 375 540 484
test_Numazu_00377.jpg,2 74 337 257 587
test_Adachi_00234.jpg,2 0 183 272 517
test_Nagakute_00272.jpg,1 457 426 589 532
test_Chiba_00060.jpg,8 216 464 327 590 8 412 457 599 572
test_Numazu_00182.jpg,1 62 509 156 600 1 292 442 424 592 2 293 414 423 600 5 288 438 430 600
test_Adachi_00293.jpg,2 0 183 272 517
test_Ichihara_00005.jpg,2 471 428 600 568
test_Nagakute_00118.jpg,8 305 334 569 597
test_Sumida_00054.jpg,2 0 183 272 517
test_Numazu_00054.jpg,2 250 377 345 600 8 354 437 566 600
test_Nagakute_00188.jpg,8 288 376 503 596
test_Numazu_00058.jpg,5 93 424 268 597
test_Adachi_00082.jpg,2 95 266 263 443
test_Muroran_00307.jpg,5 104 403 554 600 5 0 472 69 594
test_Adachi_00003.jpg,2 0 320 178 467
test_Muroran_00010.jpg,2 146 377 273 600
test_Numazu_00404.jpg,5 223 350 528 576 6 213 360 502 582
test_Numazu_00227.jpg,5 98 406 597 598 5 319 432 590 589 8 42 361 215 593
test_Nagakute_00011.jpg,5 116 313 534 539 7 68 324 542 565 8 221 317 530 549
test_Muroran_00254.jpg,1 373 382 586 584 1 349 350 536 517 1 101 369 194 471 1 30 383 186 564 8 341 389 436 522
test_Nagakute_00033.jpg,1 73 486 154 599 2 226 361 489 598
test_Muroran_00175.jpg,5 77 394 569 595
test_Sumida_00057.jpg,7 193 434 579 543
test_Numazu_00122.jpg,1 0 388 134 580
test_Sumida_00127.jpg,7 0 480 566 570
test_Sumida_00149.jpg,2 0 183 272 517
test_Numazu_00024.jpg,2 186 382 245 581 3 226 431 475 484 8 373 344 600 561 8 2 333 157 518
test_Nagakute_00005.jpg,5 59 420 292 596 5 0 421 494 597
test_Chiba_00093.jpg,5 300 460 372 592 8 449 470 595 555
test_Muroran_00358.jpg,2 0 183 272 517
test_Sumida_00092.jpg,2 0 183 272 517
test_Adachi_00093.jpg,2 217 297 283 546 8 190 338 600 577 8 153 340 533 469
test_Numazu_00106.jpg,5 78 410 576 581
test_Muroran_00051.jpg,1 7 440 162 596 5 4 373 152 525 5 262 337 544 600
test_Muroran_00209.jpg,5 98 348 600 596
test_Nagakute_00024.jpg,5 0 460 367 598
test_Sumida_00183.jpg,2 0 183 272 517
test_Numazu_00079.jpg,1 216 413 277 579 8 301 412 573 600
test_Adachi_00056.jpg,2 345 238 513 564 2 397 330 539 594 2 359 248 468 462 7 202 191 525 252
test_Numazu_00158.jpg,2 308 274 478 584
test_Nagakute_00269.jpg,5 72 342 354 583
test_Sumida_00177.jpg,8 423 423 593 557
test_Numazu_00050.jpg,7 0 392 521 591
test_Nagakute_00223.jpg,8 81 353 600 588
test_Numazu_00236.jpg,5 0 349 483 600
test_Muroran_00362.jpg,5 189 364 467 600 8 472 464 600 584
test_Muroran_00316.jpg,5 80 352 286 593
test_Numazu_00167.jpg,7 0 376 495 600
test_Nagakute_00207.jpg,2 263 234 493 579 2 311 254 600 513 3 354 401 544 476
test_Numazu_00253.jpg,2 294 301 530 584
test_Chiba_00003.jpg,2 400 448 568 576
test_Muroran_00118.jpg,2 299 364 360 592 5 332 402 600 598
test_Nagakute_00082.jpg,1 400 346 571 508 2 115 335 285 593
test_Adachi_00202.jpg,2 119 383 290 521
test_Muroran_00411.jpg,5 0 364 484 598
test_Adachi_00076.jpg,8 169 281 523 556 8 65 252 333 517
test_Muroran_00369.jpg,7 0 433 543 600
test_Muroran_00400.jpg,2 429 449 575 597 2 347 436 438 600 6 0 433 256 592
test_Adachi_00316.jpg,1 176 399 226 577
test_Ichihara_00016.jpg,2 0 183 272 517
test_Nagakute_00271.jpg,1 413 420 568 597 2 317 458 409 594 8 85 263 222 600
test_Muroran_00166.jpg,1 131 413 281 596 5 73 405 334 590
test_Nagakute_00107.jpg,2 136 377 222 600 8 255 314 591 578
test_Chiba_00032.jpg,1 392 449 579 584 5 393 456 588 584
test_Muroran_00191.jpg,1 0 448 363 591 5 79 455 600 596
test_Adachi_00278.jpg,8 367 309 600 529
test_Numazu_00392.jpg,2 273 323 345 565
test_Numazu_00314.jpg,2 265 393 329 600
test_Numazu_00015.jpg,5 40 298 348 592
test_Adachi_00310.jpg,2 302 57 408 484 2 321 147 441 600
test_Nagakute_00018.jpg,1 6 381 120 495
test_Chiba_00009.jpg,2 15 471 83 593
test_Sumida_00178.jpg,2 0 183 272 517
test_Nagakute_00050.jpg,8 262 399 377 599
test_Numazu_00026.jpg,1 256 312 391 504
test_Muroran_00393.jpg,5 24 400 516 600
test_Numazu_00044.jpg,2 128 287 230 583 8 374 304 597 493
test_Muroran_00291.jpg,1 228 349 294 596 8 85 407 215 600
test_Muroran_00363.jpg,1 167 481 263 599 2 407 381 580 555 8 0 372 224 533 8 396 375 579 557
test_Adachi_00169.jpg,1 196 311 302 567
test_Adachi_00267.jpg,2 389 286 471 531
test_Chiba_00028.jpg,2 0 183 272 517
test_Sumida_00214.jpg,8 69 467 195 566
test_Adachi_00044.jpg,2 3 154 149 278 2 88 153 223 434 2 51 185 202 539
test_Muroran_00203.jpg,5 132 359 600 572 5 203 353 519 517
test_Numazu_00305.jpg,1 19 463 200 598 1 0 424 308 583 8 0 421 378 530
test_Muroran_00168.jpg,5 233 364 600 595
test_Numazu_00140.jpg,8 146 517 600 596
test_Numazu_00008.jpg,2 0 183 272 517
test_Chiba_00062.jpg,8 285 461 453 600
test_Nagakute_00165.jpg,2 6 378 185 591 4 16 368 585 459 4 168 481 600 581
test_Sumida_00155.jpg,2 0 183 272 517
test_Muroran_00129.jpg,2 111 432 206 600 2 354 350 573 599 2 118 356 249 600
test_Sumida_00129.jpg,2 186 445 305 563 2 429 468 560 582
test_Chiba_00024.jpg,2 0 183 272 517
test_Sumida_00189.jpg,1 294 421 372 534
test_Muroran_00114.jpg,2 377 493 479 597 5 168 393 311 550
test_Sumida_00163.jpg,2 0 183 272 517
test_Numazu_00156.jpg,2 300 304 457 470 2 278 284 480 569 3 245 391 424 448 8 361 330 594 542
test_Numazu_00334.jpg,1 221 466 297 582
test_Muroran_00139.jpg,2 0 183 272 517
test_Sumida_00113.jpg,2 0 183 272 517
test_Ichihara_00018.jpg,1 329 436 485 592 8 429 407 600 557
test_Adachi_00011.jpg,2 214 313 476 579 8 3 254 94 425
test_Sumida_00011.jpg,5 251 449 410 559 8 383 426 513 580
test_Nagakute_00129.jpg,2 238 337 459 600 5 276 404 552 596
test_Adachi_00170.jpg,1 419 349 596 526 5 150 391 571 600
test_Adachi_00239.jpg,1 484 382 595 541
test_Numazu_00300.jpg,2 279 409 365 521
test_Sumida_00107.jpg,2 0 183 272 517
test_Numazu_00166.jpg,1 65 404 189 591 8 5 295 182 551 8 0 394 93 547
test_Numazu_00319.jpg,2 0 183 272 517
test_Muroran_00146.jpg,5 269 454 600 600
test_Nagakute_00169.jpg,2 230 315 368 579 2 238 310 329 483 3 38 450 313 504
test_Nagakute_00264.jpg,5 71 318 434 588
test_Sumida_00174.jpg,8 407 386 600 560
test_Numazu_00135.jpg,1 172 353 257 587 1 281 339 432 472 1 45 344 487 596 2 2 332 143 494
test_Numazu_00345.jpg,2 0 183 272 517
test_Muroran_00327.jpg,2 271 315 332 600 8 460 490 577 599
test_Nagakute_00189.jpg,1 277 431 378 541 8 333 390 589 600
test_Chiba_00071.jpg,8 301 432 454 590
test_Muroran_00096.jpg,5 275 456 374 588 8 407 326 592 451
test_Sumida_00153.jpg,8 342 409 424 554
test_Nagakute_00088.jpg,1 8 357 250 570 8 316 347 533 600
test_Numazu_00002.jpg,6 11 448 217 595
test_Numazu_00124.jpg,1 127 421 227 594 2 285 301 490 588 8 425 363 597 504
test_Muroran_00027.jpg,5 205 487 314 600
test_Nagakute_00205.jpg,2 300 386 435 600
test_Numazu_00341.jpg,2 164 284 425 584 2 244 389 457 589 8 368 380 536 521
test_Adachi_00175.jpg,2 352 282 445 582
test_Muroran_00157.jpg,2 202 310 283 569
test_Adachi_00057.jpg,2 0 183 272 517
test_Adachi_00306.jpg,2 256 275 420 578
test_Muroran_00087.jpg,5 199 396 493 597
test_Adachi_00119.jpg,7 88 325 600 562
test_Muroran_00225.jpg,1 216 394 355 590 6 449 380 597 507 8 18 372 282 574
test_Adachi_00144.jpg,7 0 310 445 398 8 306 376 559 579
test_Muroran_00237.jpg,1 180 372 314 584 1 448 378 598 546 1 390 406 548 587 8 372 415 531 584
test_Adachi_00254.jpg,2 317 141 460 542 8 11 154 176 363
test_Nagakute_00060.jpg,8 41 469 512 563
test_Adachi_00325.jpg,2 10 327 197 473
test_Numazu_00121.jpg,2 0 183 272 517
test_Sumida_00179.jpg,2 355 423 472 535
test_Muroran_00094.jpg,2 311 491 354 600
test_Adachi_00300.jpg,1 256 498 354 598
test_Muroran_00043.jpg,1 34 321 474 586 5 17 320 511 597
test_Adachi_00188.jpg,1 332 330 382 578
test_Nagakute_00131.jpg,1 46 347 210 491 1 285 359 386 514 8 0 344 185 512
test_Chiba_00087.jpg,1 351 503 444 583 2 486 473 597 570 8 193 472 337 559
test_Adachi_00042.jpg,8 390 218 596 547
test_Nagakute_00270.jpg,1 52 344 213 512 1 245 361 328 515 8 0 294 218 469 8 284 310 569 538
test_Muroran_00320.jpg,5 251 370 584 599
test_Adachi_00210.jpg,8 90 364 410 589
test_Muroran_00124.jpg,1 238 393 302 559 3 25 484 318 537 5 323 349 488 593 5 4 367 519 581 8 365 397 456 593
test_Nagakute_00179.jpg,7 314 396 598 600
test_Numazu_00270.jpg,7 314 416 600 543
test_Chiba_00091.jpg,2 0 183 272 517
test_Muroran_00165.jpg,1 113 448 222 576 5 302 318 600 587 8 410 397 567 568
test_Numazu_00074.jpg,2 271 275 471 580 8 271 285 462 557
test_Ichihara_00039.jpg,7 177 448 600 596
test_Adachi_00229.jpg,1 425 461 573 596 2 433 456 573 596
test_Sumida_00187.jpg,2 335 394 510 548
test_Nagakute_00006.jpg,5 0 404 303 600
test_Adachi_00118.jpg,3 57 440 497 557
test_Sumida_00039.jpg,7 0 434 483 531
test_Adachi_00272.jpg,2 357 210 533 546 8 5 182 259 586 8 377 215 567 349 8 264 173 345 213
test_Adachi_00235.jpg,7 27 156 577 285
test_Sumida_00065.jpg,8 362 417 565 563
test_Numazu_00287.jpg,1 4 441 147 590
test_Sumida_00219.jpg,2 234 389 309 529 2 339 391 433 535 8 365 394 600 570
test_Sumida_00132.jpg,2 391 442 504 557
test_Nagakute_00119.jpg,5 295 389 459 568
test_Adachi_00280.jpg,2 0 183 272 517
test_Nagakute_00231.jpg,1 179 347 277 468 2 300 306 348 474 8 137 313 271 466
test_Muroran_00280.jpg,2 271 356 328 537 5 202 409 600 600 8 421 507 537 600
test_Sumida_00220.jpg,2 209 395 288 541
test_Numazu_00329.jpg,1 257 327 359 448 8 38 257 227 581 8 387 326 599 497
test_Muroran_00215.jpg,5 218 435 579 598
test_Adachi_00186.jpg,2 32 231 197 502 2 160 234 226 511 2 111 218 230 569 3 123 234 583 336
test_Numazu_00245.jpg,6 171 284 325 593
test_Chiba_00059.jpg,8 486 496 600 570
test_Nagakute_00069.jpg,8 239 309 551 598
test_Numazu_00362.jpg,2 231 352 313 573 5 445 445 597 590
test_Sumida_00066.jpg,5 155 429 293 560
test_Sumida_00157.jpg,2 228 416 392 544 8 140 415 268 547 8 333 425 453 547
test_Numazu_00162.jpg,1 290 338 423 503 8 0 300 191 593 8 417 342 598 485
test_Muroran_00325.jpg,1 235 382 289 591 1 55 369 186 552 2 56 364 182 553
test_Sumida_00218.jpg,2 242 392 301 530
test_Muroran_00274.jpg,2 0 183 272 517
test_Numazu_00085.jpg,5 96 368 525 592 5 257 370 460 600
test_Nagakute_00195.jpg,8 106 401 600 590
test_Sumida_00172.jpg,7 109 451 577 551
test_Nagakute_00253.jpg,8 345 479 503 600
test_Numazu_00145.jpg,2 316 340 488 585 8 335 318 517 409 8 518 434 597 590
test_Ichihara_00036.jpg,7 75 428 600 598
test_Ichihara_00015.jpg,1 59 436 371 586
test_Numazu_00367.jpg,5 106 428 223 575 5 289 452 460 579
test_Numazu_00031.jpg,1 322 333 529 562 5 315 334 518 560 8 4 235 223 578
test_Numazu_00402.jpg,2 0 183 272 517
test_Nagakute_00211.jpg,2 379 452 596 600 8 0 401 577 597
test_Adachi_00023.jpg,2 85 294 237 558 8 279 238 486 296
test_Muroran_00081.jpg,2 391 397 555 578
test_Nagakute_00098.jpg,8 296 319 598 573
test_Adachi_00047.jpg,1 136 290 243 509
test_Numazu_00019.jpg,5 273 399 528 596 5 123 466 476 598 8 281 405 507 598 8 1 442 123 566
test_Adachi_00097.jpg,1 7 317 170 543 1 0 320 115 467
test_Nagakute_00200.jpg,2 303 392 571 598
test_Numazu_00012.jpg,1 23 286 191 452 5 442 361 593 513 8 9 284 192 469
test_Adachi_00071.jpg,2 329 297 406 427
test_Numazu_00200.jpg,5 214 344 517 600
test_Sumida_00090.jpg,8 257 429 342 576
test_Numazu_00322.jpg,2 359 351 593 581
test_Muroran_00097.jpg,8 344 359 510 559 8 399 427 558 599
test_Muroran_00372.jpg,1 384 381 590 598
test_Adachi_00037.jpg,2 412 208 568 388
test_Muroran_00301.jpg,2 0 183 272 517
test_Muroran_00355.jpg,2 193 344 317 598 5 344 323 566 600 5 174 311 526 599 5 181 342 324 530
test_Sumida_00158.jpg,2 136 396 253 528
test_Numazu_00043.jpg,2 301 458 384 596 8 363 440 588 600
test_Nagakute_00037.jpg,7 7 375 578 567
test_Numazu_00213.jpg,1 115 370 551 572 3 118 399 513 557 8 3 267 278 473 8 470 303 594 543
test_Numazu_00195.jpg,5 0 405 320 596
test_Sumida_00032.jpg,7 147 503 600 593
test_Muroran_00267.jpg,5 55 330 556 586 5 301 316 598 600
test_Numazu_00289.jpg,5 190 419 600 596
test_Numazu_00199.jpg,8 344 314 595 551
test_Nagakute_00051.jpg,1 95 398 225 599 8 281 331 580 600 8 8 316 179 526
test_Nagakute_00106.jpg,7 111 373 381 427
test_Numazu_00283.jpg,2 116 423 202 577 5 125 419 260 581 5 85 306 600 580 8 70 266 191 372
test_Numazu_00109.jpg,1 119 305 381 587 1 149 334 327 512 1 223 401 358 575
test_Muroran_00064.jpg,5 103 373 600 593 5 0 447 372 587 5 0 421 549 539
test_Muroran_00330.jpg,5 177 327 351 414
test_Nagakute_00063.jpg,2 1 319 184 499 2 227 296 303 600 5 164 410 288 600
test_Adachi_00304.jpg,2 0 183 272 517
test_Muroran_00049.jpg,5 33 347 301 598
test_Numazu_00150.jpg,5 105 357 600 540 5 363 365 600 519
test_Nagakute_00251.jpg,8 347 310 593 556
test_Adachi_00156.jpg,7 0 232 526 442 8 427 325 593 470
test_Ichihara_00010.jpg,8 285 416 335 596
test_Numazu_00242.jpg,5 288 376 588 585 8 96 272 257 600
test_Adachi_00038.jpg,2 382 389 592 556
test_Muroran_00259.jpg,2 0 183 272 517
test_Numazu_00068.jpg,1 401 442 571 595 5 139 401 366 592
test_Muroran_00266.jpg,5 75 363 592 600 5 84 338 333 599
test_Adachi_00171.jpg,2 333 299 592 544 8 437 396 599 559
test_Chiba_00077.jpg,2 390 472 559 597 3 70 482 474 577
test_Muroran_00220.jpg,5 204 385 600 598 6 369 445 533 587
test_Numazu_00264.jpg,1 58 381 212 567 2 330 374 464 572 5 51 377 210 576 8 200 326 352 483
test_Sumida_00139.jpg,2 181 437 256 533
test_Sumida_00083.jpg,2 393 415 578 530 2 59 441 215 556 8 67 439 216 554
test_Adachi_00184.jpg,1 189 194 268 439 8 19 191 160 387
test_Nagakute_00237.jpg,1 204 405 285 532 1 73 388 189 581
test_Adachi_00028.jpg,2 320 183 546 600 2 297 143 457 475
test_Numazu_00005.jpg,5 144 482 352 594 5 100 480 558 596
test_Adachi_00212.jpg,1 77 380 241 533
test_Ichihara_00040.jpg,1 191 441 305 596 8 484 447 600 545
test_Sumida_00112.jpg,7 103 452 600 561
test_Nagakute_00056.jpg,2 13 243 252 544
test_Numazu_00142.jpg,5 425 370 591 545 8 4 277 200 518
test_Nagakute_00143.jpg,5 242 282 558 600 8 275 261 592 577 8 6 293 163 500
test_Ichihara_00008.jpg,1 185 446 307 600 8 467 449 597 561
test_Numazu_00351.jpg,2 286 498 406 593
test_Adachi_00108.jpg,2 18 77 182 338
test_Numazu_00111.jpg,8 7 414 181 577 8 287 321 373 600
test_Chiba_00042.jpg,1 313 444 402 540 2 82 444 192 529
test_Nagakute_00148.jpg,1 407 414 575 587
test_Numazu_00382.jpg,7 134 326 557 450
test_Muroran_00072.jpg,1 0 374 178 576 5 83 336 530 584 5 0 377 175 570
test_Numazu_00179.jpg,2 318 293 599 578 2 223 280 365 576 6 202 487 354 589
test_Muroran_00428.jpg,5 96 327 573 595
test_Numazu_00037.jpg,2 34 408 116 600 5 6 422 138 599
test_Muroran_00230.jpg,2 0 183 272 517
test_Chiba_00005.jpg,8 432 462 597 568
test_Muroran_00177.jpg,5 120 349 576 598 5 284 365 556 541 6 340 392 521 487 8 353 387 501 537
test_Sumida_00130.jpg,2 351 406 426 546
test_Nagakute_00222.jpg,2 297 387 596 530
test_Chiba_00047.jpg,2 473 469 589 552
test_Adachi_00101.jpg,7 0 397 520 591
test_Muroran_00173.jpg,2 0 183 272 517
test_Muroran_00042.jpg,2 405 369 591 599
test_Numazu_00276.jpg,7 113 383 600 565
test_Sumida_00097.jpg,7 4 420 451 550
test_Ichihara_00007.jpg,1 116 417 292 595 8 409 400 595 575 8 32 403 279 594
test_Numazu_00295.jpg,2 319 397 406 578 8 291 299 467 549 8 336 356 525 558 8 2 302 159 444
test_Numazu_00209.jpg,2 327 421 436 599 3 39 405 345 463
test_Nagakute_00145.jpg,8 48 404 177 598
test_Adachi_00125.jpg,7 127 337 551 427 8 413 433 581 598 8 0 380 159 579
test_Numazu_00252.jpg,1 9 471 170 583 1 244 463 394 555 5 6 473 165 586
test_Muroran_00065.jpg,5 187 361 597 600
test_Adachi_00100.jpg,7 0 414 449 600 7 68 450 566 600
test_Sumida_00148.jpg,2 0 183 272 517
test_Muroran_00218.jpg,2 38 358 162 524 2 201 316 256 566 8 391 345 593 522 8 8 332 143 480
test_Nagakute_00249.jpg,2 179 330 250 581
test_Chiba_00072.jpg,2 180 505 315 591
test_Numazu_00104.jpg,5 6 330 482 589 5 269 387 545 577 5 48 303 270 566 8 411 280 600 393
test_Numazu_00298.jpg,1 68 440 286 595 8 3 298 218 485 8 360 357 548 600
test_Sumida_00207.jpg,2 0 183 272 517
test_Sumida_00191.jpg,2 0 183 272 517
test_Adachi_00281.jpg,2 0 314 189 593 8 440 309 597 452
test_Ichihara_00027.jpg,1 155 386 290 579 8 1 399 241 592 8 392 378 599 528
test_Numazu_00066.jpg,2 297 303 469 542 2 280 270 430 464 5 303 322 511 575
test_Sumida_00215.jpg,8 402 451 596 593
test_Sumida_00114.jpg,8 426 469 593 598
test_Numazu_00073.jpg,7 0 428 457 600
test_Nagakute_00151.jpg,5 2 344 125 591 8 283 350 591 595
test_Numazu_00129.jpg,5 331 424 523 578 6 243 282 423 383
test_Numazu_00102.jpg,5 182 349 572 600 5 148 353 376 597 6 177 342 489 593
test_Muroran_00169.jpg,1 443 491 535 599 5 0 379 308 521
test_Numazu_00035.jpg,2 249 325 326 588 8 54 324 197 600
test_Chiba_00040.jpg,2 304 469 380 596 8 302 468 378 596
test_Adachi_00147.jpg,2 313 321 391 600
test_Muroran_00395.jpg,8 384 370 499 455 8 121 339 224 463
test_Nagakute_00215.jpg,1 51 382 149 569 1 307 403 487 545 8 0 328 113 506
test_Chiba_00012.jpg,2 0 183 272 517
test_Muroran_00192.jpg,1 267 355 339 576 8 361 366 586 590 8 6 370 178 574
test_Numazu_00279.jpg,2 291 415 369 599 2 69 425 192 593 8 338 423 487 596 8 4 441 168 588
test_Numazu_00018.jpg,7 0 379 539 600
test_Muroran_00019.jpg,5 62 373 581 596 5 215 389 447 600 5 452 372 595 547
test_Muroran_00317.jpg,1 124 381 298 600
test_Adachi_00148.jpg,1 448 452 596 594
test_Muroran_00396.jpg,5 94 344 568 600
test_Ichihara_00006.jpg,5 0 390 434 598
test_Adachi_00232.jpg,8 392 444 526 600
test_Muroran_00403.jpg,5 162 364 498 600
test_Sumida_00049.jpg,2 333 422 401 543 8 377 424 533 554
test_Muroran_00123.jpg,2 103 378 231 469
test_Adachi_00279.jpg,1 338 307 539 592 1 315 308 428 441 2 5 302 202 486
test_Nagakute_00232.jpg,5 86 402 555 600
test_Adachi_00189.jpg,2 482 367 597 528 2 123 184 272 547 2 0 234 130 366
test_Chiba_00083.jpg,8 476 495 593 583 8 210 472 324 587
test_Muroran_00202.jpg,5 236 362 504 491
test_Numazu_00098.jpg,6 147 415 377 600
test_Adachi_00055.jpg,2 0 238 296 539 7 6 206 335 496 8 0 202 319 529
test_Muroran_00264.jpg,2 103 353 226 599
test_Numazu_00371.jpg,5 57 345 517 585 5 1 387 276 595
test_Chiba_00066.jpg,2 0 183 272 517
test_Numazu_00320.jpg,2 364 374 584 585 2 72 350 191 598 8 0 316 147 469
test_Muroran_00145.jpg,2 0 183 272 517
test_Muroran_00152.jpg,5 60 405 503 600
test_Chiba_00014.jpg,8 8 523 188 596
test_Sumida_00223.jpg,2 316 393 383 537 8 342 396 515 549
test_Numazu_00001.jpg,5 42 456 222 595
test_Numazu_00022.jpg,5 439 331 598 588
test_Muroran_00265.jpg,5 202 350 432 587 8 442 358 553 455
test_Numazu_00358.jpg,1 218 427 287 589 8 274 391 507 593
test_Numazu_00025.jpg,2 311 291 470 532 5 245 321 531 573
test_Muroran_00308.jpg,2 0 183 272 517
test_Ichihara_00011.jpg,3 250 537 421 598
test_Numazu_00247.jpg,5 22 485 481 600
test_Adachi_00048.jpg,7 121 156 525 263 8 484 250 600 379
test_Adachi_00233.jpg,1 312 168 419 347 8 1 180 152 439
test_Nagakute_00193.jpg,1 117 370 277 597 2 317 310 518 572 5 154 374 271 526 8 8 328 254 600 8 107 372 268 571
test_Sumida_00099.jpg,2 146 428 271 543
test_Adachi_00194.jpg,2 410 363 592 568
test_Chiba_00043.jpg,1 438 476 589 577 8 421 463 600 565 8 234 477 328 590
test_Muroran_00392.jpg,5 92 374 600 600
test_Nagakute_00166.jpg,2 203 359 262 600
test_Nagakute_00101.jpg,3 132 459 551 574 5 222 300 600 581 8 209 231 260 552
test_Nagakute_00077.jpg,2 333 326 449 592 2 331 317 412 505 8 46 355 262 600
test_Sumida_00119.jpg,7 0 439 540 557
test_Numazu_00089.jpg,5 235 382 496 583
test_Nagakute_00177.jpg,5 68 341 503 597
test_Muroran_00188.jpg,2 0 183 272 517
test_Numazu_00130.jpg,5 0 409 258 570 5 91 403 417 599
test_Muroran_00034.jpg,2 390 350 595 591 5 47 358 588 600 5 344 337 598 589
test_Chiba_00054.jpg,8 73 441 201 597 8 298 455 513 593
test_Adachi_00193.jpg,2 392 367 536 589
test_Ichihara_00012.jpg,5 295 443 592 593
test_Muroran_00161.jpg,5 335 384 600 595
test_Muroran_00281.jpg,5 267 325 595 595 8 426 360 544 436 8 223 303 275 577
test_Muroran_00106.jpg,2 0 402 131 569 5 254 374 505 503
test_Numazu_00194.jpg,1 107 386 245 588 2 316 336 502 543 8 332 343 474 495 8 1 321 146 487
test_Muroran_00337.jpg,1 190 439 508 583
test_Muroran_00196.jpg,5 24 357 562 600
test_Sumida_00162.jpg,2 134 410 269 550
test_Numazu_00330.jpg,5 18 352 198 595 5 0 330 424 593 5 208 343 448 585
test_Nagakute_00002.jpg,2 267 376 401 593
test_Muroran_00285.jpg,2 323 338 518 600 5 92 358 525 594
test_Sumida_00084.jpg,8 425 445 574 525
test_Nagakute_00094.jpg,7 0 467 472 596 7 147 474 600 594
test_Numazu_00318.jpg,2 309 389 520 598 2 215 367 266 600 8 84 366 232 597
test_Chiba_00085.jpg,2 0 183 272 517
test_Sumida_00133.jpg,2 190 378 290 501
test_Adachi_00146.jpg,2 351 367 448 549 8 401 427 539 592
test_Numazu_00291.jpg,5 61 435 302 597 6 72 432 321 597
test_Muroran_00208.jpg,3 128 390 287 452 8 272 322 591 573
test_Nagakute_00042.jpg,1 266 413 406 600 8 356 375 593 532
test_Nagakute_00045.jpg,5 192 327 600 598
test_Nagakute_00103.jpg,5 147 466 347 600 8 249 374 381 600
test_Muroran_00121.jpg,5 8 402 508 600 5 149 463 590 596
test_Adachi_00043.jpg,2 391 202 593 488 2 232 182 310 430 8 428 253 597 531
test_Numazu_00205.jpg,2 0 183 272 517
test_Sumida_00146.jpg,2 213 413 278 542 8 100 430 233 552 8 401 438 588 564
test_Muroran_00017.jpg,5 125 357 600 577 5 380 374 595 595
test_Muroran_00231.jpg,1 13 414 183 596 5 194 290 564 570 5 230 506 425 596 5 236 280 501 468
test_Muroran_00427.jpg,2 0 183 272 517
test_Muroran_00324.jpg,5 328 500 501 595
test_Sumida_00109.jpg,7 460 466 583 561
test_Numazu_00266.jpg,1 226 466 288 598
test_Muroran_00048.jpg,5 0 424 572 599 5 6 429 142 591 5 290 445 580 600
test_Muroran_00134.jpg,1 184 419 268 599 2 185 416 272 597 8 0 379 176 579 8 359 360 533 598
test_Adachi_00116.jpg,2 210 240 283 506
test_Sumida_00069.jpg,8 438 461 600 598
test_Muroran_00076.jpg,1 246 431 370 599
test_Adachi_00230.jpg,7 0 268 509 580 7 0 206 537 446
test_Adachi_00205.jpg,2 235 234 299 566
test_Nagakute_00230.jpg,2 282 315 410 600 5 106 419 258 575
test_Numazu_00112.jpg,5 315 459 493 599
test_Nagakute_00053.jpg,2 189 337 238 588
test_Numazu_00100.jpg,2 328 482 456 598 5 277 449 437 595
test_Adachi_00041.jpg,2 373 260 540 552 2 77 407 170 575 2 141 242 243 430 2 120 190 262 510
test_Adachi_00143.jpg,1 349 328 496 534
test_Numazu_00084.jpg,5 2 436 383 595
test_Muroran_00314.jpg,5 19 385 583 600 5 318 396 600 598 8 347 398 433 509
test_Muroran_00302.jpg,8 80 517 231 598
test_Chiba_00073.jpg,1 307 475 391 584 5 311 478 392 582
test_Muroran_00002.jpg,5 0 422 445 600
test_Muroran_00311.jpg,2 0 183 272 517
test_Muroran_00004.jpg,2 279 388 339 597 5 28 394 228 593
test_Muroran_00276.jpg,5 103 398 490 597 5 231 422 600 588
test_Nagakute_00137.jpg,1 181 430 272 592
test_Muroran_00054.jpg,5 266 280 439 411
test_Sumida_00185.jpg,8 220 393 296 528
test_Muroran_00181.jpg,2 361 405 474 534
test_Adachi_00007.jpg,5 0 225 393 546
test_Nagakute_00219.jpg,1 93 491 173 600 8 230 328 592 580
test_Adachi_00027.jpg,2 0 183 272 517
test_Sumida_00126.jpg,2 0 183 272 517
test_Chiba_00067.jpg,2 3 452 101 547 2 374 421 457 557
test_Nagakute_00035.jpg,1 332 439 436 560
test_Nagakute_00079.jpg,1 33 383 174 595
test_Adachi_00214.jpg,1 28 411 145 552 2 380 351 595 599 8 360 335 584 588
test_Muroran_00360.jpg,5 119 375 593 599
test_Adachi_00065.jpg,2 386 331 466 428 8 460 417 600 595
test_Sumida_00010.jpg,2 0 183 272 517
test_Muroran_00390.jpg,2 366 371 494 597
test_Adachi_00126.jpg,2 437 255 596 483
test_Adachi_00050.jpg,2 385 374 589 599
test_Adachi_00152.jpg,2 205 356 264 547
test_Nagakute_00234.jpg,2 247 320 300 596
test_Numazu_00219.jpg,5 33 368 600 587
test_Muroran_00368.jpg,5 49 400 556 600 8 514 440 598 545
test_Nagakute_00156.jpg,5 58 418 249 589 8 5 366 208 568
test_Sumida_00014.jpg,7 54 449 570 554
test_Adachi_00009.jpg,2 364 337 561 600 8 366 343 549 600
test_Muroran_00233.jpg,2 163 343 224 596
test_Nagakute_00245.jpg,2 165 323 237 590 8 224 317 566 590 8 2 296 136 468
test_Adachi_00133.jpg,2 416 269 591 519 2 328 264 381 568
test_Muroran_00239.jpg,5 21 414 551 599
test_Adachi_00192.jpg,2 233 113 339 505 8 468 351 600 534
test_Numazu_00038.jpg,5 245 442 579 595
test_Adachi_00297.jpg,2 0 120 169 459
test_Muroran_00253.jpg,5 101 381 583 598
test_Sumida_00175.jpg,4 332 436 574 485
test_Numazu_00257.jpg,5 78 297 421 408
test_Muroran_00140.jpg,5 128 327 562 598
test_Numazu_00004.jpg,1 187 440 259 565 3 167 509 600 595
test_Muroran_00001.jpg,8 54 403 224 598
test_Numazu_00307.jpg,1 209 384 386 589 8 0 266 196 556
test_Numazu_00327.jpg,2 99 421 184 553 7 270 431 600 566
test_Adachi_00012.jpg,2 396 390 576 595
test_Numazu_00127.jpg,2 121 405 188 599 5 144 464 443 600
test_Numazu_00394.jpg,5 93 377 549 589
test_Adachi_00301.jpg,2 400 312 547 584 2 336 171 424 349
test_Chiba_00017.jpg,8 95 499 273 595
test_Sumida_00160.jpg,2 394 430 545 580
test_Sumida_00008.jpg,2 0 183 272 517
test_Muroran_00236.jpg,5 82 356 414 599
test_Muroran_00329.jpg,2 0 183 272 517
test_Muroran_00200.jpg,2 56 374 224 599 5 164 363 573 596 8 226 398 274 597
test_Muroran_00242.jpg,5 162 429 600 597 5 394 435 600 598
test_Ichihara_00033.jpg,1 191 470 305 595 8 6 483 174 597 8 442 417 598 579
test_Sumida_00025.jpg,2 328 397 419 520
test_Muroran_00184.jpg,2 0 183 272 517
test_Sumida_00026.jpg,2 0 183 272 517
test_Adachi_00159.jpg,8 224 313 277 577
test_Muroran_00102.jpg,1 465 416 592 578 8 0 368 246 590 8 65 338 266 521 8 438 453 584 592
test_Muroran_00268.jpg,1 385 364 502 488
test_Nagakute_00138.jpg,8 350 310 578 594
test_Numazu_00316.jpg,3 324 418 573 476 3 101 390 533 473 5 6 295 213 508
test_Nagakute_00064.jpg,1 304 501 405 598 8 289 389 544 600
test_Ichihara_00044.jpg,2 0 183 272 517
test_Muroran_00347.jpg,5 326 391 600 596
test_Muroran_00338.jpg,5 97 345 371 595
test_Sumida_00204.jpg,8 448 434 600 557
test_Numazu_00269.jpg,5 61 301 519 572
test_Numazu_00143.jpg,1 307 363 478 583 8 1 316 170 506
test_Muroran_00339.jpg,1 138 462 309 600 5 117 372 597 597
test_Adachi_00006.jpg,2 37 357 129 523
test_Muroran_00377.jpg,5 151 373 599 598
test_Nagakute_00095.jpg,5 21 410 245 598 8 463 428 597 573
test_Sumida_00171.jpg,2 0 183 272 517
test_Chiba_00056.jpg,2 0 183 272 517
test_Muroran_00210.jpg,5 102 376 503 600
test_Muroran_00046.jpg,5 82 399 510 599
test_Sumida_00188.jpg,2 104 407 222 539
test_Muroran_00040.jpg,5 4 392 146 593 5 159 376 311 592 5 0 375 277 600
test_Numazu_00191.jpg,5 286 378 439 585
test_Chiba_00030.jpg,2 453 478 595 576 8 226 483 334 590
test_Nagakute_00136.jpg,5 132 338 295 600
test_Nagakute_00046.jpg,2 234 314 316 590 8 291 329 600 550
test_Sumida_00050.jpg,2 338 409 405 544
test_Nagakute_00268.jpg,3 352 403 600 464 5 89 282 352 600 8 87 241 236 588
test_Chiba_00022.jpg,1 477 488 589 572
test_Muroran_00394.jpg,5 109 371 600 600 5 48 423 437 600
test_Numazu_00331.jpg,2 0 183 272 517
test_Adachi_00049.jpg,3 155 278 373 400 5 176 281 368 396
test_Ichihara_00050.jpg,7 90 421 600 554
test_Numazu_00046.jpg,2 255 294 374 591
test_Muroran_00164.jpg,5 21 351 252 562
test_Chiba_00081.jpg,2 304 492 422 596 7 0 496 505 597
test_Ichihara_00009.jpg,1 250 426 350 600 1 23 442 250 592 2 24 433 262 583 5 217 426 600 590 8 403 385 597 523
test_Chiba_00013.jpg,2 0 183 272 517
test_Numazu_00369.jpg,2 243 312 321 572 5 17 336 526 584 5 262 326 502 576 8 380 365 557 553
test_Numazu_00014.jpg,6 51 395 473 590
test_Adachi_00137.jpg,1 421 291 599 446
test_Muroran_00018.jpg,1 251 434 357 591 5 244 421 368 588
test_Nagakute_00203.jpg,5 3 418 175 598 8 284 325 568 583
test_Numazu_00363.jpg,1 122 312 183 452 2 192 274 261 526 3 226 438 445 504
test_Adachi_00222.jpg,1 462 287 595 471 5 184 442 469 584
test_Muroran_00359.jpg,5 231 347 560 535 5 365 365 599 575 5 176 334 420 510 8 479 397 599 529
test_Sumida_00077.jpg,2 0 183 272 517
test_Adachi_00311.jpg,2 388 347 465 536
test_Adachi_00255.jpg,2 351 378 423 600 8 139 373 292 516
test_Numazu_00041.jpg,2 0 286 196 530 2 304 357 393 582
test_Muroran_00249.jpg,5 6 338 279 503
test_Sumida_00070.jpg,7 75 435 556 522
test_Numazu_00133.jpg,2 352 468 432 591
test_Adachi_00158.jpg,5 148 369 585 600 5 352 375 600 576 5 142 430 415 597
test_Adachi_00114.jpg,3 265 441 437 526
test_Adachi_00284.jpg,2 252 386 358 600
test_Muroran_00361.jpg,5 34 375 342 600 8 218 359 514 520
test_Muroran_00199.jpg,8 398 379 573 597
test_Adachi_00174.jpg,2 0 183 272 517
test_Adachi_00173.jpg,2 348 351 554 600
test_Numazu_00139.jpg,1 29 401 215 571 2 42 412 209 575
test_Adachi_00187.jpg,1 111 348 240 511 2 427 273 581 534
test_Sumida_00003.jpg,1 175 410 310 525
test_Muroran_00101.jpg,5 20 326 461 593
test_Muroran_00323.jpg,5 36 365 561 600
test_Chiba_00015.jpg,7 0 510 479 598
test_Muroran_00367.jpg,5 361 311 600 592
test_Nagakute_00052.jpg,2 31 352 183 596
test_Muroran_00351.jpg,2 121 375 209 536
test_Adachi_00282.jpg,1 353 219 498 467 1 154 207 277 354 1 29 266 222 506 1 69 215 280 465
test_Adachi_00045.jpg,2 353 222 508 549 8 184 282 393 540
test_Ichihara_00020.jpg,7 70 428 600 591
test_Muroran_00038.jpg,5 9 385 538 600 8 402 481 500 593
test_Numazu_00177.jpg,1 126 410 219 577 6 117 453 532 594
test_Nagakute_00218.jpg,2 174 286 308 591
test_Adachi_00111.jpg,1 304 239 491 494 2 296 237 484 502 7 88 147 407 295
test_Sumida_00199.jpg,2 175 410 288 554 8 379 433 585 579
test_Numazu_00196.jpg,5 12 326 167 500 8 276 263 579 591
test_Adachi_00034.jpg,7 0 398 468 594 8 1 300 123 441
test_Numazu_00057.jpg,5 37 403 553 597 8 14 378 190 598 8 431 471 600 597
test_Numazu_00123.jpg,5 230 395 439 598 8 16 317 194 595
test_Adachi_00182.jpg,2 352 177 558 600
test_Nagakute_00115.jpg,7 0 397 399 490
test_Muroran_00039.jpg,5 504 447 600 598
test_Sumida_00210.jpg,7 134 473 550 571
test_Adachi_00010.jpg,2 423 213 583 402 2 244 258 331 599
test_Muroran_00099.jpg,5 0 363 442 596 5 5 366 208 595
test_Muroran_00056.jpg,5 61 357 332 600
test_Muroran_00350.jpg,5 14 329 333 593
test_Ichihara_00004.jpg,2 0 183 272 517
test_Adachi_00181.jpg,2 355 198 447 334
test_Adachi_00323.jpg,2 0 183 272 517
test_Numazu_00032.jpg,1 133 380 204 490 8 316 297 588 556 8 4 283 173 440
test_Nagakute_00075.jpg,2 369 314 599 566 5 115 354 284 598 8 267 325 321 592
test_Sumida_00071.jpg,2 353 433 388 538 8 110 417 283 555
test_Numazu_00007.jpg,2 347 377 584 569
test_Numazu_00172.jpg,1 177 318 251 447 8 332 282 591 522
test_Muroran_00235.jpg,2 326 392 479 574 2 309 398 386 593
test_Adachi_00112.jpg,2 0 183 272 517
test_Nagakute_00212.jpg,1 298 369 422 475
test_Muroran_00095.jpg,5 134 388 575 599
test_Muroran_00062.jpg,5 375 347 600 594
test_Numazu_00238.jpg,2 307 327 479 574 8 447 406 593 567
test_Adachi_00026.jpg,1 197 443 417 598
test_Numazu_00151.jpg,2 269 288 395 577 8 375 389 600 598
test_Chiba_00080.jpg,1 423 483 503 584
test_Numazu_00116.jpg,1 189 364 283 560
test_Numazu_00398.jpg,5 119 351 311 451 5 88 340 473 459 8 13 269 199 462 8 341 339 487 522
test_Sumida_00120.jpg,2 0 183 272 517
test_Adachi_00177.jpg,8 425 295 563 589
test_Sumida_00136.jpg,7 54 456 566 564
test_Adachi_00298.jpg,2 0 183 272 517
test_Nagakute_00255.jpg,5 43 376 297 598 5 0 376 546 596 5 300 397 461 505 5 272 347 567 548
test_Chiba_00023.jpg,2 0 183 272 517
test_Numazu_00224.jpg,5 104 429 481 597 5 47 433 262 598
test_Sumida_00093.jpg,8 140 441 271 552
test_Muroran_00147.jpg,5 293 373 511 597
test_Numazu_00278.jpg,2 0 183 272 517
test_Nagakute_00065.jpg,2 172 344 244 566 2 163 416 230 598
test_Numazu_00027.jpg,2 0 183 272 517
test_Muroran_00382.jpg,2 2 322 194 518 5 271 414 443 496
test_Sumida_00184.jpg,2 322 417 384 545
test_Numazu_00335.jpg,2 2 299 207 530 2 212 411 265 593 5 328 316 597 591 6 317 327 600 600
test_Sumida_00085.jpg,8 449 447 600 541
test_Numazu_00299.jpg,1 310 321 551 561 2 9 345 187 558 5 303 315 467 481 8 329 332 570 562
test_Muroran_00303.jpg,2 0 183 272 517
test_Numazu_00265.jpg,2 266 382 481 600 8 6 387 186 600
test_Nagakute_00164.jpg,2 233 240 338 600 5 337 324 581 588
test_Numazu_00214.jpg,5 0 353 471 600 5 182 465 559 599 5 0 334 231 586
test_Adachi_00211.jpg,1 84 219 260 502 1 354 204 517 459
test_Muroran_00197.jpg,2 423 345 593 514 8 51 398 227 591
test_Muroran_00159.jpg,2 109 378 222 590 8 371 395 477 490
test_Sumida_00159.jpg,2 190 435 313 557
test_Numazu_00217.jpg,5 276 402 593 597
test_Ichihara_00041.jpg,1 165 424 293 596 8 375 369 600 589 8 9 416 259 600
test_Ichihara_00031.jpg,2 464 427 600 555
test_Nagakute_00071.jpg,1 414 415 589 599 5 141 398 600 586
test_Muroran_00189.jpg,5 0 360 250 600
test_Adachi_00066.jpg,7 68 404 600 600
test_Muroran_00178.jpg,1 91 436 273 596 8 0 361 201 521
test_Numazu_00042.jpg,2 0 183 272 517
test_Nagakute_00020.jpg,5 0 325 514 592 8 0 248 201 434
test_Adachi_00244.jpg,6 148 418 255 585 8 379 491 469 600
test_Numazu_00061.jpg,1 476 468 590 588 1 299 446 424 570
test_Adachi_00274.jpg,1 214 308 473 600 2 166 267 428 566
test_Numazu_00337.jpg,2 248 412 374 600 8 25 378 197 597 8 364 473 596 600
test_Chiba_00053.jpg,2 267 486 417 573
test_Sumida_00062.jpg,8 399 424 596 560
test_Numazu_00271.jpg,2 304 323 534 558 8 300 303 593 555 8 61 293 538 497
test_Nagakute_00160.jpg,8 57 324 230 597
test_Adachi_00053.jpg,2 85 346 295 585 2 144 322 303 507 8 394 297 531 533
test_Nagakute_00247.jpg,2 267 337 334 577 8 349 318 592 594 8 1 311 264 558
test_Muroran_00021.jpg,5 325 508 470 599
test_Muroran_00374.jpg,2 364 395 483 553
test_Nagakute_00068.jpg,7 16 356 578 548
test_Sumida_00101.jpg,2 0 183 272 517
test_Adachi_00295.jpg,2 351 306 576 593
test_Numazu_00181.jpg,2 253 281 409 594 2 365 340 593 541
test_Numazu_00406.jpg,5 280 347 563 588 8 25 309 219 594
test_Numazu_00203.jpg,5 133 302 496 575 5 314 389 561 564
test_Sumida_00142.jpg,8 313 386 418 539
test_Numazu_00346.jpg,5 207 437 345 506
test_Muroran_00229.jpg,1 244 406 387 591 5 327 346 539 595
test_Numazu_00332.jpg,2 313 324 385 451
test_Muroran_00414.jpg,5 46 356 533 598
test_Numazu_00047.jpg,2 310 306 530 573
test_Nagakute_00172.jpg,2 256 331 312 593
test_Muroran_00073.jpg,1 427 493 549 599
test_Muroran_00287.jpg,1 201 438 355 600
test_Adachi_00162.jpg,2 411 243 596 532
test_Chiba_00057.jpg,2 198 494 292 588 8 430 458 599 568
test_Numazu_00146.jpg,1 304 342 497 585 2 310 328 495 576
test_Nagakute_00238.jpg,1 400 357 567 502 5 125 375 600 581
test_Numazu_00376.jpg,5 80 399 477 600 8 150 426 442 598
test_Numazu_00216.jpg,5 77 332 233 596
test_Adachi_00140.jpg,2 421 382 591 600 8 431 389 590 600
test_Adachi_00058.jpg,1 306 125 543 406 1 372 148 599 488
test_Numazu_00297.jpg,5 286 448 487 597
test_Muroran_00084.jpg,2 231 362 334 595
test_Sumida_00147.jpg,2 0 183 272 517
test_Muroran_00217.jpg,5 114 418 277 598
test_Nagakute_00158.jpg,2 283 324 556 584 8 317 307 587 535
test_Adachi_00080.jpg,1 84 319 231 537 1 307 313 509 583 2 330 341 533 598 2 81 318 232 539 8 333 321 561 585
test_Adachi_00256.jpg,1 177 451 315 595 8 488 350 600 487
test_Numazu_00011.jpg,5 0 331 497 600 5 217 320 600 599 5 6 315 266 568
test_Sumida_00182.jpg,1 362 462 452 573
test_Muroran_00119.jpg,1 184 373 466 597 5 2 369 267 600 5 51 373 483 595
test_Nagakute_00206.jpg,1 290 423 380 523 8 0 307 201 516
test_Adachi_00252.jpg,1 291 331 393 439 1 324 413 567 589 8 318 304 600 456
test_Nagakute_00184.jpg,1 148 464 207 598 2 328 422 535 595 8 46 328 177 600
test_Numazu_00365.jpg,8 110 411 530 559
test_Nagakute_00142.jpg,1 335 336 505 513 5 337 318 514 508 8 341 299 594 521 8 25 294 444 560
test_Muroran_00075.jpg,8 80 381 241 597
test_Adachi_00305.jpg,8 35 245 123 600 8 72 163 142 442
test_Nagakute_00257.jpg,5 321 319 534 600 8 142 279 278 599
test_Muroran_00093.jpg,2 186 365 259 595 5 125 392 552 598 5 184 367 358 595
test_Numazu_00048.jpg,7 0 335 476 525
test_Adachi_00145.jpg,3 22 465 531 574 5 99 396 600 586
test_Sumida_00048.jpg,2 265 435 307 542 8 379 446 476 543
test_Nagakute_00133.jpg,5 9 471 548 600
test_Muroran_00356.jpg,1 493 338 596 487 1 162 372 359 574 8 364 349 441 599
test_Muroran_00289.jpg,5 204 357 600 600 8 430 442 525 595
test_Muroran_00336.jpg,1 371 402 441 560 8 489 435 600 600
test_Numazu_00056.jpg,7 35 418 600 599
test_Muroran_00009.jpg,5 58 401 519 599
test_Numazu_00137.jpg,1 178 375 274 573 1 366 350 592 587
test_Muroran_00089.jpg,5 254 467 424 594 5 0 406 99 526
test_Numazu_00301.jpg,2 290 272 497 552 5 0 333 397 576
test_Muroran_00271.jpg,2 300 356 446 599 5 353 358 599 549
test_Muroran_00133.jpg,2 0 183 272 517
test_Nagakute_00100.jpg,2 0 183 272 517
test_Sumida_00020.jpg,2 209 384 284 524
test_Nagakute_00243.jpg,2 349 448 493 594
test_Nagakute_00111.jpg,5 105 390 529 596
test_Muroran_00227.jpg,2 354 312 593 600
test_Sumida_00203.jpg,8 245 478 480 537
test_Sumida_00022.jpg,7 193 433 582 543
test_Chiba_00055.jpg,2 417 464 594 566 8 209 489 312 594
test_Sumida_00038.jpg,2 272 437 342 537
test_Adachi_00163.jpg,2 378 325 562 543
test_Sumida_00061.jpg,2 368 439 441 553 8 44 463 190 560 8 407 399 596 531
test_Muroran_00037.jpg,5 197 351 600 597
test_Sumida_00034.jpg,1 343 402 393 457 7 146 442 558 537
test_Adachi_00178.jpg,2 28 279 250 600 7 6 273 403 426
test_Numazu_00051.jpg,5 0 365 600 561
test_Nagakute_00001.jpg,2 14 329 254 600 2 390 354 600 536 8 401 352 597 544
test_Numazu_00232.jpg,2 276 321 421 600
test_Nagakute_00267.jpg,2 57 335 235 598 5 424 361 599 577 5 256 309 368 401 8 10 309 234 598
test_Sumida_00152.jpg,2 363 421 502 551
test_Adachi_00001.jpg,2 0 213 245 598 2 69 327 232 576
test_Numazu_00052.jpg,2 128 370 223 569 2 61 342 219 594
test_Adachi_00102.jpg,5 36 181 198 458
test_Adachi_00309.jpg,3 3 317 238 390 3 49 302 513 385
test_Sumida_00181.jpg,7 87 501 600 595
test_Nagakute_00186.jpg,1 219 464 297 597 1 210 448 374 595 2 328 437 511 598
test_Numazu_00260.jpg,2 0 183 272 517
test_Numazu_00248.jpg,2 232 310 301 578 5 124 410 266 505
test_Adachi_00052.jpg,3 135 310 600 410
test_Adachi_00092.jpg,2 206 335 315 600
test_Numazu_00286.jpg,5 40 378 252 600
test_Nagakute_00097.jpg,8 1 357 151 471
test_Sumida_00074.jpg,7 92 452 551 579
test_Adachi_00303.jpg,2 1 333 177 600
test_Nagakute_00104.jpg,2 323 332 600 556 8 293 313 588 538
test_Adachi_00115.jpg,2 295 322 345 600 8 517 423 600 537
test_Muroran_00426.jpg,5 78 414 585 600
test_Muroran_00370.jpg,1 0 369 240 592 1 159 468 287 600 1 22 356 215 498 8 418 489 512 600
test_Numazu_00187.jpg,1 357 431 506 590
test_Nagakute_00090.jpg,7 97 377 600 597
test_Adachi_00142.jpg,8 364 337 589 596
test_Numazu_00328.jpg,5 53 501 228 600 6 57 499 228 600 8 303 307 533 586 8 2 320 161 513
test_Muroran_00162.jpg,5 0 401 525 599 6 249 421 598 597
test_Chiba_00033.jpg,8 315 411 487 573 8 4 432 175 583
test_Numazu_00280.jpg,2 253 314 340 556
test_Muroran_00304.jpg,1 55 479 177 594 5 190 362 562 583
test_Muroran_00086.jpg,2 0 183 272 517
test_Muroran_00025.jpg,2 2 374 199 592 5 289 431 408 600 8 318 468 395 597
test_Numazu_00148.jpg,1 70 302 207 600 1 76 289 139 562 3 174 416 450 475
test_Numazu_00263.jpg,5 195 373 416 584 8 154 315 235 434
test_Adachi_00033.jpg,2 0 183 272 517
test_Nagakute_00039.jpg,1 69 405 208 598 8 281 344 549 587 8 8 308 188 522
test_Numazu_00020.jpg,1 23 431 197 600 2 162 407 222 600 5 23 418 220 598
test_Muroran_00378.jpg,5 139 371 600 559
test_Nagakute_00150.jpg,2 215 363 268 592
test_Nagakute_00102.jpg,2 372 269 422 567 8 33 352 281 600
test_Nagakute_00171.jpg,1 62 358 206 516 8 10 359 184 544
test_Chiba_00027.jpg,2 0 183 272 517
test_Numazu_00293.jpg,1 404 400 596 582 5 212 351 429 586 8 218 354 408 589
test_Numazu_00296.jpg,5 90 387 247 600 6 93 383 258 600
test_Adachi_00285.jpg,8 449 321 592 463
test_Muroran_00190.jpg,1 71 462 186 600 1 40 378 214 593 8 352 377 577 600 8 7 350 215 595
test_Muroran_00193.jpg,1 453 506 545 597
test_Numazu_00215.jpg,5 72 321 530 565 5 92 364 342 579 5 340 302 600 558 8 0 251 205 486 8 297 289 600 529
test_Ichihara_00035.jpg,1 391 450 495 600
test_Adachi_00259.jpg,5 64 280 600 543 5 16 225 561 439
test_Adachi_00064.jpg,2 0 183 272 517
test_Nagakute_00009.jpg,8 309 299 591 560 8 0 349 76 595
test_Adachi_00288.jpg,2 371 255 555 590 2 360 226 502 480 8 101 285 233 583
test_Nagakute_00224.jpg,2 84 341 181 433 2 253 435 324 594
test_Adachi_00206.jpg,8 440 297 594 505
test_Numazu_00347.jpg,2 136 402 205 551
test_Sumida_00004.jpg,2 0 183 272 517
test_Sumida_00023.jpg,2 316 393 402 527
test_Muroran_00277.jpg,5 130 348 569 600 5 163 382 398 589 5 446 483 598 600 8 439 484 586 600
test_Muroran_00155.jpg,5 0 428 543 596 5 210 512 394 598 5 445 530 600 599
test_Adachi_00200.jpg,2 432 344 598 503 8 441 353 598 510
test_Adachi_00166.jpg,2 145 289 207 599
test_Nagakute_00055.jpg,5 27 378 519 597
test_Numazu_00077.jpg,1 271 411 365 587 1 420 378 505 538
test_Adachi_00104.jpg,7 0 188 504 544 7 115 149 600 455
test_Adachi_00226.jpg,2 283 304 578 517 2 264 293 484 453
test_Nagakute_00124.jpg,1 105 386 272 571 1 316 389 595 600 8 295 311 600 553 8 4 363 162 572
test_Nagakute_00076.jpg,2 249 318 418 591 5 95 382 497 598
test_Muroran_00136.jpg,5 108 348 571 598
test_Numazu_00082.jpg,1 279 435 403 596 8 17 387 200 600
test_Muroran_00011.jpg,2 0 183 272 517
test_Muroran_00030.jpg,2 373 359 508 600 5 0 347 321 587
test_Sumida_00002.jpg,2 316 436 392 551
test_Adachi_00039.jpg,8 315 334 569 535 8 4 194 186 398 8 365 213 595 391
test_Adachi_00132.jpg,2 3 421 183 548 2 334 333 386 595 8 168 305 320 431
test_Sumida_00005.jpg,7 134 454 581 539
test_Nagakute_00026.jpg,5 138 408 266 585
test_Numazu_00282.jpg,5 0 517 150 600 6 13 432 459 600
test_Numazu_00349.jpg,8 116 310 309 389
test_Sumida_00108.jpg,2 0 183 272 517
test_Numazu_00173.jpg,2 166 262 254 476
test_Adachi_00079.jpg,8 156 308 230 584
test_Sumida_00161.jpg,8 332 395 582 555
test_Chiba_00086.jpg,7 186 493 600 570
test_Muroran_00406.jpg,7 79 382 577 522
test_Sumida_00173.jpg,1 5 462 150 564 2 156 418 259 554
test_Numazu_00255.jpg,8 304 363 440 596
test_Sumida_00115.jpg,2 202 403 319 556 8 469 431 595 542
test_Muroran_00256.jpg,5 25 390 187 599 5 44 359 418 581 5 209 355 393 563
test_Muroran_00429.jpg,5 53 358 269 592 5 18 386 460 598
test_Numazu_00125.jpg,7 55 431 600 599
test_Numazu_00069.jpg,2 166 375 249 478 5 469 463 594 596
test_Adachi_00067.jpg,2 190 389 254 600 2 349 327 493 511 8 346 313 564 599 8 340 324 495 505
test_Chiba_00090.jpg,7 57 509 600 600
test_Numazu_00223.jpg,1 306 417 406 597
test_Sumida_00206.jpg,8 164 435 263 550
test_Muroran_00248.jpg,5 275 381 600 599
test_Sumida_00140.jpg,2 0 183 272 517
test_Nagakute_00014.jpg,5 315 397 525 599 5 0 404 464 600 8 23 465 224 590
test_Nagakute_00059.jpg,8 321 395 596 600 8 1 344 173 523
test_Numazu_00094.jpg,2 291 303 406 407 5 215 333 398 413
test_Muroran_00296.jpg,5 83 386 565 600
test_Adachi_00283.jpg,1 382 319 513 448 1 384 291 588 473
test_Numazu_00045.jpg,1 271 428 404 590 2 105 393 207 579
test_Numazu_00055.jpg,2 264 369 450 598
test_Chiba_00050.jpg,2 400 455 600 567
test_Muroran_00340.jpg,3 413 381 583 443
test_Numazu_00375.jpg,3 0 490 462 590 5 252 453 416 600
test_Numazu_00021.jpg,1 200 342 345 555 2 34 300 188 549 8 245 320 357 447
test_Numazu_00149.jpg,5 0 391 512 599 5 226 416 577 599
test_Numazu_00190.jpg,1 78 357 195 471 2 337 369 553 600 2 247 318 321 484
test_Numazu_00099.jpg,5 173 496 299 597
test_Nagakute_00054.jpg,1 74 385 211 512
test_Muroran_00158.jpg,3 282 530 541 596 5 0 525 141 598 5 0 449 558 600
test_Numazu_00067.jpg,5 290 335 600 594 8 0 300 185 583
test_Adachi_00008.jpg,2 425 351 599 492
test_Muroran_00222.jpg,7 140 353 598 456 8 99 490 213 598
test_Muroran_00319.jpg,1 223 456 339 583 2 318 292 400 457 2 225 437 347 588 4 234 450 600 543
test_Adachi_00149.jpg,2 231 317 285 600
test_Muroran_00088.jpg,1 331 314 431 600
test_Nagakute_00209.jpg,5 123 482 462 600
test_Chiba_00064.jpg,8 347 412 561 575
test_Numazu_00120.jpg,5 236 323 455 591
test_Adachi_00241.jpg,2 114 450 211 595
test_Nagakute_00117.jpg,2 221 359 464 600 3 163 483 381 535
test_Adachi_00245.jpg,1 443 330 561 512
test_Numazu_00244.jpg,2 290 391 336 600
test_Nagakute_00081.jpg,1 89 402 196 530
test_Muroran_00309.jpg,5 286 435 600 592
test_Sumida_00216.jpg,7 78 436 593 530
test_Muroran_00036.jpg,2 32 402 204 589
test_Adachi_00307.jpg,5 2 425 339 550 8 372 338 600 542
test_Adachi_00248.jpg,5 190 287 589 564 5 419 288 595 471 5 256 246 600 481 8 444 288 599 449
test_Adachi_00191.jpg,1 473 240 597 435
test_Sumida_00228.jpg,2 0 183 272 517
test_Adachi_00167.jpg,2 371 337 446 544
test_Adachi_00258.jpg,2 381 366 563 600
test_Numazu_00243.jpg,5 151 315 288 406 8 3 313 165 521
test_Numazu_00115.jpg,2 0 183 272 517
test_Muroran_00270.jpg,3 0 492 469 587 5 38 358 505 596 5 229 347 368 459 8 306 337 476 562
test_Muroran_00092.jpg,5 107 370 313 598
test_Nagakute_00044.jpg,8 267 364 411 470
test_Ichihara_00017.jpg,7 143 418 600 520
test_Ichihara_00043.jpg,5 182 404 600 600 5 145 402 373 600
test_Numazu_00324.jpg,1 253 371 559 516 8 98 371 292 496
test_Sumida_00138.jpg,2 0 183 272 517
test_Adachi_00183.jpg,1 454 295 597 464
test_Muroran_00399.jpg,5 90 325 344 596
test_Muroran_00214.jpg,1 271 340 411 591 1 522 437 596 559 8 25 348 319 594 8 119 325 358 518
test_Numazu_00189.jpg,5 132 330 600 598
test_Adachi_00312.jpg,1 61 131 213 310 1 20 154 194 388
test_Muroran_00063.jpg,1 369 375 594 545 1 300 367 426 503
test_Muroran_00375.jpg,1 205 352 268 570
test_Muroran_00341.jpg,8 2 349 251 530 8 371 459 438 595
test_Numazu_00326.jpg,5 238 309 574 596 5 335 280 596 512 8 344 281 600 487
test_Numazu_00274.jpg,2 402 379 585 580
test_Adachi_00017.jpg,2 239 274 313 570
test_Adachi_00227.jpg,2 8 212 221 372 8 94 215 213 312
test_Nagakute_00108.jpg,2 191 414 293 599
test_Adachi_00024.jpg,2 41 204 274 600
test_Adachi_00326.jpg,2 367 169 600 454 8 5 129 171 422
test_Chiba_00051.jpg,2 0 183 272 517
test_Numazu_00169.jpg,5 79 286 214 580
test_Muroran_00332.jpg,5 346 358 600 599
test_Adachi_00168.jpg,1 355 456 434 600 8 14 288 261 482
test_Muroran_00033.jpg,1 260 428 361 600 8 416 447 513 600
test_Numazu_00096.jpg,5 8 418 139 581 8 12 301 204 527 8 8 368 158 582
test_Muroran_00234.jpg,5 183 378 441 596
test_Adachi_00271.jpg,7 67 326 546 595
test_Muroran_00279.jpg,1 324 452 445 600 2 53 390 190 588 2 282 369 345 598 8 332 461 438 598
test_Numazu_00231.jpg,5 59 379 512 588 5 2 415 290 596
test_Nagakute_00157.jpg,1 384 425 565 598
test_Adachi_00129.jpg,2 424 247 587 418
test_Nagakute_00266.jpg,1 236 326 299 488 1 14 359 173 481
test_Numazu_00228.jpg,8 274 409 353 547
test_Muroran_00387.jpg,1 254 393 338 577 2 32 363 173 599 2 274 408 354 590
test_Numazu_00070.jpg,1 199 389 417 594 3 0 440 396 579 5 23 415 433 577 8 220 396 417 594
test_Nagakute_00175.jpg,5 210 366 464 560
test_Nagakute_00192.jpg,2 311 328 577 592 8 338 338 600 593
test_Muroran_00282.jpg,5 264 416 556 559
test_Muroran_00080.jpg,2 223 359 344 600 2 379 344 459 569 2 400 404 484 598
test_Chiba_00008.jpg,1 278 477 367 574 2 433 428 558 584
test_Numazu_00226.jpg,5 64 354 500 596
test_Nagakute_00080.jpg,2 11 358 177 504 5 186 403 359 595
test_Numazu_00355.jpg,2 243 389 316 594 5 285 450 600 593
test_Muroran_00421.jpg,1 221 395 295 600
test_Numazu_00009.jpg,5 51 364 540 589
test_Chiba_00065.jpg,1 195 483 285 597
test_Sumida_00192.jpg,1 326 423 422 534 2 245 424 289 539
test_Adachi_00077.jpg,2 406 405 456 594
test_Nagakute_00236.jpg,1 266 398 363 582 8 229 334 477 594 8 241 361 388 540
test_Numazu_00081.jpg,1 294 370 448 580 1 272 332 397 531 8 38 257 221 585 8 360 299 600 492
test_Adachi_00176.jpg,2 403 307 503 462
test_Chiba_00007.jpg,8 356 415 502 565
test_Numazu_00383.jpg,2 416 333 543 584 2 293 302 368 580
test_Sumida_00150.jpg,8 388 429 560 568
test_Numazu_00275.jpg,2 321 294 414 586
test_Chiba_00016.jpg,1 323 470 404 573
test_Nagakute_00194.jpg,2 185 322 291 597
test_Numazu_00313.jpg,2 110 312 174 464 8 3 272 117 424
test_Nagakute_00126.jpg,2 228 334 600 592
test_Numazu_00136.jpg,2 127 379 216 566
test_Muroran_00107.jpg,5 75 370 491 598
test_Adachi_00319.jpg,2 490 335 599 494 2 369 187 477 338
test_Numazu_00138.jpg,5 69 430 600 595 5 0 379 200 506 5 0 481 454 597
test_Muroran_00151.jpg,1 434 445 596 600 1 191 417 249 600 1 321 440 421 598 5 438 447 600 600
test_Sumida_00117.jpg,8 118 443 239 563 8 448 440 595 523
test_Adachi_00328.jpg,1 389 233 582 556 1 149 273 256 398
test_Muroran_00016.jpg,1 476 430 569 596
test_Numazu_00175.jpg,1 172 438 247 599 8 291 414 535 599 8 1 402 185 565
test_Muroran_00110.jpg,1 233 375 500 594
test_Adachi_00025.jpg,2 299 265 395 464 2 298 291 363 555
test_Nagakute_00252.jpg,8 263 311 510 595
test_Numazu_00010.jpg,8 41 318 197 596
test_Numazu_00023.jpg,2 277 319 334 446 8 93 327 208 454
test_Adachi_00094.jpg,2 417 304 597 495 8 410 290 600 495
test_Adachi_00264.jpg,1 301 357 472 505 5 295 359 459 515
test_Adachi_00292.jpg,2 285 237 336 507
test_Sumida_00110.jpg,8 417 451 597 589
test_Nagakute_00220.jpg,2 236 292 453 600 3 163 465 348 518
test_Muroran_00135.jpg,5 298 354 600 599
test_Numazu_00183.jpg,5 189 350 484 596 5 31 369 387 508
test_Numazu_00294.jpg,5 145 380 248 585 8 0 296 162 478
test_Numazu_00163.jpg,1 255 401 544 588
test_Nagakute_00155.jpg,1 339 432 555 596 5 322 420 563 599
test_Numazu_00154.jpg,7 107 412 588 539 7 0 405 368 579 8 145 413 599 597
test_Muroran_00408.jpg,5 186 359 600 600 8 458 386 598 564
test_Numazu_00273.jpg,2 211 273 346 600
test_Nagakute_00214.jpg,2 16 290 191 571
test_Nagakute_00161.jpg,2 284 331 569 597 8 283 308 574 534
test_Numazu_00003.jpg,1 305 329 398 413 7 57 394 600 600
test_Muroran_00015.jpg,5 168 411 506 600 5 159 425 338 596
test_Muroran_00126.jpg,2 352 391 426 590
test_Adachi_00113.jpg,2 0 183 272 517
test_Nagakute_00123.jpg,5 71 358 466 600 5 283 368 478 591
test_Sumida_00001.jpg,2 0 183 272 517
test_Numazu_00174.jpg,8 9 245 213 563
test_Muroran_00423.jpg,1 374 442 537 594 5 166 371 498 593
test_Ichihara_00051.jpg,1 442 411 596 599 1 88 398 284 592 6 134 394 600 600 8 22 384 300 594
test_Adachi_00123.jpg,2 0 183 272 517
test_Adachi_00109.jpg,2 480 427 600 560
test_Nagakute_00208.jpg,1 46 440 130 591 8 305 488 410 599
test_Numazu_00017.jpg,2 0 183 272 517
test_Numazu_00039.jpg,2 262 355 482 590 2 395 507 488 600 2 259 349 385 493
test_Adachi_00036.jpg,2 433 247 598 442
test_Sumida_00213.jpg,2 324 396 437 526 8 319 396 430 524
test_Sumida_00225.jpg,8 405 437 572 569
test_Nagakute_00228.jpg,5 0 339 337 596 5 1 370 137 597
test_Muroran_00371.jpg,2 286 395 441 600 2 130 389 207 600
test_Nagakute_00015.jpg,7 0 416 517 600
test_Nagakute_00225.jpg,7 102 342 591 442 8 2 427 125 568 8 475 422 595 556
test_Muroran_00221.jpg,5 99 320 582 600
test_Adachi_00290.jpg,2 317 313 471 590 2 328 315 429 496 8 368 339 471 454
test_Numazu_00352.jpg,5 90 422 569 598 5 304 414 534 579
test_Chiba_00004.jpg,7 34 511 495 600
test_Muroran_00108.jpg,2 447 427 594 589 5 125 361 423 600
test_Numazu_00118.jpg,1 81 349 190 507 2 214 276 270 590 8 327 295 564 576
test_Sumida_00079.jpg,2 272 403 404 550 8 65 415 204 563
test_Adachi_00107.jpg,2 364 198 562 515 2 457 348 597 570 8 35 163 268 585 8 390 202 595 351 8 269 165 355 211
test_Adachi_00291.jpg,1 403 388 597 581 8 11 305 206 481 8 384 364 592 584
test_Numazu_00128.jpg,5 235 409 482 595
test_Sumida_00009.jpg,7 35 451 245 560 8 308 422 512 556 8 24 458 235 573
test_Numazu_00134.jpg,1 211 360 294 494 8 4 296 198 598 8 342 302 600 482
test_Nagakute_00047.jpg,5 103 368 575 597
test_Muroran_00212.jpg,5 136 357 424 597
test_Adachi_00060.jpg,2 0 183 272 517
test_Numazu_00249.jpg,2 266 367 537 600
test_Nagakute_00022.jpg,1 108 362 227 482 3 206 409 520 469
test_Adachi_00121.jpg,2 0 183 272 517
test_Numazu_00241.jpg,2 268 272 367 574
test_Adachi_00004.jpg,2 141 219 242 531 8 134 255 235 566
test_Numazu_00144.jpg,5 0 322 442 593 5 223 310 516 600 5 3 297 246 586 8 292 314 457 594
test_Chiba_00078.jpg,2 0 183 272 517
test_Muroran_00028.jpg,5 88 322 547 586
test_Nagakute_00191.jpg,1 29 428 149 583 5 205 510 354 600
test_Adachi_00155.jpg,2 377 304 600 527
test_Muroran_00410.jpg,1 401 441 534 594 5 394 421 534 592
test_Numazu_00028.jpg,1 241 353 406 507 2 150 303 258 590 2 447 487 556 596
test_Numazu_00034.jpg,5 242 359 441 588
test_Sumida_00094.jpg,2 148 417 256 542
test_Nagakute_00036.jpg,2 0 183 272 517
test_Ichihara_00013.jpg,2 0 183 272 517
test_Muroran_00373.jpg,8 62 328 271 600 8 108 337 284 499
test_Adachi_00216.jpg,1 153 331 246 451 1 459 352 600 459
test_Adachi_00110.jpg,1 274 418 356 598
test_Chiba_00074.jpg,7 160 495 600 590 7 0 493 461 598
test_Sumida_00198.jpg,2 368 411 514 553
test_Ichihara_00025.jpg,8 195 462 465 599 8 395 379 600 591
test_Muroran_00207.jpg,5 0 375 440 600
test_Sumida_00164.jpg,7 153 418 600 504
test_Adachi_00213.jpg,2 374 364 582 575
test_Ichihara_00037.jpg,1 375 420 490 585 8 401 384 596 584 8 1 424 227 595
test_Numazu_00117.jpg,2 0 183 272 517
test_Numazu_00107.jpg,8 123 286 269 499 8 434 404 597 560
test_Nagakute_00003.jpg,1 210 395 275 569
test_Sumida_00176.jpg,2 0 183 272 517
test_Muroran_00090.jpg,5 184 395 548 600
test_Chiba_00036.jpg,8 323 410 501 569 8 19 444 172 583
test_Sumida_00196.jpg,2 178 430 222 532
test_Adachi_00075.jpg,2 0 183 272 517
test_Adachi_00151.jpg,1 200 397 361 554 1 312 272 593 539
test_Numazu_00184.jpg,5 160 455 600 600
test_Muroran_00226.jpg,2 0 183 272 517
test_Ichihara_00003.jpg,1 326 416 471 594 2 365 398 598 557
test_Muroran_00160.jpg,2 18 378 248 600 2 351 325 404 595
test_Muroran_00149.jpg,5 65 385 485 600
test_Muroran_00251.jpg,8 2 349 216 586
test_Muroran_00122.jpg,2 0 183 272 517
test_Nagakute_00128.jpg,5 131 330 552 593 5 0 289 442 588
test_Nagakute_00049.jpg,2 283 337 463 598 5 53 409 469 594
test_Muroran_00292.jpg,5 135 344 570 586
test_Nagakute_00256.jpg,2 0 183 272 517
test_Sumida_00072.jpg,7 197 426 600 521 7 181 439 420 512
test_Muroran_00205.jpg,5 234 396 568 598
test_Muroran_00366.jpg,5 250 351 406 600
test_Numazu_00368.jpg,1 353 411 487 589 8 0 391 368 593 8 301 338 498 564 8 20 330 250 547
test_Adachi_00313.jpg,2 0 183 272 517
test_Nagakute_00233.jpg,1 348 388 523 600 2 173 331 285 580 2 341 352 571 600 8 330 333 589 599
test_Adachi_00322.jpg,1 385 221 469 337 8 345 325 532 409
test_Adachi_00083.jpg,2 332 198 429 562 8 1 229 206 503 8 243 176 334 308
test_Nagakute_00204.jpg,7 66 483 600 600
test_Numazu_00407.jpg,8 106 403 385 593 8 289 354 589 597 8 0 326 151 485
test_Adachi_00089.jpg,2 462 403 548 599 5 371 458 520 593 8 280 370 446 543 8 470 433 553 598
test_Numazu_00303.jpg,2 0 341 171 530 8 13 376 154 517
test_Chiba_00029.jpg,8 27 483 161 599
