test_Numazu_00321.jpg,7 54 338 600 539
test_Numazu_00126.jpg,2 206 422 265 600
test_Adachi_00249.jpg,8 202 360 458 589
test_Numazu_00119.jpg,2 268 359 528 593
test_Muroran_00176.jpg,5 176 418 600 600 8 359 425 515 600
test_Numazu_00373.jpg,7 44 331 584 471
test_Sumida_00209.jpg,2 407 453 519 552
test_Nagakute_00089.jpg,2 237 357 306 598 2 223 339 289 518 8 459 477 598 600 8 198 370 298 482
test_Muroran_00284.jpg,5 41 377 563 581 5 0 327 256 594
test_Ichihara_00022.jpg,5 319 413 550 600
test_Muroran_00385.jpg,5 104 397 600 595
test_Muroran_00389.jpg,1 447 383 599 582 2 364 303 600 590
test_Numazu_00157.jpg,2 0 183 272 517
test_Adachi_00134.jpg,2 0 301 115 511 8 335 361 593 567
test_Sumida_00086.jpg,8 366 449 541 579
test_Adachi_00199.jpg,1 133 197 289 442 1 341 201 464 362
test_Chiba_00046.jpg,8 10 404 206 583 8 314 414 491 569
test_Sumida_00102.jpg,2 316 403 392 554
test_Muroran_00024.jpg,1 96 437 224 548 1 486 519 600 599 2 350 479 439 598
test_Numazu_00379.jpg,2 245 288 322 424
test_Sumida_00051.jpg,8 384 431 566 558
test_Muroran_00402.jpg,5 37 382 600 597 5 138 395 576 485 8 459 363 600 485
test_Adachi_00150.jpg,2 0 183 272 517
test_Chiba_00006.jpg,8 423 440 593 579 8 108 479 308 600
test_Nagakute_00040.jpg,1 250 425 346 599
test_Sumida_00208.jpg,8 486 414 591 575
test_Adachi_00141.jpg,2 281 295 425 584
test_Chiba_00092.jpg,1 307 476 403 577 2 183 478 301 588 8 431 465 600 574
test_Numazu_00290.jpg,1 499 465 595 585 1 261 233 325 395 1 190 383 309 510 7 4 288 519 398
test_Ichihara_00001.jpg,2 6 402 258 586 2 434 414 595 543
test_Sumida_00180.jpg,2 0 183 272 517
test_Ichihara_00048.jpg,2 448 466 562 599
test_Numazu_00211.jpg,5 1 417 190 597
test_Nagakute_00013.jpg,8 158 349 272 525
test_Nagakute_00027.jpg,2 284 313 572 544 8 4 322 175 529 8 291 322 554 543
test_Chiba_00001.jpg,2 0 183 272 517
test_Chiba_00084.jpg,2 388 463 587 583
test_Adachi_00103.jpg,1 310 381 480 537 5 315 359 472 538
test_Numazu_00165.jpg,2 0 183 272 517
test_Nagakute_00112.jpg,1 35 375 185 592
test_Muroran_00069.jpg,5 354 489 520 600 8 141 404 204 599
test_Chiba_00049.jpg,8 337 410 531 575
test_Muroran_00103.jpg,1 442 442 532 598
test_Adachi_00040.jpg,1 11 274 222 543 1 0 260 476 485 3 157 320 561 431
test_Nagakute_00087.jpg,1 135 416 230 596 8 0 381 188 567
test_Numazu_00267.jpg,5 476 482 599 600 7 121 408 541 489
test_Ichihara_00034.jpg,1 64 459 243 600 1 294 488 422 600 5 63 442 577 600
test_Numazu_00087.jpg,2 330 354 525 600 5 62 340 302 599
test_Muroran_00041.jpg,2 0 389 172 548 5 180 367 600 597
test_Muroran_00346.jpg,8 0 288 215 549 8 408 439 547 600
test_Sumida_00169.jpg,2 23 408 269 544
test_Nagakute_00023.jpg,8 46 297 271 600
test_Sumida_00125.jpg,2 311 422 380 548
test_Numazu_00312.jpg,5 34 337 385 600
test_Adachi_00157.jpg,2 385 351 468 595
test_Muroran_00313.jpg,2 0 183 272 517
test_Muroran_00290.jpg,2 471 446 600 580 8 15 344 226 600
test_Numazu_00256.jpg,5 1 352 489 598
test_Adachi_00247.jpg,2 453 398 600 552
test_Muroran_00232.jpg,5 159 338 582 600
test_Adachi_00266.jpg,2 0 183 272 517
test_Chiba_00048.jpg,8 224 477 331 591
test_Nagakute_00132.jpg,8 1 342 198 598 8 306 326 600 583
test_Adachi_00031.jpg,2 291 457 400 581 2 166 284 442 475 8 324 313 579 457 8 449 346 598 454
test_Adachi_00046.jpg,2 0 205 258 505 8 370 220 504 558
test_Nagakute_00017.jpg,1 412 428 498 580
test_Adachi_00203.jpg,2 277 375 339 597
test_Chiba_00035.jpg,2 390 447 565 579
test_Nagakute_00092.jpg,5 21 344 596 599
test_Numazu_00344.jpg,2 0 183 272 517
test_Muroran_00305.jpg,1 56 401 256 587 5 426 444 586 600 8 453 466 590 600
test_Nagakute_00120.jpg,5 0 365 206 599
test_Muroran_00223.jpg,5 235 311 571 572 5 369 296 595 506
test_Adachi_00242.jpg,1 37 313 232 486 8 404 290 592 508
test_Sumida_00124.jpg,8 355 417 526 569
test_Numazu_00060.jpg,5 0 420 447 598
test_Numazu_00049.jpg,1 273 352 360 454 2 44 288 206 600
test_Sumida_00194.jpg,7 187 435 584 542
test_Numazu_00101.jpg,2 286 306 453 571 5 221 303 448 588
test_Nagakute_00170.jpg,8 1 329 260 600 8 307 347 594 596
test_Numazu_00080.jpg,8 302 425 466 598
test_Numazu_00311.jpg,5 0 389 499 597 5 167 450 584 600
test_Chiba_00018.jpg,2 152 476 344 594
test_Numazu_00309.jpg,5 306 395 422 505
test_Numazu_00386.jpg,1 129 358 206 584 8 339 358 598 581 8 0 317 134 535
test_Numazu_00359.jpg,2 89 386 245 599 5 147 384 578 598 5 131 404 297 600
test_Adachi_00090.jpg,2 0 183 272 517
test_Sumida_00143.jpg,7 68 439 557 560
test_Sumida_00047.jpg,2 363 390 555 525
test_Sumida_00078.jpg,2 241 411 306 559
test_Nagakute_00034.jpg,2 233 316 292 592 8 36 336 223 600
test_Muroran_00275.jpg,1 431 434 595 578 1 422 421 560 524 8 33 279 193 600 8 450 477 592 600
test_Numazu_00378.jpg,1 0 365 133 585 8 308 299 600 581 8 0 277 186 476
test_Nagakute_00152.jpg,1 486 430 598 543 1 131 484 253 600 8 0 388 132 548
test_Numazu_00380.jpg,7 50 381 600 600
test_Nagakute_00213.jpg,2 298 374 591 591
test_Numazu_00155.jpg,5 0 379 148 586 5 285 332 516 585 8 307 338 562 577 8 5 327 145 516
test_Chiba_00019.jpg,7 0 470 567 592
test_Sumida_00067.jpg,2 0 183 272 517
test_Numazu_00065.jpg,2 296 320 385 451
test_Sumida_00201.jpg,2 359 438 432 558
test_Numazu_00364.jpg,2 242 347 433 599
test_Numazu_00354.jpg,1 362 386 532 562 3 127 462 589 564 8 0 323 159 540 8 125 345 279 594
test_Numazu_00086.jpg,2 276 410 378 587 2 58 386 198 595 8 1 371 178 561
test_Chiba_00088.jpg,1 295 473 385 579 2 452 475 600 563
test_Chiba_00025.jpg,2 260 456 383 556
test_Chiba_00075.jpg,2 0 183 272 517
test_Nagakute_00163.jpg,1 58 271 167 415
test_Muroran_00195.jpg,1 203 400 276 599 1 156 326 388 592 5 5 397 177 600 5 0 347 430 600
test_Adachi_00106.jpg,2 366 282 549 587
test_Chiba_00070.jpg,2 456 493 555 589
test_Nagakute_00070.jpg,2 0 183 272 517
test_Adachi_00204.jpg,8 287 326 402 592
test_Muroran_00415.jpg,5 290 408 600 599
test_Adachi_00032.jpg,7 1 339 582 518
test_Adachi_00243.jpg,7 113 462 533 592 8 195 457 428 592
test_Sumida_00040.jpg,7 44 437 497 518
test_Nagakute_00162.jpg,1 96 424 275 600 8 306 358 596 591
test_Numazu_00403.jpg,8 0 275 187 469 8 290 280 599 540
test_Nagakute_00178.jpg,1 152 379 236 586 2 239 345 295 596 8 15 365 186 593
test_Muroran_00404.jpg,2 262 320 315 600
test_Numazu_00185.jpg,1 163 409 263 567 1 3 312 121 517 8 10 280 155 592
test_Numazu_00164.jpg,1 7 340 210 555 2 215 261 266 544 8 290 313 596 577
test_Muroran_00079.jpg,1 212 403 298 589 2 354 391 516 595 5 487 399 598 525
test_Nagakute_00012.jpg,2 113 397 280 597
test_Nagakute_00010.jpg,2 268 340 328 598
test_Adachi_00051.jpg,2 289 119 492 246 5 19 256 513 541
test_Muroran_00386.jpg,2 170 348 284 600 8 407 415 556 599
test_Nagakute_00083.jpg,5 31 331 518 600
test_Muroran_00029.jpg,2 339 377 443 548
test_Adachi_00190.jpg,8 253 429 366 598
test_Sumida_00058.jpg,2 26 417 214 528 8 336 450 533 549
test_Numazu_00033.jpg,5 151 338 312 589
test_Muroran_00125.jpg,2 331 398 517 593
test_Numazu_00356.jpg,5 137 432 600 598 5 177 441 350 600
test_Adachi_00005.jpg,3 94 480 600 583
test_Nagakute_00174.jpg,7 38 500 550 598
test_Chiba_00010.jpg,1 118 468 239 591 8 297 436 462 592
test_Nagakute_00062.jpg,1 271 402 446 600 2 280 385 441 600 5 284 392 440 599
test_Nagakute_00085.jpg,2 11 381 196 595 5 19 481 409 594 5 305 397 593 592 8 326 401 600 575
test_Nagakute_00058.jpg,1 270 409 374 582 8 1 334 153 463
test_Muroran_00055.jpg,5 455 396 594 501
test_Nagakute_00084.jpg,8 99 296 271 595
test_Sumida_00037.jpg,2 142 418 292 571
test_Nagakute_00240.jpg,1 209 323 303 417 8 318 298 600 520
test_Muroran_00141.jpg,5 81 437 494 600
test_Numazu_00204.jpg,3 155 475 564 589 5 0 363 546 594 8 4 279 181 485
test_Nagakute_00180.jpg,2 60 349 211 592
test_Adachi_00253.jpg,5 8 190 266 435
test_Adachi_00081.jpg,7 6 304 493 419
test_Numazu_00381.jpg,2 230 297 318 472
test_Muroran_00156.jpg,1 272 350 558 586 1 335 450 477 598 8 16 337 203 600 8 356 356 596 566
test_Sumida_00134.jpg,2 130 419 225 523
test_Numazu_00076.jpg,2 283 267 329 458
test_Ichihara_00049.jpg,8 0 475 120 579 8 480 471 598 582
test_Sumida_00190.jpg,2 0 183 272 517
test_Muroran_00201.jpg,1 317 373 500 600 1 35 386 190 599 2 308 311 520 556 5 298 314 514 568 8 2 358 183 588
test_Adachi_00286.jpg,1 34 335 326 560
test_Numazu_00092.jpg,2 163 375 246 569 5 88 407 250 598
test_Numazu_00218.jpg,5 231 416 533 572
test_Nagakute_00167.jpg,1 351 429 456 595 2 258 226 346 600 2 272 272 330 537 8 2 229 276 517 8 1 300 172 504
test_Numazu_00114.jpg,2 35 297 195 576 5 23 325 367 585
test_Adachi_00135.jpg,1 33 405 203 572 1 333 359 463 444 1 435 415 540 529
test_Chiba_00076.jpg,2 91 512 207 595
test_Muroran_00020.jpg,2 260 357 323 596 4 162 438 600 558
test_Muroran_00383.jpg,5 0 402 467 600
test_Numazu_00171.jpg,5 98 310 270 443 8 360 306 565 517
test_Numazu_00285.jpg,5 277 419 600 597 8 137 396 223 599
test_Sumida_00098.jpg,7 22 447 481 533
test_Muroran_00312.jpg,2 351 406 598 593 8 203 348 374 425
test_Nagakute_00146.jpg,5 177 381 600 600 8 116 408 600 596
test_Adachi_00308.jpg,2 0 183 272 517
test_Muroran_00014.jpg,2 299 361 452 599 5 320 359 586 554
test_Muroran_00333.jpg,2 0 183 272 517
test_Muroran_00174.jpg,1 152 379 285 600 2 158 364 301 600
test_Adachi_00014.jpg,2 191 366 336 596
test_Numazu_00230.jpg,2 279 401 481 591 8 82 305 216 472
test_Nagakute_00114.jpg,1 225 332 309 576 2 33 346 170 587 8 290 338 572 589
test_Muroran_00299.jpg,5 278 375 567 599
test_Nagakute_00196.jpg,1 216 351 346 520 1 50 347 174 463 5 206 354 332 517 8 4 322 171 457
test_Muroran_00240.jpg,1 132 426 270 598 8 439 394 597 561 8 91 411 269 600
test_Sumida_00033.jpg,2 329 408 426 519
test_Muroran_00112.jpg,2 306 351 550 593 5 47 407 352 600
test_Sumida_00105.jpg,2 0 183 272 517
test_Numazu_00338.jpg,5 407 470 600 589 8 24 435 211 597
test_Numazu_00202.jpg,8 446 478 577 600 8 6 265 223 475
test_Adachi_00069.jpg,5 13 189 187 457
test_Ichihara_00021.jpg,1 149 409 298 600 8 390 400 600 581 8 58 392 284 597
test_Numazu_00160.jpg,7 0 414 500 599 8 31 305 164 481
test_Adachi_00299.jpg,2 5 441 121 591
test_Muroran_00345.jpg,1 87 303 401 594 5 0 321 388 600
test_Muroran_00163.jpg,1 332 351 588 587 5 121 395 600 600 5 357 343 592 594 5 194 445 404 600
test_Numazu_00390.jpg,2 452 478 600 593 5 72 407 269 596 5 39 411 522 599 5 293 470 600 598
test_Adachi_00068.jpg,3 13 313 582 536
test_Chiba_00026.jpg,8 187 497 293 594
test_Adachi_00072.jpg,8 486 304 595 439
test_Nagakute_00125.jpg,3 0 400 481 520 3 1 415 319 571 3 181 409 600 526 5 267 395 600 532
test_Muroran_00260.jpg,1 290 443 389 598 1 392 483 585 600 2 294 430 383 595 5 0 421 563 596
test_Numazu_00176.jpg,2 226 297 342 596 2 288 342 593 595
test_Muroran_00005.jpg,2 90 364 219 578 5 123 409 600 596
test_Adachi_00329.jpg,2 384 364 584 593
test_Numazu_00333.jpg,7 6 427 600 600
test_Sumida_00081.jpg,7 21 456 581 567
test_Numazu_00310.jpg,2 284 351 422 592 5 420 360 593 526 8 435 358 600 509
test_Numazu_00284.jpg,2 244 320 304 592
test_Numazu_00357.jpg,2 331 396 568 595 8 275 336 574 594
test_Nagakute_00185.jpg,5 250 343 427 592
test_Muroran_00322.jpg,2 0 183 272 517
test_Nagakute_00091.jpg,5 41 292 216 533
test_Nagakute_00159.jpg,2 178 279 243 502 2 51 477 129 600
test_Adachi_00180.jpg,2 323 161 415 600
test_Adachi_00130.jpg,2 111 295 262 509 2 416 330 584 599 2 44 292 270 600 2 55 383 204 594 8 373 217 597 550
test_Numazu_00317.jpg,2 358 425 566 595
test_Numazu_00388.jpg,2 60 276 212 578 5 76 288 258 590
test_Numazu_00374.jpg,2 259 305 383 600 5 0 290 356 594
test_Nagakute_00029.jpg,7 0 423 500 594 8 97 300 306 448
test_Muroran_00006.jpg,8 429 389 558 517 8 28 322 294 595
test_Muroran_00397.jpg,2 0 183 272 517
test_Numazu_00396.jpg,2 295 445 385 597
test_Sumida_00060.jpg,2 0 183 272 517
test_Adachi_00164.jpg,5 47 311 327 563 8 407 204 593 454
test_Adachi_00236.jpg,8 383 264 582 469
test_Muroran_00131.jpg,1 406 451 496 598 8 62 381 273 599 8 132 369 283 538
test_Nagakute_00199.jpg,2 343 328 589 596 2 16 280 178 557 8 6 271 183 561
test_Muroran_00238.jpg,5 104 290 244 439
test_Sumida_00217.jpg,2 0 183 272 517
test_Muroran_00045.jpg,5 0 391 433 599 5 3 400 200 600
test_Nagakute_00254.jpg,1 262 453 345 580 8 0 315 210 521
test_Sumida_00226.jpg,8 212 429 313 573
test_Ichihara_00024.jpg,1 155 455 284 600 2 439 379 552 456
test_Adachi_00265.jpg,2 0 183 272 517
test_Adachi_00021.jpg,2 167 174 279 536
test_Muroran_00104.jpg,2 194 418 278 597 2 443 429 600 600 8 476 464 600 600 8 0 375 215 593
test_Sumida_00168.jpg,2 0 183 272 517
test_Nagakute_00099.jpg,5 141 329 549 594 5 334 379 600 600
test_Nagakute_00086.jpg,7 0 408 482 600
test_Nagakute_00121.jpg,1 72 433 187 598 1 214 422 292 593 8 0 387 143 582
test_Nagakute_00154.jpg,2 0 183 272 517
test_Numazu_00340.jpg,5 364 417 576 587 8 0 322 143 576
test_Numazu_00222.jpg,2 0 183 272 517
test_Muroran_00283.jpg,5 5 342 168 578 5 79 392 565 600
test_Sumida_00100.jpg,2 0 183 272 517
test_Numazu_00029.jpg,5 18 390 438 598 5 178 416 557 598
test_Numazu_00393.jpg,5 344 288 597 434
test_Adachi_00251.jpg,1 348 414 463 531
test_Nagakute_00216.jpg,5 14 457 135 593 5 163 464 560 598
test_Numazu_00405.jpg,5 159 328 345 568 8 347 264 600 552 8 4 253 168 453 8 417 381 600 586
test_Muroran_00071.jpg,5 351 394 454 558 5 0 373 539 595 6 4 383 574 591
test_Sumida_00227.jpg,2 355 413 465 555
test_Numazu_00131.jpg,5 33 362 309 589
test_Muroran_00198.jpg,5 0 370 469 595
test_Sumida_00042.jpg,2 0 183 272 517
test_Numazu_00348.jpg,5 74 439 442 592 5 172 458 600 600 5 435 451 596 592 8 444 456 600 597
test_Chiba_00020.jpg,7 149 513 600 598
test_Muroran_00261.jpg,1 95 487 208 597 5 340 453 594 599
test_Adachi_00224.jpg,2 263 151 323 313 2 193 188 314 564 2 184 361 279 577 2 452 307 592 480
test_Adachi_00195.jpg,1 350 499 508 600 3 81 432 339 499
test_Adachi_00124.jpg,2 409 382 600 588
test_Adachi_00131.jpg,5 182 349 558 587
test_Numazu_00254.jpg,1 54 368 249 595
test_Nagakute_00229.jpg,1 111 434 212 574 2 262 333 334 599 5 346 410 544 600
test_Nagakute_00144.jpg,1 6 389 248 566 2 10 380 238 573
test_Nagakute_00073.jpg,2 327 297 597 583 8 26 316 294 598
test_Nagakute_00021.jpg,2 98 240 226 594
test_Sumida_00029.jpg,2 364 434 454 546
test_Muroran_00365.jpg,1 448 406 595 569 8 7 334 262 556 8 402 424 558 599
test_Sumida_00030.jpg,8 361 426 532 558
test_Sumida_00165.jpg,2 0 420 209 553
test_Muroran_00023.jpg,5 103 319 569 599 5 0 317 342 599
test_Numazu_00361.jpg,2 0 183 272 517
test_Muroran_00295.jpg,5 236 472 389 570 8 227 464 407 584
test_Muroran_00179.jpg,2 371 439 485 594
test_Adachi_00219.jpg,1 308 375 472 501 5 327 391 468 499
test_Nagakute_00241.jpg,1 105 414 236 592 2 309 342 388 600 8 10 327 264 598
test_Numazu_00180.jpg,8 279 416 501 592
test_Ichihara_00046.jpg,2 116 398 313 584
test_Sumida_00123.jpg,2 0 392 217 545 8 5 417 175 520
test_Numazu_00108.jpg,5 443 411 596 575
test_Numazu_00288.jpg,2 311 434 422 577
test_Numazu_00258.jpg,2 0 183 272 517
test_Sumida_00096.jpg,2 0 414 165 524 2 221 429 307 550 8 422 445 594 577 8 470 491 587 580
test_Adachi_00262.jpg,7 62 391 585 563
test_Numazu_00372.jpg,2 120 297 261 600 5 171 308 595 598 6 205 288 581 582
test_Sumida_00118.jpg,2 0 183 272 517
test_Numazu_00385.jpg,5 10 359 198 595
test_Adachi_00327.jpg,8 436 378 599 541 8 51 375 248 552
test_Nagakute_00202.jpg,8 275 370 600 590 8 5 352 180 498
test_Numazu_00339.jpg,8 0 300 195 556 8 306 300 587 577 8 396 392 592 592
test_Nagakute_00217.jpg,1 158 395 284 597
test_Nagakute_00008.jpg,2 301 395 372 551 5 41 422 559 595 5 2 479 356 600
test_Chiba_00069.jpg,2 0 183 272 517
test_Numazu_00168.jpg,5 7 344 308 600 5 230 329 564 600 8 284 307 501 598 8 0 331 115 457
test_Chiba_00045.jpg,1 282 481 368 589 1 13 519 139 594 8 200 472 329 592
test_Sumida_00111.jpg,8 423 474 578 558
test_Numazu_00302.jpg,1 406 437 527 590 2 0 338 123 508
test_Muroran_00194.jpg,5 11 395 173 579
test_Numazu_00292.jpg,2 314 305 564 550
test_Numazu_00225.jpg,2 136 305 230 600 5 157 343 482 586
test_Sumida_00045.jpg,7 186 436 584 541
test_Sumida_00068.jpg,2 334 404 406 538
test_Muroran_00407.jpg,5 243 381 550 594
test_Muroran_00293.jpg,2 0 183 272 517
test_Muroran_00418.jpg,5 34 376 515 591
test_Ichihara_00030.jpg,5 51 383 314 600 5 112 380 598 600
test_Adachi_00117.jpg,2 229 361 274 600
test_Sumida_00106.jpg,2 0 183 272 517
test_Muroran_00153.jpg,1 103 429 265 592 8 5 337 256 577
test_Nagakute_00187.jpg,1 295 426 501 597 2 176 378 269 600 2 270 382 535 597 5 286 398 532 592
test_Adachi_00018.jpg,2 339 331 424 599
test_Muroran_00354.jpg,2 318 384 474 592
test_Numazu_00210.jpg,5 81 467 522 599 5 313 455 515 600 6 101 439 460 594
test_Ichihara_00026.jpg,8 441 484 560 598
test_Ichihara_00047.jpg,2 464 415 597 536
test_Adachi_00269.jpg,2 382 317 486 401 7 39 392 600 600
test_Adachi_00276.jpg,2 431 296 600 552
test_Nagakute_00190.jpg,1 33 342 223 568
test_Muroran_00425.jpg,8 277 328 340 599
test_Muroran_00074.jpg,2 0 183 272 517
test_Muroran_00130.jpg,1 54 381 220 598 5 70 380 491 597
test_Adachi_00153.jpg,1 275 423 363 599 8 374 328 510 446
test_Numazu_00395.jpg,2 49 376 227 595
test_Numazu_00366.jpg,2 290 361 438 585 2 1 390 107 580 7 84 270 383 338 8 409 370 600 580 8 243 430 327 585
test_Sumida_00166.jpg,2 327 386 394 540
test_Numazu_00259.jpg,1 334 446 420 600 1 460 430 573 538
test_Muroran_00315.jpg,5 84 341 598 598
test_Nagakute_00078.jpg,1 266 329 448 520 8 1 268 198 523
test_Numazu_00246.jpg,2 259 370 429 597 5 251 376 583 598
test_Chiba_00079.jpg,1 177 461 259 581 1 297 480 372 592
test_Numazu_00323.jpg,7 122 355 600 484
test_Numazu_00397.jpg,2 234 384 326 600
test_Numazu_00235.jpg,1 38 329 210 570 1 313 366 543 585 8 280 290 569 535
test_Numazu_00315.jpg,1 308 418 420 575 8 2 367 116 514 8 401 407 586 591 8 314 323 568 588
test_Chiba_00089.jpg,2 0 183 272 517
test_Adachi_00263.jpg,1 391 350 591 600
test_Adachi_00128.jpg,1 0 299 266 533 5 14 302 275 581
test_Muroran_00007.jpg,5 12 335 511 600
test_Numazu_00277.jpg,8 301 396 566 600 8 5 390 176 537
test_Nagakute_00109.jpg,2 233 292 421 546 2 304 384 471 600 3 70 430 333 494
test_Numazu_00281.jpg,5 16 344 251 572
test_Ichihara_00045.jpg,7 60 442 600 598
test_Muroran_00132.jpg,5 37 378 595 598
test_Muroran_00213.jpg,5 21 375 493 599 5 327 391 509 598
test_Muroran_00120.jpg,1 353 496 463 598 5 0 466 367 596
test_Numazu_00105.jpg,2 337 338 574 584
test_Nagakute_00201.jpg,5 195 397 390 598 8 21 405 186 600
test_Adachi_00096.jpg,2 293 310 418 590
test_Adachi_00270.jpg,2 187 343 260 600
test_Muroran_00419.jpg,5 19 343 568 594 5 270 329 548 565 5 1 332 271 593
test_Adachi_00289.jpg,8 2 293 256 600
test_Muroran_00298.jpg,2 375 390 584 595
test_Numazu_00036.jpg,2 5 272 206 600 5 25 302 276 590 8 351 394 556 592
test_Ichihara_00028.jpg,7 0 457 572 600
test_Numazu_00391.jpg,5 0 363 451 591
test_Nagakute_00244.jpg,1 301 405 417 534 8 5 326 190 501
test_Muroran_00294.jpg,5 152 459 347 597
test_Sumida_00193.jpg,2 188 405 282 543
test_Ichihara_00029.jpg,1 381 402 573 600 5 383 396 564 600 8 0 472 181 599
test_Muroran_00143.jpg,1 103 415 259 600 5 1 364 234 580 8 371 392 477 600
test_Sumida_00197.jpg,2 208 382 280 503
test_Sumida_00141.jpg,1 163 455 293 571 8 389 437 590 590 8 169 454 304 573 8 71 453 234 570
test_Muroran_00047.jpg,2 172 345 256 600 8 426 395 599 529
test_Muroran_00085.jpg,1 371 408 522 598 5 22 377 412 600
test_Muroran_00244.jpg,5 439 416 598 573 8 496 457 600 569 8 71 335 250 599
test_Muroran_00348.jpg,5 209 337 583 580 5 364 379 600 589
test_Nagakute_00250.jpg,7 3 382 600 600
test_Adachi_00154.jpg,1 394 391 576 596 2 393 390 569 598
test_Nagakute_00274.jpg,5 0 474 372 598 5 10 458 214 598 5 108 483 520 598 8 348 425 543 600 8 3 358 195 547
test_Adachi_00085.jpg,2 157 307 266 600
test_Adachi_00261.jpg,2 7 158 156 480
test_Sumida_00031.jpg,2 364 409 544 567 8 361 409 547 574
test_Muroran_00100.jpg,2 0 183 272 517
test_Nagakute_00198.jpg,1 246 416 313 600 2 250 409 309 600
test_Nagakute_00139.jpg,1 32 375 154 599 5 276 424 531 596 8 0 299 124 506
test_Numazu_00229.jpg,2 0 304 102 516
test_Adachi_00073.jpg,2 419 466 548 594 8 338 380 444 485 8 353 422 557 487
test_Muroran_00031.jpg,5 15 364 528 600
test_Muroran_00257.jpg,5 38 371 491 595 5 69 333 296 585
test_Muroran_00357.jpg,5 28 407 550 597
test_Numazu_00370.jpg,2 252 362 334 592
test_Nagakute_00168.jpg,4 18 458 473 566 8 4 327 160 476
test_Adachi_00165.jpg,7 21 192 585 395
test_Adachi_00208.jpg,2 116 397 213 511 5 355 329 572 595 5 163 380 600 593 8 419 380 577 600
test_Adachi_00086.jpg,1 152 324 254 515 1 313 297 422 409 1 6 324 143 425
test_Adachi_00273.jpg,2 144 257 281 600 8 217 284 398 425
test_Adachi_00225.jpg,8 23 229 227 532 8 75 140 425 408
test_Adachi_00030.jpg,7 0 177 529 372
test_Muroran_00204.jpg,5 111 330 401 594
test_Numazu_00240.jpg,2 257 372 414 600
test_Muroran_00328.jpg,1 308 389 373 597 1 169 429 281 600
test_Sumida_00043.jpg,2 0 183 272 517
test_Adachi_00228.jpg,7 25 332 600 600
test_Muroran_00008.jpg,5 153 334 565 595 5 0 431 163 597 5 0 349 373 600
test_Adachi_00029.jpg,2 301 222 361 550 8 5 212 200 362
test_Muroran_00384.jpg,2 383 336 564 597 5 372 364 592 598 5 421 458 582 596
test_Numazu_00250.jpg,2 100 323 252 586 2 306 307 572 597 2 378 399 549 594
test_Adachi_00240.jpg,2 0 183 272 517
test_Nagakute_00227.jpg,5 160 365 325 537
test_Ichihara_00038.jpg,1 406 391 502 589
test_Nagakute_00127.jpg,1 282 517 397 600
test_Adachi_00197.jpg,2 340 231 426 425 8 396 410 491 585
test_Muroran_00420.jpg,1 323 363 398 473 8 370 393 591 600
test_Adachi_00105.jpg,1 103 205 233 600 2 497 224 599 346 2 116 82 239 390
test_Numazu_00095.jpg,5 233 297 397 594 5 0 355 393 593 7 0 410 383 594 8 2 418 304 593
test_Muroran_00297.jpg,2 360 357 583 549 5 137 436 289 545
test_Nagakute_00226.jpg,1 89 354 178 474 8 274 348 544 591
test_Chiba_00052.jpg,2 0 183 272 517
test_Muroran_00115.jpg,2 296 340 360 597
test_Muroran_00058.jpg,2 164 507 299 594 8 0 504 105 600
test_Muroran_00381.jpg,2 117 338 195 584 8 271 336 356 384
test_Sumida_00151.jpg,2 368 385 515 554 2 420 443 509 547
test_Nagakute_00173.jpg,5 50 443 600 600 7 200 339 600 464 7 61 335 597 552
test_Chiba_00034.jpg,2 289 398 413 548
test_Muroran_00059.jpg,2 305 380 375 499 7 18 479 580 600
test_Numazu_00097.jpg,5 110 406 298 598
test_Numazu_00233.jpg,1 145 358 326 575
test_Chiba_00038.jpg,8 304 459 499 599
test_Adachi_00314.jpg,2 375 366 551 598 4 220 340 402 385
test_Sumida_00059.jpg,2 327 407 416 545
test_Sumida_00205.jpg,8 377 418 586 573
test_Muroran_00321.jpg,5 103 370 600 600 8 407 500 525 600
test_Nagakute_00016.jpg,5 125 366 365 594 5 382 435 600 598
test_Numazu_00268.jpg,8 117 363 305 600
test_Adachi_00246.jpg,7 0 143 484 327 7 89 145 590 275 8 347 276 439 435
test_Numazu_00384.jpg,7 30 299 582 464
test_Adachi_00087.jpg,2 0 183 272 517
test_Numazu_00170.jpg,7 162 347 508 511
test_Adachi_00127.jpg,1 136 458 217 596 8 365 310 597 562
test_Adachi_00172.jpg,1 123 216 285 482
test_Sumida_00041.jpg,2 0 183 272 517
test_Numazu_00193.jpg,1 44 415 157 579
test_Sumida_00028.jpg,2 361 413 485 551
test_Muroran_00376.jpg,5 70 354 423 519
test_Adachi_00237.jpg,8 286 320 598 519
test_Nagakute_00239.jpg,1 224 410 332 593 8 304 419 485 594
test_Ichihara_00042.jpg,1 390 399 513 473 8 0 477 156 598
test_Nagakute_00181.jpg,5 38 351 536 600
test_Sumida_00135.jpg,8 472 505 594 596
test_Numazu_00083.jpg,5 0 352 362 594 5 152 336 412 589 8 210 341 503 591
test_Muroran_00180.jpg,2 0 183 272 517
test_Muroran_00269.jpg,5 0 367 575 599
test_Numazu_00030.jpg,8 185 302 347 551 8 168 385 395 595
test_Chiba_00002.jpg,7 0 511 371 598
test_Numazu_00336.jpg,8 378 459 593 598 8 63 291 225 592 8 289 342 576 600 8 300 318 481 515
test_Adachi_00035.jpg,4 240 450 600 548
test_Nagakute_00030.jpg,1 343 456 590 596 2 264 353 357 598
test_Muroran_00035.jpg,1 65 401 222 597 8 448 390 599 511 8 409 392 582 584
test_Muroran_00424.jpg,5 51 407 600 599
test_Muroran_00186.jpg,1 273 338 326 533 8 0 331 226 561 8 354 353 467 506
test_Muroran_00326.jpg,5 39 375 288 600
test_Muroran_00417.jpg,2 392 342 597 597 2 1 394 185 578 8 188 387 335 552
test_Muroran_00398.jpg,5 345 441 561 593
test_Nagakute_00260.jpg,2 263 296 519 600 3 353 416 572 483 3 236 354 534 537
test_Muroran_00053.jpg,2 0 183 272 517
test_Sumida_00091.jpg,5 157 386 283 488
test_Sumida_00170.jpg,2 310 385 406 533
test_Muroran_00413.jpg,2 418 361 533 598 7 61 304 252 405
test_Muroran_00388.jpg,5 10 328 291 600 5 63 368 589 594 5 331 450 560 590
test_Adachi_00061.jpg,1 409 247 599 449 2 412 254 600 456 2 0 355 159 587
test_Nagakute_00074.jpg,5 118 338 290 598 8 453 369 600 495
test_Nagakute_00043.jpg,1 120 428 213 596 1 296 387 446 569 8 3 309 207 507
test_Adachi_00196.jpg,2 332 314 558 586
test_Muroran_00078.jpg,5 0 406 121 579
test_Adachi_00013.jpg,2 423 397 551 592 2 375 307 466 447
test_Numazu_00064.jpg,2 0 183 272 517
test_Muroran_00273.jpg,2 15 327 192 592
test_Nagakute_00041.jpg,1 229 492 383 600
test_Nagakute_00057.jpg,2 391 473 479 598
test_Ichihara_00002.jpg,1 377 424 537 589 8 19 442 201 597
test_Nagakute_00221.jpg,1 336 459 600 598
test_Muroran_00109.jpg,5 61 357 559 598
test_Numazu_00161.jpg,8 314 274 591 524 8 7 287 198 467
test_Adachi_00250.jpg,2 299 308 443 598
test_Muroran_00138.jpg,5 106 363 566 597
test_Muroran_00211.jpg,2 181 448 383 592 5 480 459 599 600
test_Nagakute_00061.jpg,7 0 444 503 600
test_Numazu_00006.jpg,2 0 183 272 517
test_Numazu_00353.jpg,2 308 350 473 600
test_Numazu_00201.jpg,2 316 472 388 597 2 444 471 512 598
test_Muroran_00391.jpg,2 336 377 432 599 2 96 379 212 600
test_Muroran_00219.jpg,2 336 351 591 567 2 271 363 359 600
test_Sumida_00018.jpg,8 438 486 598 577
test_Numazu_00147.jpg,5 0 419 410 595
test_Muroran_00344.jpg,5 32 389 584 595
test_Numazu_00013.jpg,2 0 183 272 517
test_Numazu_00261.jpg,2 77 273 235 593 2 83 371 183 586 5 39 366 215 586
test_Adachi_00098.jpg,1 381 405 511 574 2 162 371 260 585 7 199 303 600 388
test_Nagakute_00113.jpg,2 83 264 247 560
test_Numazu_00110.jpg,2 308 333 589 587 5 147 363 307 593 8 333 337 561 582 8 151 340 292 535
test_Adachi_00321.jpg,2 303 337 473 600
test_Chiba_00061.jpg,2 0 183 272 517
test_Adachi_00217.jpg,7 0 327 493 536
test_Nagakute_00116.jpg,1 164 430 252 580 1 325 384 507 594 1 305 383 420 507
test_Chiba_00011.jpg,2 373 446 594 577
test_Muroran_00310.jpg,1 465 424 596 537
test_Numazu_00178.jpg,5 192 482 352 599
test_Ichihara_00023.jpg,1 395 396 598 584 8 382 390 600 595
test_Adachi_00275.jpg,2 429 300 598 590
test_Numazu_00306.jpg,1 199 300 279 438
test_Nagakute_00140.jpg,2 238 397 417 599
test_Muroran_00098.jpg,2 387 415 596 593 8 9 478 126 594
test_Nagakute_00031.jpg,7 0 419 583 600
test_Numazu_00063.jpg,5 0 348 460 590 5 198 321 377 508 5 14 363 218 520
test_Muroran_00137.jpg,1 370 410 482 567 1 287 396 423 592 8 0 367 215 559
test_Nagakute_00038.jpg,5 131 457 251 562 8 0 409 177 600
test_Nagakute_00262.jpg,1 272 377 413 588 8 0 348 159 511
test_Adachi_00201.jpg,2 312 467 392 598 2 498 487 597 577 8 372 384 478 465
test_Muroran_00111.jpg,5 253 396 459 595 8 344 445 449 600
test_Muroran_00416.jpg,5 295 418 501 503 5 69 401 311 484
test_Chiba_00058.jpg,1 302 431 393 538
test_Nagakute_00149.jpg,2 0 183 272 517
test_Adachi_00318.jpg,7 138 143 597 260 8 0 495 385 595 8 0 504 199 592
test_Sumida_00056.jpg,7 44 461 534 553
test_Adachi_00161.jpg,8 147 347 458 596
test_Nagakute_00093.jpg,8 16 363 194 596 8 329 423 591 595
test_Nagakute_00147.jpg,1 46 412 187 600
test_Numazu_00093.jpg,2 0 183 272 517
test_Numazu_00192.jpg,2 117 273 213 435 2 20 289 200 600 5 329 321 591 576
test_Nagakute_00072.jpg,1 219 438 277 600
test_Adachi_00020.jpg,1 92 192 263 452 1 82 333 177 507 8 252 116 336 456
test_Sumida_00015.jpg,1 347 452 418 542 8 324 416 465 555
test_Muroran_00068.jpg,5 71 335 286 592 5 175 456 574 598 5 403 469 591 596 5 456 330 595 443 8 416 374 553 506
test_Numazu_00071.jpg,8 26 336 185 587
test_Adachi_00054.jpg,1 4 328 108 433 2 119 389 167 598
test_Sumida_00006.jpg,1 79 462 204 553 8 17 463 180 561
test_Numazu_00132.jpg,5 20 337 433 600
test_Muroran_00246.jpg,1 313 350 425 599
test_Numazu_00401.jpg,1 135 395 240 550 8 335 398 591 598
test_Numazu_00103.jpg,5 234 373 557 526
test_Sumida_00016.jpg,2 219 432 295 545
test_Muroran_00255.jpg,5 0 315 478 600 5 204 340 600 597
test_Numazu_00078.jpg,6 131 383 357 595
test_Muroran_00343.jpg,2 0 183 272 517
test_Nagakute_00066.jpg,2 278 348 327 591
test_Muroran_00060.jpg,1 126 449 219 581 1 420 443 597 582
test_Numazu_00350.jpg,2 307 316 362 588
test_Chiba_00021.jpg,1 445 482 586 579 5 293 476 388 588
test_Nagakute_00197.jpg,2 142 393 201 597
test_Adachi_00268.jpg,1 247 322 366 433
test_Muroran_00245.jpg,2 244 363 314 600 3 83 503 310 555
test_Numazu_00220.jpg,5 251 318 529 573 6 248 350 486 591
test_Muroran_00117.jpg,2 194 422 284 598 2 0 408 180 565
test_Adachi_00088.jpg,2 187 281 274 484
test_Numazu_00308.jpg,5 52 484 230 598
test_Muroran_00183.jpg,5 94 291 503 600 5 5 332 351 593
test_Sumida_00055.jpg,2 338 430 403 543 8 383 432 540 559 8 118 440 233 558
test_Nagakute_00265.jpg,2 334 357 600 595 2 146 309 272 534 8 317 360 600 600
test_Sumida_00195.jpg,8 431 464 596 592
test_Nagakute_00135.jpg,1 177 503 339 596 8 10 377 211 600 8 357 373 600 585
test_Sumida_00063.jpg,2 401 422 600 528
test_Adachi_00099.jpg,8 38 290 201 599
test_Adachi_00257.jpg,7 14 174 507 310
test_Numazu_00088.jpg,5 51 392 502 600 5 325 440 600 595 8 3 358 197 594 8 409 471 589 596 8 1 439 137 600
test_Chiba_00068.jpg,2 0 183 272 517
test_Muroran_00070.jpg,2 151 340 268 600
test_Sumida_00224.jpg,7 85 422 600 561
test_Nagakute_00007.jpg,2 46 329 247 600 5 148 327 598 592 5 198 364 414 595
test_Muroran_00286.jpg,5 50 373 495 600
test_Numazu_00090.jpg,2 312 407 409 589 4 97 384 330 426
test_Numazu_00251.jpg,8 330 416 449 535
test_Muroran_00012.jpg,5 357 392 595 594
test_Nagakute_00025.jpg,1 57 396 165 544 8 384 450 592 595
test_Muroran_00352.jpg,5 97 359 600 592 5 117 396 418 596
test_Muroran_00278.jpg,2 0 183 272 517
test_Muroran_00116.jpg,6 69 377 597 584
test_Numazu_00113.jpg,2 110 302 239 592 5 327 344 600 574 8 7 297 185 495 8 101 306 239 593
test_Muroran_00262.jpg,5 112 321 592 600
test_Muroran_00243.jpg,2 410 393 520 519 5 189 316 492 582 5 221 365 382 585 8 0 278 224 600
test_Sumida_00044.jpg,2 357 416 478 549
test_Sumida_00052.jpg,2 105 410 249 564
test_Sumida_00095.jpg,1 158 399 262 497
test_Muroran_00422.jpg,2 0 183 272 517
test_Adachi_00120.jpg,2 380 244 560 527
test_Muroran_00342.jpg,2 380 407 591 593 5 0 365 375 594 5 141 383 487 600
test_Nagakute_00004.jpg,1 432 457 583 595 5 79 462 267 600
test_Sumida_00035.jpg,2 325 406 411 541 8 472 441 592 513
test_Adachi_00287.jpg,2 431 332 590 567
test_Adachi_00139.jpg,1 449 416 591 599
test_Adachi_00070.jpg,2 344 367 513 599
test_Muroran_00022.jpg,5 37 443 297 599 8 316 384 383 546
test_Nagakute_00134.jpg,1 2 428 250 600 2 238 311 405 587
test_Sumida_00046.jpg,2 317 407 378 543
test_Sumida_00087.jpg,2 379 424 489 577
test_Numazu_00221.jpg,2 248 288 362 600 2 273 371 347 599 8 305 329 394 434
test_Nagakute_00096.jpg,1 337 375 474 546 1 188 493 334 594
test_Sumida_00027.jpg,1 343 429 407 549
test_Adachi_00296.jpg,2 370 315 597 564
test_Ichihara_00014.jpg,1 151 480 267 600 2 412 431 598 583
test_Muroran_00091.jpg,1 8 417 176 600 1 208 447 360 600 1 35 412 144 541 2 302 347 489 587 8 312 354 414 475
test_Adachi_00330.jpg,5 147 218 353 344 5 382 214 597 368 7 102 257 587 600
test_Adachi_00315.jpg,7 47 182 555 272
test_Sumida_00082.jpg,2 0 183 272 517
test_Muroran_00247.jpg,8 65 370 209 598
test_Nagakute_00032.jpg,2 130 358 221 600
test_Sumida_00053.jpg,8 341 428 433 538
test_Adachi_00277.jpg,2 11 348 106 473
test_Sumida_00128.jpg,2 209 400 279 523 8 68 390 173 540
test_Muroran_00172.jpg,5 0 393 474 600
test_Nagakute_00248.jpg,1 64 466 192 595 8 230 313 600 591
test_Numazu_00062.jpg,5 275 413 540 593 5 70 399 200 546 8 259 299 579 545
test_Muroran_00083.jpg,5 230 313 355 500 5 191 318 600 588
test_Nagakute_00259.jpg,1 306 385 497 598 8 2 317 210 590
test_Numazu_00239.jpg,2 0 183 272 517
test_Muroran_00335.jpg,5 345 411 589 599 5 50 335 229 596 5 6 344 430 596
test_Nagakute_00235.jpg,1 252 430 463 594 8 3 338 183 502
test_Numazu_00212.jpg,8 321 432 598 597
test_Numazu_00342.jpg,1 105 363 279 594
test_Nagakute_00176.jpg,2 143 404 238 600
test_Muroran_00003.jpg,5 134 365 447 593
test_Muroran_00409.jpg,5 19 374 512 596 5 160 391 600 600
test_Nagakute_00246.jpg,2 252 370 340 600
test_Numazu_00206.jpg,2 0 183 272 517
test_Sumida_00212.jpg,2 316 397 384 510
test_Numazu_00053.jpg,1 353 380 499 585 2 355 376 500 578 8 377 366 579 572
test_Sumida_00156.jpg,2 192 449 270 560
test_Muroran_00142.jpg,2 0 183 272 517
test_Nagakute_00130.jpg,1 175 431 247 598
test_Numazu_00389.jpg,5 0 351 587 597
test_Adachi_00185.jpg,1 238 357 410 600
test_Sumida_00007.jpg,1 155 430 340 531 5 156 432 351 538 8 6 415 87 551
test_Muroran_00052.jpg,1 69 398 321 582 1 406 372 592 513 1 259 493 352 600
test_Chiba_00041.jpg,2 0 183 272 517
test_Numazu_00072.jpg,8 306 318 486 480 8 11 285 205 507 8 180 275 252 389
test_Sumida_00076.jpg,2 343 430 415 558
test_Sumida_00186.jpg,2 0 183 272 517
test_Sumida_00088.jpg,2 0 183 272 517
test_Sumida_00080.jpg,8 333 398 433 536
test_Sumida_00019.jpg,7 121 467 600 569
test_Sumida_00131.jpg,8 149 433 266 559
test_Muroran_00206.jpg,5 0 360 336 595
test_Adachi_00238.jpg,2 225 193 286 486
test_Muroran_00263.jpg,1 281 393 471 598 5 289 392 478 599 5 0 394 73 596
test_Muroran_00128.jpg,2 426 385 585 525 8 22 396 195 600
test_Numazu_00272.jpg,5 205 321 366 597 8 300 315 395 438
test_Muroran_00300.jpg,3 335 530 526 592
test_Adachi_00220.jpg,1 366 435 544 581
test_Sumida_00137.jpg,2 12 429 167 537 2 332 431 412 543
test_Muroran_00318.jpg,2 301 372 354 599 5 2 430 227 598
test_Numazu_00343.jpg,7 0 396 537 599
test_Adachi_00198.jpg,2 347 306 591 546
test_Muroran_00252.jpg,2 297 309 375 560
test_Sumida_00145.jpg,8 378 438 551 560
test_Muroran_00224.jpg,5 0 359 257 590 8 322 407 407 589
test_Muroran_00334.jpg,2 287 367 513 553 2 249 326 443 483
test_Numazu_00360.jpg,1 157 300 257 584 5 0 279 267 592 8 315 296 574 584 8 0 284 163 490
test_Muroran_00401.jpg,8 309 425 412 595
test_Nagakute_00067.jpg,1 138 384 361 592
test_Nagakute_00019.jpg,2 393 305 594 490
test_Numazu_00197.jpg,2 0 183 272 517
test_Muroran_00113.jpg,5 117 369 322 600 5 387 368 593 574
test_Nagakute_00153.jpg,7 0 428 564 599
test_Sumida_00064.jpg,2 107 404 199 525
test_Muroran_00216.jpg,5 5 363 537 600 5 0 366 229 600
test_Numazu_00208.jpg,1 259 451 340 595 8 322 420 431 509
test_Sumida_00013.jpg,2 413 450 598 595
test_Nagakute_00183.jpg,1 188 409 312 599 8 2 360 128 525
test_Muroran_00379.jpg,5 137 423 309 600
test_Adachi_00223.jpg,2 0 183 272 517
test_Nagakute_00048.jpg,1 59 426 195 594 8 266 380 419 595
test_Muroran_00241.jpg,2 175 290 249 435 7 0 425 495 596
test_Adachi_00059.jpg,2 125 292 290 584
test_Sumida_00144.jpg,8 454 463 595 566
test_Adachi_00160.jpg,2 313 334 399 568
test_Muroran_00154.jpg,5 50 396 473 598
test_Adachi_00138.jpg,2 430 291 597 561
test_Numazu_00400.jpg,2 112 415 198 600 2 267 374 353 599
test_Muroran_00067.jpg,1 346 413 564 600 5 344 411 565 600 8 106 438 253 600
test_Muroran_00026.jpg,2 118 351 276 600 2 327 319 523 600
test_Adachi_00179.jpg,5 231 337 579 600 5 0 423 532 599 8 289 314 530 590
test_Chiba_00063.jpg,8 447 475 599 580
test_Sumida_00167.jpg,8 406 456 589 598
test_Adachi_00231.jpg,1 380 176 597 479 1 158 128 289 511
test_Adachi_00260.jpg,2 445 351 594 482
test_Sumida_00024.jpg,2 210 396 302 521 8 347 425 448 536
test_Nagakute_00122.jpg,2 234 317 355 520 3 102 376 284 432
test_Adachi_00320.jpg,1 148 254 232 416 2 349 163 463 528 2 308 126 421 427 2 303 125 381 309 8 302 167 384 368
test_Numazu_00159.jpg,1 7 405 175 596
test_Adachi_00074.jpg,1 425 419 567 600
test_Muroran_00405.jpg,2 266 321 437 595
test_Chiba_00039.jpg,5 84 462 600 581
test_Muroran_00066.jpg,5 0 369 484 595 5 158 410 560 574
test_Muroran_00148.jpg,2 309 388 367 527 8 498 471 599 593 8 71 404 259 600
test_Muroran_00144.jpg,5 69 442 492 597
test_Muroran_00013.jpg,2 0 183 272 517
test_Sumida_00036.jpg,2 27 439 201 569
test_Muroran_00228.jpg,5 201 428 531 597
test_Muroran_00349.jpg,2 134 332 210 597 8 313 380 417 481
test_Muroran_00364.jpg,8 115 381 279 600 8 393 354 599 525
test_Sumida_00202.jpg,2 260 424 312 562
test_Adachi_00302.jpg,2 0 183 272 517
test_Nagakute_00182.jpg,8 291 328 488 571
test_Nagakute_00242.jpg,2 2 382 181 600 2 295 358 433 597
test_Chiba_00082.jpg,2 0 183 272 517
test_Ichihara_00019.jpg,1 237 489 339 594 8 5 433 215 596
test_Numazu_00237.jpg,5 46 395 421 600 5 71 429 222 598
test_Muroran_00353.jpg,2 0 183 272 517
test_Sumida_00021.jpg,2 0 183 272 517
test_Numazu_00325.jpg,8 5 400 148 582
test_Numazu_00262.jpg,1 53 358 187 460 8 294 280 576 589 8 194 420 303 594
test_Numazu_00207.jpg,7 193 263 452 341
test_Adachi_00215.jpg,2 343 198 525 600
test_Muroran_00412.jpg,5 8 361 491 600
test_Adachi_00324.jpg,2 163 370 281 595 2 404 392 593 543
test_Numazu_00141.jpg,2 239 342 351 600 8 294 324 519 599
test_Sumida_00122.jpg,7 55 440 522 524
test_Sumida_00116.jpg,2 0 183 272 517
test_Nagakute_00258.jpg,5 354 451 490 567
test_Adachi_00002.jpg,2 74 187 304 600 2 135 199 291 504
test_Sumida_00200.jpg,1 261 438 374 563
test_Numazu_00198.jpg,5 108 337 600 589 5 238 318 383 599
test_Numazu_00059.jpg,7 0 366 541 581 7 152 376 600 600
test_Muroran_00258.jpg,1 246 382 383 598 1 10 359 162 600 1 230 339 330 533 5 5 328 177 600 8 356 414 543 597
test_Numazu_00016.jpg,2 291 312 465 563
test_Muroran_00044.jpg,5 45 368 600 600 5 1 402 360 598
test_Sumida_00104.jpg,2 243 407 385 535
test_Nagakute_00261.jpg,1 30 428 142 563 8 6 333 202 529
test_Sumida_00211.jpg,8 338 402 547 558
test_Adachi_00022.jpg,1 289 484 400 599 1 186 349 277 484
test_Adachi_00095.jpg,2 190 347 287 595
test_Muroran_00272.jpg,2 368 390 535 573 8 368 398 534 566
test_Adachi_00294.jpg,2 392 308 536 587 2 351 243 497 530 7 175 190 526 249
test_Adachi_00084.jpg,1 380 474 489 597 8 39 405 265 598
test_Muroran_00127.jpg,5 265 462 400 592 8 420 339 588 459
test_Adachi_00019.jpg,8 348 436 483 598
test_Adachi_00136.jpg,2 295 88 473 253 7 9 243 538 599
test_Sumida_00154.jpg,2 0 183 272 517
test_Numazu_00188.jpg,2 0 183 272 517
test_Nagakute_00141.jpg,3 141 371 319 431
test_Adachi_00091.jpg,1 134 382 314 598
test_Chiba_00044.jpg,2 0 183 272 517
test_Muroran_00082.jpg,5 0 312 514 598
test_Muroran_00050.jpg,5 188 358 600 596
test_Nagakute_00105.jpg,2 338 450 498 600
test_Muroran_00167.jpg,5 0 326 410 595
test_Sumida_00017.jpg,1 195 429 313 529
test_Adachi_00063.jpg,2 476 284 596 439
test_Numazu_00387.jpg,1 265 383 324 587
test_Numazu_00399.jpg,5 351 373 577 570 6 0 309 292 516
test_Sumida_00103.jpg,7 123 470 600 568
test_Muroran_00057.jpg,5 141 390 566 591
test_Muroran_00061.jpg,2 279 418 340 597 2 237 351 351 600 8 52 9 490 163
test_Muroran_00077.jpg,5 43 375 359 600
test_Nagakute_00028.jpg,2 113 442 194 598
test_Muroran_00331.jpg,5 0 323 94 511 7 100 356 595 521
test_Numazu_00040.jpg,8 21 273 210 600 8 352 323 595 479
test_Ichihara_00032.jpg,7 35 475 600 600
test_Muroran_00170.jpg,2 0 183 272 517
test_Muroran_00185.jpg,5 53 331 582 600 5 3 301 337 589
test_Nagakute_00110.jpg,2 314 218 590 518 8 15 270 235 553
test_Nagakute_00210.jpg,8 54 398 281 504
test_Muroran_00250.jpg,2 389 372 510 562 5 145 409 290 593 5 92 398 557 596 8 274 470 338 599
test_Chiba_00037.jpg,7 155 492 600 592
test_Sumida_00221.jpg,2 0 183 272 517
test_Numazu_00152.jpg,1 264 498 349 598
test_Muroran_00182.jpg,1 189 412 275 591
test_Sumida_00089.jpg,7 62 444 599 543
test_Muroran_00288.jpg,5 123 334 519 593
test_Muroran_00150.jpg,5 262 296 470 448 5 83 405 600 600
test_Chiba_00031.jpg,2 73 463 194 595
test_Sumida_00075.jpg,2 215 400 290 548
test_Numazu_00075.jpg,5 87 397 269 596
test_Numazu_00234.jpg,1 238 371 305 583
test_Numazu_00091.jpg,1 187 400 270 594 1 292 449 456 594 8 16 282 210 598
test_Chiba_00094.jpg,2 0 183 272 517
test_Adachi_00078.jpg,1 367 307 518 463 8 373 250 598 437
test_Sumida_00012.jpg,2 370 443 505 591
test_Muroran_00306.jpg,2 288 341 338 600
test_Sumida_00073.jpg,2 254 401 350 538
test_Muroran_00171.jpg,5 54 352 600 596
test_Muroran_00105.jpg,8 376 506 519 598
test_Nagakute_00263.jpg,1 293 354 486 573
test_Adachi_00062.jpg,7 51 361 533 495 8 4 364 224 596
test_Adachi_00122.jpg,1 144 248 380 563
test_Sumida_00121.jpg,8 4 433 228 570
test_Muroran_00380.jpg,1 122 454 244 597 8 393 414 595 600
test_Adachi_00016.jpg,1 380 341 509 600
test_Muroran_00187.jpg,5 0 374 458 598 5 228 363 422 586
test_Adachi_00221.jpg,1 379 414 480 536 8 391 375 554 551
test_Adachi_00317.jpg,2 0 340 154 494 8 443 365 597 496
test_Adachi_00207.jpg,1 416 245 584 430
test_Adachi_00218.jpg,2 445 213 558 537 7 0 221 369 523
test_Adachi_00015.jpg,1 106 118 250 521
test_Adachi_00209.jpg,1 396 281 522 462 2 4 179 166 504
test_Numazu_00186.jpg,5 242 342 568 528 5 254 340 448 483
test_Numazu_00304.jpg,2 284 254 586 580 8 288 263 600 595
test_Sumida_00222.jpg,2 0 183 272 517
test_Numazu_00153.jpg,8 388 388 598 600
test_Nagakute_00273.jpg,1 68 470 159 598 2 242 241 328 600 5 307 321 582 592 8 4 228 211 581
test_Muroran_00032.jpg,5 29 334 481 595 5 313 384 599 581 8 379 376 600 568
test_Numazu_00377.jpg,2 76 344 253 588
test_Adachi_00234.jpg,2 0 183 272 517
test_Nagakute_00272.jpg,1 442 419 583 532
test_Chiba_00060.jpg,8 198 464 339 591
test_Numazu_00182.jpg,1 63 506 159 598 1 291 442 426 598 2 286 434 421 600 5 285 446 422 600
test_Adachi_00293.jpg,2 0 183 272 517
test_Ichihara_00005.jpg,2 469 429 598 559 8 15 396 246 597
test_Nagakute_00118.jpg,8 327 364 592 600
test_Sumida_00054.jpg,2 0 183 272 517
test_Numazu_00054.jpg,2 249 367 346 597
test_Nagakute_00188.jpg,8 285 374 507 596
test_Numazu_00058.jpg,5 61 422 355 594
test_Adachi_00082.jpg,2 88 265 263 451 2 502 236 598 375
test_Muroran_00307.jpg,5 64 400 576 600 5 0 464 72 592
test_Adachi_00003.jpg,2 0 323 170 470
test_Muroran_00010.jpg,2 141 377 275 600 2 302 364 353 600
test_Numazu_00404.jpg,5 216 348 516 577 6 215 357 503 582
test_Numazu_00227.jpg,5 111 401 590 599 8 38 357 226 590
test_Nagakute_00011.jpg,5 116 310 530 538 7 65 320 544 565 8 209 311 524 545
test_Muroran_00254.jpg,1 375 381 590 583 1 100 368 192 471 1 349 358 537 520 8 342 388 434 525 8 4 380 162 568
test_Nagakute_00033.jpg,1 74 486 160 600 2 228 355 502 600
test_Muroran_00175.jpg,5 52 389 543 596
test_Sumida_00057.jpg,7 183 435 582 541
test_Numazu_00122.jpg,1 1 386 141 586
test_Sumida_00127.jpg,2 0 183 272 517
test_Sumida_00149.jpg,2 0 183 272 517
test_Numazu_00024.jpg,2 181 383 248 590 3 230 428 473 483 8 380 349 600 565 8 1 333 155 522
test_Nagakute_00005.jpg,5 45 415 314 599
test_Chiba_00093.jpg,5 296 456 377 595
test_Muroran_00358.jpg,2 0 183 272 517
test_Sumida_00092.jpg,2 0 183 272 517
test_Adachi_00093.jpg,2 212 347 271 598 2 219 284 287 530 2 365 279 446 567 8 156 338 600 560 8 106 335 521 472
test_Numazu_00106.jpg,5 87 407 600 588
test_Muroran_00051.jpg,1 9 438 166 596 5 5 382 158 541 5 261 319 536 600
test_Muroran_00209.jpg,5 99 344 600 595
test_Nagakute_00024.jpg,5 0 412 411 600
test_Sumida_00183.jpg,2 0 183 272 517
test_Numazu_00079.jpg,1 209 413 282 575 8 279 391 576 592
test_Adachi_00056.jpg,2 345 234 509 544 2 398 333 538 591 7 168 191 522 251
test_Numazu_00158.jpg,2 313 286 474 577
test_Nagakute_00269.jpg,5 0 326 408 582
test_Sumida_00177.jpg,2 0 183 272 517
test_Numazu_00050.jpg,7 40 391 600 584
test_Nagakute_00223.jpg,5 166 387 442 543
test_Numazu_00236.jpg,5 0 341 493 600
test_Muroran_00362.jpg,5 194 369 462 600 8 473 464 600 585
test_Muroran_00316.jpg,5 74 355 293 598
test_Numazu_00167.jpg,7 0 380 534 600
test_Nagakute_00207.jpg,2 261 245 470 572 2 304 258 592 517 3 358 406 546 477
test_Numazu_00253.jpg,2 293 305 534 585
test_Chiba_00003.jpg,2 400 447 571 578 8 92 494 299 597
test_Muroran_00118.jpg,2 297 376 361 596 5 319 410 600 599
test_Nagakute_00082.jpg,1 401 374 518 477 1 405 366 600 516 2 97 352 281 599
test_Adachi_00202.jpg,2 100 375 311 583
test_Muroran_00411.jpg,5 0 358 441 596
test_Adachi_00076.jpg,8 181 281 526 547 8 46 266 277 532 8 302 185 591 536
test_Muroran_00369.jpg,7 0 435 536 599
test_Muroran_00400.jpg,2 342 431 439 599 6 4 404 264 595
test_Adachi_00316.jpg,1 173 394 242 592
test_Ichihara_00016.jpg,2 0 183 272 517
test_Nagakute_00271.jpg,1 337 363 576 596 2 316 464 405 594 8 79 239 222 588
test_Muroran_00166.jpg,5 29 400 549 592
test_Nagakute_00107.jpg,2 137 377 224 600 8 267 333 507 582 8 264 321 440 490
test_Chiba_00032.jpg,1 410 460 582 590
test_Muroran_00191.jpg,1 0 448 356 589 5 76 458 600 600
test_Adachi_00278.jpg,8 362 306 600 532
test_Numazu_00392.jpg,2 272 320 350 575
test_Numazu_00314.jpg,2 261 385 332 600
test_Numazu_00015.jpg,5 27 293 420 586
test_Adachi_00310.jpg,2 307 101 424 521 2 332 218 456 588
test_Nagakute_00018.jpg,1 6 380 120 498
test_Chiba_00009.jpg,2 17 467 85 588 8 227 508 390 594
test_Sumida_00178.jpg,2 0 183 272 517
test_Nagakute_00050.jpg,8 256 398 383 599
test_Numazu_00026.jpg,1 256 306 392 486
test_Muroran_00393.jpg,5 35 397 545 600
test_Numazu_00044.jpg,2 126 284 231 587
test_Muroran_00291.jpg,1 226 344 297 598 8 79 422 209 600
test_Muroran_00363.jpg,1 170 471 267 599 2 413 393 582 556 3 353 529 556 598 8 395 376 585 558
test_Adachi_00169.jpg,1 181 312 306 573 2 340 293 600 421
test_Adachi_00267.jpg,2 389 282 469 520
test_Chiba_00028.jpg,2 0 183 272 517
test_Sumida_00214.jpg,8 75 458 205 564
test_Adachi_00044.jpg,2 88 144 230 431 2 3 152 157 287 2 54 199 192 523
test_Muroran_00203.jpg,5 124 362 600 574 5 180 355 521 511
test_Numazu_00305.jpg,1 15 459 197 597 1 0 421 310 582 8 0 419 366 540
test_Muroran_00168.jpg,5 231 362 600 594
test_Numazu_00140.jpg,8 191 518 600 600
test_Numazu_00008.jpg,2 0 183 272 517
test_Chiba_00062.jpg,2 0 183 272 517
test_Nagakute_00165.jpg,2 3 359 203 592 4 22 368 583 459 4 171 479 600 583
test_Sumida_00155.jpg,2 94 415 423 558 2 142 429 275 555
test_Muroran_00129.jpg,2 103 432 206 600 2 355 361 570 597
test_Sumida_00129.jpg,2 183 446 306 564 2 413 449 571 590
test_Chiba_00024.jpg,2 0 183 272 517
test_Sumida_00189.jpg,1 291 417 377 529
test_Muroran_00114.jpg,2 382 495 478 596
test_Sumida_00163.jpg,2 0 183 272 517
test_Numazu_00156.jpg,2 309 308 488 568 3 241 392 421 450 8 306 311 582 551 8 422 361 598 560
test_Numazu_00334.jpg,1 217 455 301 587
test_Muroran_00139.jpg,2 0 183 272 517
test_Sumida_00113.jpg,2 0 183 272 517
test_Ichihara_00018.jpg,1 223 507 297 599 8 425 411 600 552
test_Adachi_00011.jpg,2 220 313 472 581 8 4 252 94 428
test_Sumida_00011.jpg,5 240 445 418 572 8 384 427 515 577
test_Nagakute_00129.jpg,2 239 344 476 600 5 251 375 587 599
test_Adachi_00170.jpg,1 417 353 598 525 5 167 383 596 600
test_Adachi_00239.jpg,1 483 383 598 554
test_Numazu_00300.jpg,2 280 409 363 518 2 85 384 187 504
test_Sumida_00107.jpg,2 0 183 272 517
test_Numazu_00166.jpg,1 65 402 188 593 8 3 294 182 555 8 0 394 92 547
test_Numazu_00319.jpg,2 0 183 272 517
test_Muroran_00146.jpg,5 275 456 600 600
test_Nagakute_00169.jpg,2 229 307 372 582 2 234 310 327 475 3 44 446 338 509
test_Nagakute_00264.jpg,5 46 322 420 592
test_Sumida_00174.jpg,8 404 397 598 572
test_Numazu_00135.jpg,1 169 353 257 583 1 23 343 512 595 1 287 347 416 462 2 1 331 143 503
test_Numazu_00345.jpg,2 0 183 272 517
test_Muroran_00327.jpg,2 272 319 333 599 8 460 489 580 600
test_Nagakute_00189.jpg,1 279 425 377 543
test_Chiba_00071.jpg,2 0 183 272 517
test_Muroran_00096.jpg,5 269 463 401 594 8 412 334 593 454
test_Sumida_00153.jpg,8 343 411 425 552
test_Nagakute_00088.jpg,1 0 352 242 577 8 309 349 542 593
test_Numazu_00002.jpg,2 0 183 272 517
test_Numazu_00124.jpg,1 128 404 230 594 2 282 296 489 586 8 421 361 596 506
test_Muroran_00027.jpg,5 202 487 312 600
test_Nagakute_00205.jpg,2 302 384 441 600
test_Numazu_00341.jpg,2 181 291 464 597
test_Adachi_00175.jpg,2 351 276 451 587
test_Muroran_00157.jpg,2 201 306 282 568
test_Adachi_00057.jpg,2 0 183 272 517
test_Adachi_00306.jpg,2 251 268 421 571
test_Muroran_00087.jpg,5 203 392 496 596
test_Adachi_00119.jpg,7 60 320 600 559
test_Muroran_00225.jpg,1 216 401 354 579 8 3 365 296 577
test_Adachi_00144.jpg,7 0 310 430 398 8 308 376 561 577
test_Muroran_00237.jpg,1 178 368 318 585 1 433 384 598 589 8 360 406 513 588
test_Adachi_00254.jpg,2 322 141 458 527 8 7 148 182 368
test_Nagakute_00060.jpg,2 0 183 272 517
test_Adachi_00325.jpg,2 10 321 201 472
test_Numazu_00121.jpg,4 83 377 584 473
test_Sumida_00179.jpg,2 357 424 476 535
test_Muroran_00094.jpg,2 0 183 272 517
test_Adachi_00300.jpg,1 256 497 351 599
test_Muroran_00043.jpg,5 34 315 497 594
test_Adachi_00188.jpg,2 0 183 272 517
test_Nagakute_00131.jpg,1 49 347 213 495 1 281 356 394 527 8 0 346 184 517
test_Chiba_00087.jpg,1 348 499 449 585 2 484 474 598 573 8 181 478 328 561
test_Adachi_00042.jpg,8 387 215 598 554
test_Nagakute_00270.jpg,1 44 352 202 523 1 246 356 334 527 8 0 298 211 465
test_Muroran_00320.jpg,5 249 365 599 598
test_Adachi_00210.jpg,8 77 366 407 598
test_Muroran_00124.jpg,3 24 483 291 542 5 325 341 485 593 8 364 403 455 595
test_Nagakute_00179.jpg,7 309 389 599 600
test_Numazu_00270.jpg,7 282 417 600 545
test_Chiba_00091.jpg,2 0 183 272 517
test_Muroran_00165.jpg,1 154 368 270 546 1 126 441 220 563 5 301 317 600 588 8 406 397 568 566
test_Numazu_00074.jpg,2 268 275 474 582 8 270 289 467 551
test_Ichihara_00039.jpg,7 167 444 600 599
test_Adachi_00229.jpg,1 427 467 579 597 2 435 456 580 598
test_Sumida_00187.jpg,2 346 401 512 550
test_Nagakute_00006.jpg,5 0 381 315 599
test_Adachi_00118.jpg,2 0 183 272 517
test_Sumida_00039.jpg,7 0 436 455 531
test_Adachi_00272.jpg,2 353 206 534 550 8 2 179 253 586
test_Adachi_00235.jpg,7 21 157 581 285
test_Sumida_00065.jpg,2 0 183 272 517
test_Numazu_00287.jpg,1 7 446 145 592
test_Sumida_00219.jpg,2 228 392 314 533 2 343 390 444 541 8 372 396 600 565
test_Sumida_00132.jpg,2 393 443 501 557
test_Nagakute_00119.jpg,5 295 388 454 564
test_Adachi_00280.jpg,2 0 183 272 517
test_Nagakute_00231.jpg,1 170 347 275 466 2 301 305 347 476 8 119 316 266 475
test_Muroran_00280.jpg,2 269 349 330 540 5 200 411 600 600 8 421 506 536 600
test_Sumida_00220.jpg,2 206 398 287 542
test_Numazu_00329.jpg,1 190 323 269 455 1 221 309 361 474 8 37 252 231 574 8 341 300 600 477
test_Muroran_00215.jpg,5 228 410 600 597
test_Adachi_00186.jpg,2 33 223 212 511 2 159 234 226 511 3 104 229 546 333
test_Numazu_00245.jpg,6 162 289 324 592
test_Chiba_00059.jpg,2 0 183 272 517
test_Nagakute_00069.jpg,8 284 356 557 600
test_Numazu_00362.jpg,2 234 360 320 582 5 449 452 597 593
test_Sumida_00066.jpg,5 56 433 373 556
test_Sumida_00157.jpg,8 141 408 272 548 8 346 425 462 550
test_Numazu_00162.jpg,1 285 330 437 506 8 0 287 196 597
test_Muroran_00325.jpg,1 233 388 288 599 1 54 371 187 558
test_Sumida_00218.jpg,2 243 400 300 529
test_Muroran_00274.jpg,2 0 183 272 517
test_Numazu_00085.jpg,5 104 366 541 592
test_Nagakute_00195.jpg,2 0 183 272 517
test_Sumida_00172.jpg,7 114 449 572 548
test_Nagakute_00253.jpg,8 346 480 500 600
test_Numazu_00145.jpg,1 320 337 492 585 2 310 334 488 587
test_Ichihara_00036.jpg,7 79 431 600 596
test_Ichihara_00015.jpg,2 0 183 272 517
test_Numazu_00367.jpg,5 93 426 228 594
test_Numazu_00031.jpg,1 323 331 530 565 5 314 334 524 567 8 1 237 220 586
test_Numazu_00402.jpg,2 0 183 272 517
test_Nagakute_00211.jpg,2 0 183 272 517
test_Adachi_00023.jpg,2 78 294 235 559 8 278 239 493 296 8 64 288 225 570
test_Muroran_00081.jpg,2 391 399 562 589
test_Nagakute_00098.jpg,8 293 305 600 580
test_Adachi_00047.jpg,1 117 303 267 534
test_Numazu_00019.jpg,8 293 420 521 600 8 2 442 125 565
test_Adachi_00097.jpg,1 0 316 120 461 1 3 316 171 538
test_Nagakute_00200.jpg,2 292 391 562 594
test_Numazu_00012.jpg,1 18 288 187 458 5 447 361 593 514 8 6 283 191 468
test_Adachi_00071.jpg,2 326 297 406 422
test_Numazu_00200.jpg,5 207 343 519 600
test_Sumida_00090.jpg,8 257 429 341 576
test_Numazu_00322.jpg,2 364 356 600 585
test_Muroran_00097.jpg,5 133 459 435 539 8 398 429 559 600 8 345 360 512 558
test_Muroran_00372.jpg,1 368 380 600 599
test_Adachi_00037.jpg,2 0 183 272 517
test_Muroran_00301.jpg,2 0 183 272 517
test_Muroran_00355.jpg,2 175 339 314 597 5 342 317 576 600 5 164 354 317 549
test_Sumida_00158.jpg,2 145 389 261 528
test_Numazu_00043.jpg,2 299 456 387 597
test_Nagakute_00037.jpg,7 0 375 574 566
test_Numazu_00213.jpg,1 109 365 564 577 3 106 398 528 555 8 8 264 284 480 8 467 303 595 545
test_Numazu_00195.jpg,5 0 416 328 595
test_Sumida_00032.jpg,7 108 496 600 592
test_Muroran_00267.jpg,5 70 317 539 570 5 279 320 600 600
test_Numazu_00289.jpg,5 170 401 600 600 5 166 400 340 600 5 359 446 600 600
test_Numazu_00199.jpg,8 336 330 596 562 8 1 319 120 461
test_Nagakute_00051.jpg,1 85 412 211 594 8 282 337 585 599 8 7 315 180 533
test_Nagakute_00106.jpg,7 105 374 381 428
test_Numazu_00283.jpg,2 113 423 198 582 5 128 415 270 588 5 65 310 597 595
test_Numazu_00109.jpg,1 121 308 388 590 1 151 335 329 516
test_Muroran_00064.jpg,5 96 367 600 595 5 0 421 499 581
test_Muroran_00330.jpg,5 177 325 341 413
test_Nagakute_00063.jpg,2 0 309 193 498 2 226 311 304 600 5 158 406 288 597
test_Adachi_00304.jpg,2 490 423 599 566
test_Muroran_00049.jpg,5 34 341 304 594
test_Numazu_00150.jpg,5 360 368 600 525 5 107 364 600 545
test_Nagakute_00251.jpg,8 356 328 597 547
test_Adachi_00156.jpg,7 0 237 513 443 7 0 270 577 581
test_Ichihara_00010.jpg,8 285 412 337 600
test_Numazu_00242.jpg,5 286 375 587 589 8 88 270 260 595
test_Adachi_00038.jpg,2 382 392 594 557
test_Muroran_00259.jpg,2 0 183 272 517
test_Numazu_00068.jpg,1 399 443 569 598 5 143 394 418 597
test_Muroran_00266.jpg,5 70 365 579 600 8 300 431 346 599
test_Adachi_00171.jpg,2 332 305 591 553 8 426 391 597 557
test_Chiba_00077.jpg,2 387 457 550 591 3 57 478 512 580 5 77 469 521 586
test_Muroran_00220.jpg,5 136 376 600 598 6 345 444 522 585
test_Numazu_00264.jpg,5 26 377 213 580 8 198 322 350 478
test_Sumida_00139.jpg,2 0 183 272 517
test_Sumida_00083.jpg,2 407 423 581 532 2 49 442 213 557 8 55 439 216 555
test_Adachi_00184.jpg,1 186 197 272 435
test_Nagakute_00237.jpg,1 61 395 183 581 1 195 403 285 539
test_Adachi_00028.jpg,2 307 174 566 600 2 300 171 478 477
test_Numazu_00005.jpg,1 396 479 594 595 5 57 480 532 595 5 134 483 355 599
test_Adachi_00212.jpg,1 64 381 232 542
test_Ichihara_00040.jpg,1 189 439 306 596 8 480 448 599 545
test_Sumida_00112.jpg,7 122 449 600 560
test_Nagakute_00056.jpg,2 9 245 242 544
test_Numazu_00142.jpg,3 185 452 600 573 5 425 376 588 552 8 0 275 204 532
test_Nagakute_00143.jpg,5 239 308 565 597 8 5 280 186 488
test_Ichihara_00008.jpg,1 188 433 314 598 8 470 450 597 563
test_Numazu_00351.jpg,2 289 500 408 591 3 225 392 600 499
test_Adachi_00108.jpg,2 5 88 180 379
test_Numazu_00111.jpg,8 7 415 182 580 8 290 324 377 594
test_Chiba_00042.jpg,1 320 440 407 543 2 75 441 196 540
test_Nagakute_00148.jpg,8 439 458 586 596
test_Numazu_00382.jpg,7 143 327 545 448
test_Muroran_00072.jpg,5 0 381 166 566 5 224 334 483 592
test_Numazu_00179.jpg,2 315 297 600 586 2 0 333 157 528 6 218 488 352 587
test_Muroran_00428.jpg,5 115 327 572 594
test_Numazu_00037.jpg,2 35 404 115 600 5 6 422 144 599
test_Muroran_00230.jpg,2 0 183 272 517
test_Chiba_00005.jpg,8 431 459 600 574 8 185 470 313 589
test_Muroran_00177.jpg,5 122 348 569 595 5 286 366 546 538 8 350 386 500 538
test_Sumida_00130.jpg,2 350 408 426 545
test_Nagakute_00222.jpg,2 300 381 596 531
test_Chiba_00047.jpg,2 103 508 268 594 2 485 472 592 550
test_Adachi_00101.jpg,2 0 183 272 517
test_Muroran_00173.jpg,2 0 183 272 517
test_Muroran_00042.jpg,2 406 371 584 597
test_Numazu_00276.jpg,7 98 379 600 566
test_Sumida_00097.jpg,7 6 420 465 548
test_Ichihara_00007.jpg,1 115 414 293 595 8 382 385 599 582 8 21 402 279 597
test_Numazu_00295.jpg,2 319 397 411 586 8 2 300 160 465 8 335 355 518 574 8 290 299 464 548
test_Numazu_00209.jpg,2 324 415 437 597
test_Nagakute_00145.jpg,8 43 403 182 599
test_Adachi_00125.jpg,7 133 338 560 425 8 0 380 163 583 8 413 432 590 600
test_Numazu_00252.jpg,1 14 475 170 575 5 4 474 171 590
test_Muroran_00065.jpg,5 176 354 600 600
test_Adachi_00100.jpg,7 0 415 474 600 7 56 444 600 596
test_Sumida_00148.jpg,2 0 183 272 517
test_Muroran_00218.jpg,2 199 320 258 564 2 7 355 160 587 8 3 321 151 478
test_Nagakute_00249.jpg,2 167 333 252 600
test_Chiba_00072.jpg,2 186 505 328 596
test_Numazu_00104.jpg,5 145 363 584 587 5 30 307 331 600
test_Numazu_00298.jpg,1 63 440 294 595 8 365 371 556 600 8 4 293 222 501
test_Sumida_00207.jpg,2 0 183 272 517
test_Sumida_00191.jpg,2 0 183 272 517
test_Adachi_00281.jpg,2 0 286 220 590 8 430 310 599 460
test_Ichihara_00027.jpg,1 153 389 290 579 8 391 384 597 530 8 0 401 237 592 8 310 436 379 593
test_Numazu_00066.jpg,2 313 330 500 579 5 302 311 515 577
test_Sumida_00215.jpg,2 0 183 272 517
test_Sumida_00114.jpg,8 408 469 597 597
test_Numazu_00073.jpg,7 0 426 479 600
test_Nagakute_00151.jpg,8 303 351 600 593
test_Numazu_00129.jpg,5 288 419 565 589 6 244 279 434 382
test_Numazu_00102.jpg,5 190 352 600 600 5 149 346 396 594
test_Muroran_00169.jpg,1 445 491 537 598 5 0 387 314 527
test_Numazu_00035.jpg,2 249 326 329 580 8 47 319 194 600
test_Chiba_00040.jpg,8 307 475 385 595
test_Adachi_00147.jpg,2 312 316 391 600
test_Muroran_00395.jpg,8 385 370 502 456
test_Nagakute_00215.jpg,1 34 382 153 594 1 323 443 459 540 8 1 330 121 522
test_Chiba_00012.jpg,2 0 183 272 517
test_Muroran_00192.jpg,1 275 369 343 566 8 369 374 597 589 8 3 362 180 577
test_Numazu_00279.jpg,2 293 419 375 596 2 67 432 189 595 8 336 417 492 597 8 13 435 170 588
test_Numazu_00018.jpg,7 0 370 509 600
test_Muroran_00019.jpg,5 27 350 555 592 5 12 400 203 600 5 466 366 598 571
test_Muroran_00317.jpg,1 120 372 293 599
test_Adachi_00148.jpg,1 444 444 592 599
test_Muroran_00396.jpg,5 89 341 570 600
test_Ichihara_00006.jpg,5 128 387 591 595 5 41 418 364 598
test_Adachi_00232.jpg,8 394 443 533 600
test_Muroran_00403.jpg,5 138 392 526 596
test_Sumida_00049.jpg,2 332 424 397 539 8 377 425 536 554
test_Muroran_00123.jpg,2 108 375 246 471
test_Adachi_00279.jpg,1 332 305 547 600 1 311 304 425 438 2 1 305 204 487 2 335 307 559 599
test_Nagakute_00232.jpg,5 66 398 536 600 5 290 418 479 591
test_Adachi_00189.jpg,2 486 370 595 527 2 0 232 133 362 2 122 181 273 546
test_Chiba_00083.jpg,8 470 494 598 584 8 201 465 328 590
test_Muroran_00202.jpg,5 230 365 505 494
test_Numazu_00098.jpg,6 147 430 434 598
test_Adachi_00055.jpg,2 0 230 299 540 7 1 206 339 498 8 0 197 323 529
test_Muroran_00264.jpg,2 104 347 230 599
test_Numazu_00371.jpg,5 41 341 536 591 5 1 392 265 598
test_Chiba_00066.jpg,2 0 183 272 517
test_Numazu_00320.jpg,2 362 371 587 585 2 76 355 182 584 8 0 317 143 470
test_Muroran_00145.jpg,2 0 183 272 517
test_Muroran_00152.jpg,5 52 397 499 600
test_Chiba_00014.jpg,7 116 509 600 593
test_Sumida_00223.jpg,2 316 392 384 538 8 339 395 518 551
test_Numazu_00001.jpg,5 22 464 269 597
test_Numazu_00022.jpg,5 415 338 600 600
test_Muroran_00265.jpg,5 198 346 428 587 8 443 360 552 456
test_Numazu_00358.jpg,1 219 431 291 590 8 269 385 513 597
test_Numazu_00025.jpg,2 333 342 490 585 5 216 331 581 588
test_Muroran_00308.jpg,2 0 183 272 517
test_Ichihara_00011.jpg,3 262 533 452 600
test_Numazu_00247.jpg,5 21 482 469 600
test_Adachi_00048.jpg,7 82 155 550 263 8 129 485 600 600
test_Adachi_00233.jpg,1 299 167 440 359
test_Nagakute_00193.jpg,1 117 364 281 592 2 312 311 524 572 5 142 361 274 542 8 4 320 253 600
test_Sumida_00099.jpg,2 135 425 272 550
test_Adachi_00194.jpg,2 413 362 588 567
test_Chiba_00043.jpg,1 454 491 585 584 8 224 477 328 595
test_Muroran_00392.jpg,5 108 369 600 600
test_Nagakute_00166.jpg,2 200 341 263 600
test_Nagakute_00101.jpg,5 155 311 600 579 8 207 230 265 545
test_Nagakute_00077.jpg,2 331 317 454 596 2 332 319 412 511 8 41 349 267 600
test_Sumida_00119.jpg,7 6 443 574 555
test_Numazu_00089.jpg,5 210 357 502 592
test_Nagakute_00177.jpg,5 25 348 528 600
test_Muroran_00188.jpg,2 0 183 272 517
test_Numazu_00130.jpg,5 1 391 263 561 5 65 392 414 598
test_Muroran_00034.jpg,5 17 355 509 597 5 381 361 588 587
test_Chiba_00054.jpg,8 55 434 206 600 8 377 502 504 595
test_Adachi_00193.jpg,2 386 365 541 591
test_Ichihara_00012.jpg,5 123 418 600 596 5 283 453 562 596
test_Muroran_00161.jpg,5 297 383 600 592
test_Muroran_00281.jpg,5 253 332 600 594 8 218 308 278 600 8 428 359 547 436
test_Muroran_00106.jpg,2 0 399 132 563 5 248 374 503 503
test_Numazu_00194.jpg,1 113 380 249 590 2 316 337 505 546 8 331 344 473 495 8 0 329 138 498
test_Muroran_00337.jpg,1 353 466 477 590
test_Muroran_00196.jpg,5 40 353 577 600
test_Sumida_00162.jpg,2 137 406 272 548
test_Numazu_00330.jpg,5 20 344 198 600 5 208 347 476 589 5 0 330 431 596
test_Nagakute_00002.jpg,2 268 377 410 597
test_Muroran_00285.jpg,2 317 332 519 597 5 55 359 545 593
test_Sumida_00084.jpg,2 0 183 272 517
test_Nagakute_00094.jpg,7 0 467 477 597
test_Numazu_00318.jpg,2 312 382 536 599 2 215 367 265 599 8 63 379 224 600
test_Chiba_00085.jpg,8 418 484 529 593
test_Sumida_00133.jpg,2 183 377 291 506
test_Adachi_00146.jpg,2 351 362 450 558 8 403 427 552 597
test_Numazu_00291.jpg,5 58 434 315 596
test_Muroran_00208.jpg,3 127 393 289 451 8 287 334 577 515
test_Nagakute_00042.jpg,1 276 416 403 599 8 348 371 592 530
test_Nagakute_00045.jpg,5 188 321 600 598
test_Nagakute_00103.jpg,5 135 459 336 599 8 246 375 392 600
test_Muroran_00121.jpg,5 0 402 505 600 5 157 467 600 597
test_Adachi_00043.jpg,2 404 221 592 491 2 222 172 309 504 8 431 258 600 528
test_Numazu_00205.jpg,2 0 183 272 517
test_Sumida_00146.jpg,2 212 414 278 542 8 102 429 235 552 8 384 430 588 563
test_Muroran_00017.jpg,5 125 360 600 579 5 377 379 593 597
test_Muroran_00231.jpg,5 157 289 567 574 5 14 388 192 600
test_Muroran_00427.jpg,2 0 183 272 517
test_Muroran_00324.jpg,2 301 478 408 598
test_Sumida_00109.jpg,7 462 466 578 563 8 463 469 577 567
test_Numazu_00266.jpg,1 226 462 291 598
test_Muroran_00048.jpg,5 0 415 519 598 5 3 427 140 587 5 164 451 579 600
test_Muroran_00134.jpg,1 180 430 258 597 8 372 378 540 600 8 0 375 177 562
test_Adachi_00116.jpg,2 206 236 283 508
test_Sumida_00069.jpg,8 434 469 596 599
test_Muroran_00076.jpg,1 278 440 369 595
test_Adachi_00230.jpg,7 0 266 502 576 7 0 212 523 444
test_Adachi_00205.jpg,2 0 183 272 517
test_Nagakute_00230.jpg,2 277 313 409 583 5 85 407 297 590 5 110 431 246 558
test_Numazu_00112.jpg,1 203 456 291 591 5 306 456 508 600
test_Nagakute_00053.jpg,2 187 335 239 589
test_Numazu_00100.jpg,5 261 427 444 595
test_Adachi_00041.jpg,2 378 265 546 554 2 145 235 243 420 2 79 408 170 573 2 120 201 255 507
test_Adachi_00143.jpg,1 365 362 474 541
test_Numazu_00084.jpg,2 0 183 272 517
test_Muroran_00314.jpg,5 79 378 600 600 8 344 396 429 509
test_Muroran_00302.jpg,1 256 511 414 600
test_Chiba_00073.jpg,1 300 482 395 588
test_Muroran_00002.jpg,5 0 412 436 600 5 0 457 243 596
test_Muroran_00311.jpg,2 0 183 272 517
test_Muroran_00004.jpg,2 276 360 339 599 5 24 384 244 593
test_Muroran_00276.jpg,5 204 410 509 583
test_Nagakute_00137.jpg,2 0 183 272 517
test_Muroran_00054.jpg,5 272 279 442 414
test_Sumida_00185.jpg,8 216 394 299 535
test_Muroran_00181.jpg,2 357 405 474 532
test_Adachi_00007.jpg,5 0 232 403 549 5 184 271 600 506
test_Nagakute_00219.jpg,1 93 485 172 600 8 245 347 600 593
test_Adachi_00027.jpg,2 0 183 272 517
test_Sumida_00126.jpg,2 0 183 272 517
test_Chiba_00067.jpg,2 0 446 111 567 2 373 429 460 568
test_Nagakute_00035.jpg,1 331 430 429 555 1 86 344 211 573
test_Nagakute_00079.jpg,1 36 382 197 598
test_Adachi_00214.jpg,1 34 403 149 551 2 375 352 598 600 8 354 333 587 595
test_Muroran_00360.jpg,5 103 383 600 597
test_Adachi_00065.jpg,8 449 411 600 596
test_Sumida_00010.jpg,2 248 374 295 540
test_Muroran_00390.jpg,2 367 371 494 596
test_Adachi_00126.jpg,2 437 255 597 495
test_Adachi_00050.jpg,2 377 362 588 600
test_Adachi_00152.jpg,2 205 356 262 552
test_Nagakute_00234.jpg,2 246 324 300 592
test_Numazu_00219.jpg,2 16 447 450 600 5 113 375 600 591
test_Muroran_00368.jpg,5 49 398 545 600 5 436 365 595 445 8 513 440 599 545
test_Nagakute_00156.jpg,5 42 404 253 592 8 2 346 203 571
test_Sumida_00014.jpg,7 60 453 584 551
test_Adachi_00009.jpg,2 352 324 570 600 8 349 329 558 594
test_Muroran_00233.jpg,2 162 344 225 600
test_Nagakute_00245.jpg,2 166 320 239 583 2 241 338 587 596 8 4 288 138 463 8 286 353 600 595
test_Adachi_00133.jpg,2 414 271 595 524 2 327 268 383 584
test_Muroran_00239.jpg,5 0 416 547 599
test_Adachi_00192.jpg,2 233 106 343 515 8 469 349 600 537
test_Numazu_00038.jpg,5 252 432 600 593
test_Adachi_00297.jpg,2 0 119 171 454
test_Muroran_00253.jpg,5 75 380 579 599
test_Sumida_00175.jpg,2 0 183 272 517
test_Numazu_00257.jpg,5 68 295 414 405
test_Muroran_00140.jpg,5 131 324 572 595
test_Numazu_00004.jpg,1 185 434 261 567 3 175 509 600 597 3 363 533 594 593
test_Muroran_00001.jpg,8 53 401 227 597
test_Numazu_00307.jpg,8 0 261 198 558
test_Numazu_00327.jpg,2 101 424 189 565 7 265 433 600 564
test_Adachi_00012.jpg,2 393 390 576 597
test_Numazu_00127.jpg,2 121 395 189 598 5 136 458 455 600
test_Numazu_00394.jpg,5 44 401 593 596 8 139 336 212 564
test_Adachi_00301.jpg,2 337 180 423 345 2 395 285 548 583
test_Chiba_00017.jpg,8 95 504 264 596
test_Sumida_00160.jpg,2 399 444 564 593
test_Sumida_00008.jpg,2 0 183 272 517
test_Muroran_00236.jpg,5 62 371 416 598
test_Muroran_00329.jpg,2 0 183 272 517
test_Muroran_00200.jpg,2 44 368 226 598 5 180 379 583 600 8 226 392 275 594
test_Muroran_00242.jpg,5 138 415 600 598 5 368 444 600 600
test_Ichihara_00033.jpg,8 471 443 595 571 8 1 470 187 599
test_Sumida_00025.jpg,2 331 400 420 522
test_Muroran_00184.jpg,2 0 183 272 517
test_Sumida_00026.jpg,2 0 183 272 517
test_Adachi_00159.jpg,8 223 313 280 581 8 450 331 600 441
test_Muroran_00102.jpg,1 454 411 592 584 8 0 364 247 596 8 79 333 269 513 8 435 441 587 592
test_Muroran_00268.jpg,1 382 362 498 485
test_Nagakute_00138.jpg,8 348 322 589 599
test_Numazu_00316.jpg,3 342 419 576 479 3 117 395 562 482 5 4 291 212 524
test_Nagakute_00064.jpg,1 293 488 411 599
test_Ichihara_00044.jpg,2 0 183 272 517
test_Muroran_00347.jpg,5 214 365 600 600
test_Muroran_00338.jpg,5 89 352 375 592 8 123 470 225 593
test_Sumida_00204.jpg,8 452 451 600 560
test_Numazu_00269.jpg,5 59 300 519 575
test_Numazu_00143.jpg,1 312 367 479 581 8 2 314 178 504
test_Muroran_00339.jpg,1 133 453 322 600 5 115 360 600 597
test_Adachi_00006.jpg,2 27 366 121 534
test_Muroran_00377.jpg,5 141 363 599 597
test_Nagakute_00095.jpg,5 30 410 254 594 8 466 437 600 572
test_Sumida_00171.jpg,1 267 449 344 558
test_Chiba_00056.jpg,5 437 497 578 585
test_Muroran_00210.jpg,5 98 378 500 600
test_Muroran_00046.jpg,5 200 390 469 600
test_Sumida_00188.jpg,1 196 443 301 533 2 105 405 225 548
test_Muroran_00040.jpg,5 4 394 143 594 5 149 374 316 584
test_Numazu_00191.jpg,5 283 376 444 591
test_Chiba_00030.jpg,2 448 476 600 577 8 219 480 340 593
test_Nagakute_00136.jpg,5 145 348 292 587
test_Nagakute_00046.jpg,2 228 303 323 590
test_Sumida_00050.jpg,2 337 406 407 544
test_Nagakute_00268.jpg,3 367 401 600 459 5 87 281 351 600 8 77 242 235 586
test_Chiba_00022.jpg,1 478 489 592 577
test_Muroran_00394.jpg,5 105 364 600 599
test_Numazu_00331.jpg,2 0 183 272 517
test_Adachi_00049.jpg,2 0 183 272 517
test_Ichihara_00050.jpg,7 114 423 600 555 7 0 418 466 522
test_Numazu_00046.jpg,2 256 297 376 593
test_Muroran_00164.jpg,5 15 351 253 565
test_Chiba_00081.jpg,2 302 488 419 598
test_Ichihara_00009.jpg,1 249 418 353 600 2 23 433 259 587 5 190 434 600 596 8 180 383 329 568 8 37 407 282 588
test_Chiba_00013.jpg,2 0 183 272 517
test_Numazu_00369.jpg,2 246 303 324 576 5 141 339 535 588
test_Numazu_00014.jpg,6 77 384 504 587
test_Adachi_00137.jpg,1 419 286 600 448
test_Muroran_00018.jpg,1 250 423 361 595
test_Nagakute_00203.jpg,2 319 340 589 598 5 1 418 186 599 8 326 352 586 596
test_Numazu_00363.jpg,1 124 320 188 451 2 191 269 265 521 3 227 433 449 505
test_Adachi_00222.jpg,1 476 292 595 474 5 161 436 479 581 5 111 365 600 578
test_Muroran_00359.jpg,5 224 347 580 576 5 148 311 476 536 5 396 374 593 581 8 479 403 596 521
test_Sumida_00077.jpg,2 0 183 272 517
test_Adachi_00311.jpg,2 387 348 465 535
test_Adachi_00255.jpg,2 350 371 423 599 8 140 373 290 512
test_Numazu_00041.jpg,2 0 287 199 532 2 304 359 393 586
test_Muroran_00249.jpg,5 5 336 268 500
test_Sumida_00070.jpg,7 94 438 576 523
test_Numazu_00133.jpg,2 349 466 436 595
test_Adachi_00158.jpg,5 140 365 592 600
test_Adachi_00114.jpg,2 0 183 272 517
test_Adachi_00284.jpg,2 249 381 365 594
test_Muroran_00361.jpg,5 29 376 336 600 8 258 392 567 544
test_Muroran_00199.jpg,8 411 392 579 593
test_Adachi_00174.jpg,8 383 133 600 306
test_Adachi_00173.jpg,2 345 345 561 599
test_Numazu_00139.jpg,2 40 400 212 569 2 499 499 597 585
test_Adachi_00187.jpg,1 122 345 241 507 2 425 269 591 562
test_Sumida_00003.jpg,1 161 417 305 534 2 152 414 309 535
test_Muroran_00101.jpg,5 26 321 458 590
test_Muroran_00323.jpg,5 39 364 562 600
test_Chiba_00015.jpg,1 22 512 171 596 7 0 510 498 597 7 355 504 548 595 7 193 503 600 595
test_Muroran_00367.jpg,5 373 320 597 590
test_Nagakute_00052.jpg,2 27 347 183 595
test_Muroran_00351.jpg,2 120 375 208 539
test_Adachi_00282.jpg,1 340 197 512 486 1 33 241 237 506 1 158 210 278 353 2 45 200 274 484
test_Adachi_00045.jpg,2 353 224 508 549 8 183 283 394 538
test_Ichihara_00020.jpg,7 99 437 600 590
test_Muroran_00038.jpg,5 52 379 489 597 8 400 483 502 595
test_Numazu_00177.jpg,1 120 407 221 578 6 111 462 552 598
test_Nagakute_00218.jpg,2 175 318 301 591
test_Adachi_00111.jpg,1 300 237 497 495 2 291 235 494 506
test_Sumida_00199.jpg,2 164 411 285 560 8 373 430 585 578
test_Numazu_00196.jpg,1 7 320 160 512 1 282 265 571 584 2 6 304 185 529 8 264 259 555 548
test_Adachi_00034.jpg,7 34 411 594 597 8 260 375 588 600 8 5 404 152 599
test_Numazu_00057.jpg,5 40 405 524 597 8 11 381 190 597 8 431 469 599 595
test_Numazu_00123.jpg,2 21 320 193 553 5 227 395 441 596 8 18 315 194 593
test_Adachi_00182.jpg,2 348 177 567 600
test_Nagakute_00115.jpg,7 0 398 411 489
test_Muroran_00039.jpg,1 487 436 600 600 5 256 435 600 596
test_Sumida_00210.jpg,7 138 472 551 567
test_Adachi_00010.jpg,2 425 214 589 414 2 243 259 334 600
test_Muroran_00099.jpg,5 0 367 416 594 5 193 353 468 600 5 6 375 198 598
test_Muroran_00056.jpg,5 70 375 315 597
test_Muroran_00350.jpg,5 15 317 305 591 5 447 440 600 596
test_Ichihara_00004.jpg,1 281 457 386 596
test_Adachi_00181.jpg,2 14 266 234 535
test_Adachi_00323.jpg,2 0 183 272 517
test_Numazu_00032.jpg,1 124 388 211 500 8 2 279 177 442 8 299 286 579 530
test_Nagakute_00075.jpg,2 363 320 598 570 5 113 340 285 598 8 267 323 320 597
test_Sumida_00071.jpg,8 108 420 286 554
test_Numazu_00007.jpg,2 334 368 600 570
test_Numazu_00172.jpg,1 177 316 251 450 8 327 292 600 526
test_Muroran_00235.jpg,2 308 405 384 597 2 322 389 482 576
test_Adachi_00112.jpg,2 0 183 272 517
test_Nagakute_00212.jpg,2 188 298 247 592
test_Muroran_00095.jpg,5 73 371 523 596
test_Muroran_00062.jpg,5 372 347 600 599
test_Numazu_00238.jpg,2 307 330 497 590
test_Adachi_00026.jpg,1 201 435 415 599
test_Numazu_00151.jpg,2 270 299 393 581 8 374 396 600 597
test_Chiba_00080.jpg,1 419 479 510 587
test_Numazu_00116.jpg,1 188 358 286 564
test_Numazu_00398.jpg,5 123 350 313 453 8 12 266 200 472 8 338 339 487 523
test_Sumida_00120.jpg,2 0 183 272 517
test_Adachi_00177.jpg,8 424 288 570 589
test_Sumida_00136.jpg,7 90 460 567 554
test_Adachi_00298.jpg,2 355 337 502 600
test_Nagakute_00255.jpg,5 31 379 280 599 5 0 378 501 592 5 300 393 463 504
test_Chiba_00023.jpg,2 0 183 272 517
test_Numazu_00224.jpg,5 59 423 470 599
test_Sumida_00093.jpg,8 141 437 273 551
test_Muroran_00147.jpg,5 297 349 518 599
test_Numazu_00278.jpg,2 0 183 272 517
test_Nagakute_00065.jpg,2 164 405 231 600 2 176 342 241 558
test_Numazu_00027.jpg,2 0 183 272 517
test_Muroran_00382.jpg,2 8 329 187 516 2 272 279 341 437 5 274 416 444 497
test_Sumida_00184.jpg,2 321 415 382 544
test_Numazu_00335.jpg,2 3 290 211 529 2 209 405 265 599 5 338 334 593 594 5 321 302 491 442
test_Sumida_00085.jpg,1 417 450 594 562
test_Numazu_00299.jpg,1 303 319 558 572 2 15 333 190 550 5 296 318 477 487 8 284 319 561 559
test_Muroran_00303.jpg,5 6 302 274 591
test_Numazu_00265.jpg,2 263 379 490 597 8 4 388 187 600
test_Nagakute_00164.jpg,1 363 368 580 575 2 230 242 341 599
test_Numazu_00214.jpg,5 0 352 492 600 5 0 334 229 589 5 134 461 587 600
test_Adachi_00211.jpg,1 87 223 264 509 1 344 204 526 466
test_Muroran_00197.jpg,2 426 348 595 516 8 50 396 232 593
test_Muroran_00159.jpg,1 292 414 378 598 2 103 369 228 591 8 369 391 472 492
test_Sumida_00159.jpg,2 177 435 308 566
test_Numazu_00217.jpg,5 174 429 600 597
test_Ichihara_00041.jpg,1 167 419 299 594 8 386 387 600 595 8 3 404 271 599
test_Ichihara_00031.jpg,2 463 427 600 556
test_Nagakute_00071.jpg,1 408 410 594 600
test_Muroran_00189.jpg,5 5 359 260 600
test_Adachi_00066.jpg,7 0 396 568 600
test_Muroran_00178.jpg,1 88 433 272 596 8 1 352 203 511
test_Numazu_00042.jpg,2 0 183 272 517
test_Nagakute_00020.jpg,5 0 317 525 598 8 0 248 194 423 8 0 273 163 554
test_Adachi_00244.jpg,8 378 490 469 600
test_Numazu_00061.jpg,1 476 472 587 590 1 303 445 432 574
test_Adachi_00274.jpg,1 214 314 489 600 2 167 280 437 560
test_Numazu_00337.jpg,2 248 406 374 593 8 22 380 197 595 8 364 476 597 600
test_Chiba_00053.jpg,2 255 484 420 581
test_Sumida_00062.jpg,8 402 436 600 564
test_Numazu_00271.jpg,2 300 317 555 570 8 288 301 590 560 8 81 294 550 505
test_Nagakute_00160.jpg,8 55 324 232 597
test_Adachi_00053.jpg,2 81 345 296 583 2 143 321 303 509 8 394 293 528 524
test_Nagakute_00247.jpg,2 268 337 332 572 8 4 314 266 553 8 362 334 593 600 8 6 375 179 593
test_Muroran_00021.jpg,5 327 504 467 600
test_Muroran_00374.jpg,2 355 389 492 573
test_Nagakute_00068.jpg,7 10 353 567 545
test_Sumida_00101.jpg,2 0 183 272 517
test_Adachi_00295.jpg,2 351 307 579 590
test_Numazu_00181.jpg,2 253 287 409 598 2 362 347 593 542
test_Numazu_00406.jpg,2 13 311 216 588 5 273 328 581 591
test_Numazu_00203.jpg,5 333 392 565 574 5 138 305 489 577
test_Sumida_00142.jpg,8 321 398 419 540
test_Numazu_00346.jpg,2 0 183 272 517
test_Muroran_00229.jpg,1 245 413 381 590 5 269 343 576 591
test_Numazu_00332.jpg,2 316 330 387 451 2 2 326 107 419
test_Muroran_00414.jpg,5 32 343 532 597
test_Numazu_00047.jpg,2 307 306 538 581
test_Nagakute_00172.jpg,2 254 320 314 592
test_Muroran_00073.jpg,1 426 490 549 599 2 457 389 600 479
test_Muroran_00287.jpg,1 202 429 358 600
test_Adachi_00162.jpg,2 408 242 598 536
test_Chiba_00057.jpg,2 193 493 294 591 8 433 458 600 573
test_Numazu_00146.jpg,1 305 338 498 582 2 307 327 496 575
test_Nagakute_00238.jpg,1 395 354 584 515 1 277 348 590 569 5 107 362 600 584
test_Numazu_00376.jpg,5 21 366 471 598 5 29 404 234 600 8 147 424 463 598
test_Numazu_00216.jpg,5 61 331 239 595
test_Adachi_00140.jpg,8 427 386 593 600
test_Adachi_00058.jpg,1 305 118 553 411
test_Numazu_00297.jpg,5 291 441 460 599
test_Muroran_00084.jpg,2 232 362 332 600
test_Sumida_00147.jpg,8 5 443 205 565
test_Muroran_00217.jpg,5 108 420 285 596
test_Nagakute_00158.jpg,2 287 330 557 586 8 313 311 590 539
test_Adachi_00080.jpg,1 81 317 226 552 2 313 320 539 600 2 79 322 228 542 8 302 311 563 585
test_Adachi_00256.jpg,1 177 444 318 594 8 488 351 600 489
test_Numazu_00011.jpg,5 0 333 496 600 5 224 330 600 597
test_Sumida_00182.jpg,1 360 462 455 574
test_Muroran_00119.jpg,1 145 368 476 596 5 47 373 500 595 5 0 365 274 600
test_Nagakute_00206.jpg,1 285 412 379 519 8 0 303 206 523
test_Adachi_00252.jpg,1 281 326 392 444 1 324 417 568 583 8 331 314 600 462
test_Nagakute_00184.jpg,1 148 463 207 597 2 299 385 548 598 8 40 343 171 591
test_Numazu_00365.jpg,2 0 183 272 517
test_Nagakute_00142.jpg,2 196 291 306 593 5 330 339 519 520
test_Muroran_00075.jpg,8 75 376 244 599
test_Adachi_00305.jpg,8 37 238 126 600 8 69 157 143 442
test_Nagakute_00257.jpg,5 317 321 509 600 8 130 251 289 587
test_Muroran_00093.jpg,2 186 381 255 594 5 121 396 561 597 5 180 369 387 596
test_Numazu_00048.jpg,7 0 337 489 523
test_Adachi_00145.jpg,3 14 468 536 573 5 107 392 600 589
test_Sumida_00048.jpg,2 258 420 311 559 8 374 440 481 555
test_Nagakute_00133.jpg,5 0 465 545 598
test_Muroran_00356.jpg,1 493 337 596 498 5 150 371 361 577 8 364 351 442 583
test_Muroran_00289.jpg,5 219 362 600 599 8 431 441 525 594
test_Muroran_00336.jpg,8 490 435 600 600
test_Numazu_00056.jpg,7 31 412 600 600
test_Muroran_00009.jpg,5 54 403 538 600 5 375 436 600 582
test_Numazu_00137.jpg,1 181 374 277 573 1 378 360 597 589
test_Muroran_00089.jpg,5 260 476 465 594 5 0 407 106 536
test_Numazu_00301.jpg,2 299 280 494 560 5 0 332 402 583
test_Muroran_00271.jpg,2 300 355 444 600 5 282 365 595 583
test_Muroran_00133.jpg,2 0 183 272 517
test_Nagakute_00100.jpg,2 0 183 272 517
test_Sumida_00020.jpg,2 204 384 286 529
test_Nagakute_00243.jpg,2 358 461 514 595
test_Nagakute_00111.jpg,5 90 379 509 598
test_Muroran_00227.jpg,2 347 296 586 598
test_Sumida_00203.jpg,8 243 475 494 535
test_Sumida_00022.jpg,7 186 435 587 542
test_Chiba_00055.jpg,2 407 457 593 565 8 196 491 311 595
test_Sumida_00038.jpg,2 272 434 347 544
test_Adachi_00163.jpg,2 375 323 561 539
test_Sumida_00061.jpg,2 368 438 440 552 8 40 458 193 562 8 416 404 595 534
test_Muroran_00037.jpg,5 204 351 600 597
test_Sumida_00034.jpg,7 142 441 555 536
test_Adachi_00178.jpg,2 27 264 261 600 7 11 274 400 423
test_Numazu_00051.jpg,5 0 359 487 580
test_Nagakute_00001.jpg,2 22 335 252 593 2 398 367 600 533
test_Numazu_00232.jpg,2 275 314 418 600
test_Nagakute_00267.jpg,2 50 332 239 598 5 412 348 591 580 5 250 300 373 404 8 6 315 239 600
test_Sumida_00152.jpg,2 366 422 509 553
test_Adachi_00001.jpg,2 1 213 242 600 2 4 199 170 461
test_Numazu_00052.jpg,2 131 367 216 577 2 59 344 223 595
test_Adachi_00102.jpg,5 24 174 203 459
test_Adachi_00309.jpg,3 7 317 246 390 3 33 299 514 391 3 213 302 600 398
test_Sumida_00181.jpg,7 0 493 500 588
test_Nagakute_00186.jpg,1 213 459 294 600 1 143 443 419 591 2 320 424 515 593
test_Numazu_00260.jpg,2 0 183 272 517
test_Numazu_00248.jpg,2 231 307 302 585 5 130 413 266 503
test_Adachi_00052.jpg,3 135 313 600 414
test_Adachi_00092.jpg,2 202 328 314 591
test_Numazu_00286.jpg,5 36 374 261 600
test_Nagakute_00097.jpg,2 0 183 272 517
test_Sumida_00074.jpg,7 52 452 521 572
test_Adachi_00303.jpg,2 2 329 178 600
test_Nagakute_00104.jpg,2 321 329 600 570 8 319 314 600 561
test_Adachi_00115.jpg,2 295 325 344 596 8 515 423 599 537
test_Muroran_00426.jpg,5 40 427 580 600
test_Muroran_00370.jpg,1 0 356 222 592 1 132 453 289 597 2 354 443 418 594 8 418 489 513 600
test_Numazu_00187.jpg,1 360 440 507 593
test_Nagakute_00090.jpg,2 410 325 597 411 7 83 373 600 599
test_Adachi_00142.jpg,8 370 351 589 597
test_Numazu_00328.jpg,5 80 495 247 598 8 261 280 521 583 8 2 313 165 514 8 371 399 561 595
test_Muroran_00162.jpg,5 0 399 517 599 6 129 385 593 593
test_Chiba_00033.jpg,8 9 413 217 580
test_Numazu_00280.jpg,2 243 301 349 585
test_Muroran_00304.jpg,5 168 352 558 585
test_Muroran_00086.jpg,2 0 183 272 517
test_Muroran_00025.jpg,2 4 372 198 592 5 282 432 410 599 8 317 467 398 597
test_Numazu_00148.jpg,1 73 303 207 600 1 78 299 140 555 3 169 415 461 475
test_Numazu_00263.jpg,8 159 315 239 448
test_Adachi_00033.jpg,2 0 183 272 517
test_Nagakute_00039.jpg,1 81 409 208 599 8 1 300 197 519
test_Numazu_00020.jpg,2 164 407 222 600 5 25 410 230 598
test_Muroran_00378.jpg,5 78 366 583 570 5 244 383 600 525
test_Nagakute_00150.jpg,2 216 358 271 600 4 55 453 459 566
test_Nagakute_00102.jpg,2 371 273 423 563 8 16 371 255 600
test_Nagakute_00171.jpg,1 78 362 203 504
test_Chiba_00027.jpg,1 64 474 155 582
test_Numazu_00293.jpg,1 393 405 598 586 5 211 341 484 584 5 348 373 600 586
test_Numazu_00296.jpg,5 74 393 251 600 6 71 383 270 599
test_Adachi_00285.jpg,2 0 183 272 517
test_Muroran_00190.jpg,1 71 457 187 600 8 349 369 576 600 8 4 339 217 595
test_Muroran_00193.jpg,1 450 511 538 600 8 11 326 232 600
test_Numazu_00215.jpg,5 66 339 568 579 5 286 300 600 554 5 91 359 341 587 8 0 246 210 486 8 287 285 600 561
test_Ichihara_00035.jpg,1 381 425 495 600
test_Adachi_00259.jpg,5 37 273 583 537 5 148 222 600 436
test_Adachi_00064.jpg,8 97 347 248 593
test_Nagakute_00009.jpg,8 361 389 598 600 8 313 309 541 534 8 0 338 77 596
test_Adachi_00288.jpg,2 376 258 557 582 8 90 286 232 593
test_Nagakute_00224.jpg,2 85 342 176 432 2 254 439 324 591 2 469 412 597 507
test_Adachi_00206.jpg,2 0 183 272 517
test_Numazu_00347.jpg,2 135 403 206 553
test_Sumida_00004.jpg,2 0 183 272 517
test_Sumida_00023.jpg,2 318 395 406 536 8 318 398 406 534
test_Muroran_00277.jpg,5 175 381 383 590 5 113 350 582 600 5 445 482 600 598 5 215 412 374 513 8 439 484 586 600
test_Muroran_00155.jpg,5 0 402 505 596 5 216 514 401 600 5 415 523 592 598
test_Adachi_00200.jpg,2 429 347 600 521 8 437 352 598 515
test_Adachi_00166.jpg,2 145 294 206 595
test_Nagakute_00055.jpg,5 17 389 540 595
test_Numazu_00077.jpg,1 269 394 364 579 1 417 373 507 542
test_Adachi_00104.jpg,7 0 191 505 539 7 115 155 600 462
test_Adachi_00226.jpg,2 269 300 591 540
test_Nagakute_00124.jpg,1 331 408 584 600 1 100 386 274 580 8 3 366 163 574
test_Nagakute_00076.jpg,2 245 316 415 591
test_Muroran_00136.jpg,5 107 342 551 597
test_Numazu_00082.jpg,1 263 430 396 600 8 13 390 202 600
test_Muroran_00011.jpg,2 0 183 272 517
test_Muroran_00030.jpg,2 373 353 509 598 5 19 363 343 591
test_Sumida_00002.jpg,2 315 439 394 550
test_Adachi_00039.jpg,2 233 179 340 511 8 314 328 571 530 8 361 208 592 392 8 4 196 184 395
test_Adachi_00132.jpg,2 3 418 187 547 2 331 315 386 593 8 169 305 319 430
test_Sumida_00005.jpg,7 143 457 563 537
test_Nagakute_00026.jpg,5 137 413 283 598 8 4 344 136 443
test_Numazu_00282.jpg,2 0 183 272 517
test_Numazu_00349.jpg,8 126 313 301 389
test_Sumida_00108.jpg,2 0 183 272 517
test_Numazu_00173.jpg,2 163 265 248 473
test_Adachi_00079.jpg,8 146 282 238 600
test_Sumida_00161.jpg,8 326 394 580 550
test_Chiba_00086.jpg,2 0 183 272 517
test_Muroran_00406.jpg,7 77 385 595 521
test_Sumida_00173.jpg,1 5 462 151 562 2 150 408 266 555
test_Numazu_00255.jpg,8 301 366 432 597
test_Sumida_00115.jpg,2 198 405 317 556 8 460 424 597 540
test_Muroran_00256.jpg,5 1 345 477 583 5 29 391 194 595 5 193 349 422 566
test_Muroran_00429.jpg,5 37 358 273 597 5 0 387 492 599
test_Numazu_00125.jpg,7 53 434 600 597
test_Numazu_00069.jpg,2 165 373 248 478 5 470 466 594 598
test_Adachi_00067.jpg,2 189 390 252 600 2 349 328 491 508 8 343 319 568 600 8 340 323 493 510
test_Chiba_00090.jpg,7 46 511 592 600
test_Numazu_00223.jpg,1 306 422 404 599
test_Sumida_00206.jpg,2 0 183 272 517
test_Muroran_00248.jpg,5 267 381 600 600
test_Sumida_00140.jpg,2 0 183 272 517
test_Nagakute_00014.jpg,5 0 399 486 600 5 277 388 498 597 8 22 464 232 594
test_Nagakute_00059.jpg,8 328 401 595 596 8 253 333 542 556 8 0 332 183 521
test_Numazu_00094.jpg,5 209 326 389 413
test_Muroran_00296.jpg,2 0 183 272 517
test_Adachi_00283.jpg,1 381 296 591 488 1 384 320 520 448
test_Numazu_00045.jpg,1 274 433 406 597 2 73 358 232 598
test_Numazu_00055.jpg,2 268 372 451 598
test_Chiba_00050.jpg,2 401 456 600 568
test_Muroran_00340.jpg,2 46 372 126 527 3 425 385 590 439
test_Numazu_00375.jpg,3 0 489 459 590
test_Numazu_00021.jpg,1 205 379 300 546 2 39 303 188 541 8 248 319 358 447
test_Numazu_00149.jpg,5 0 390 504 599 5 199 406 588 597
test_Numazu_00190.jpg,1 82 356 195 474 2 338 369 563 599 2 245 313 321 485
test_Numazu_00099.jpg,1 171 496 288 599 2 450 468 585 550 5 160 498 298 596
test_Nagakute_00054.jpg,1 71 381 212 514
test_Muroran_00158.jpg,5 0 501 519 600
test_Numazu_00067.jpg,5 296 336 598 594 8 0 293 188 575
test_Adachi_00008.jpg,2 421 347 600 498
test_Muroran_00222.jpg,7 148 355 587 456 8 93 491 215 597
test_Muroran_00319.jpg,1 223 460 341 587 2 318 289 402 462 2 3 375 256 541 2 229 443 350 587 3 238 459 600 551
test_Adachi_00149.jpg,2 230 311 285 600
test_Muroran_00088.jpg,1 332 315 431 600
test_Nagakute_00209.jpg,5 105 489 451 600
test_Chiba_00064.jpg,8 356 424 562 578
test_Numazu_00120.jpg,5 217 320 460 591
test_Adachi_00241.jpg,2 112 442 215 596
test_Nagakute_00117.jpg,2 214 354 485 599
test_Adachi_00245.jpg,1 440 329 567 521
test_Numazu_00244.jpg,2 290 391 338 600 8 338 395 514 598
test_Nagakute_00081.jpg,1 92 400 195 531
test_Muroran_00309.jpg,5 285 430 600 594
test_Sumida_00216.jpg,7 92 438 591 528
test_Muroran_00036.jpg,2 27 402 206 590
test_Adachi_00307.jpg,8 387 349 600 552
test_Adachi_00248.jpg,5 176 285 600 570 5 389 298 597 520 8 433 286 599 471
test_Adachi_00191.jpg,2 0 183 272 517
test_Sumida_00228.jpg,2 0 183 272 517
test_Adachi_00167.jpg,2 367 333 447 545
test_Adachi_00258.jpg,2 378 367 573 600
test_Numazu_00243.jpg,8 0 303 170 510
test_Numazu_00115.jpg,2 0 183 272 517
test_Muroran_00270.jpg,3 0 488 470 594 5 44 349 490 588 5 176 334 391 533 5 226 345 373 461 8 325 340 477 557
test_Muroran_00092.jpg,5 0 335 301 600
test_Nagakute_00044.jpg,1 352 454 436 566 8 273 365 407 468
test_Ichihara_00017.jpg,7 162 417 600 522 7 0 430 479 525
test_Ichihara_00043.jpg,5 197 396 600 600 5 149 403 373 599
test_Numazu_00324.jpg,1 249 373 588 522 8 119 370 292 475 8 15 432 205 600
test_Sumida_00138.jpg,2 0 183 272 517
test_Adachi_00183.jpg,1 440 272 599 467
test_Muroran_00399.jpg,5 83 326 339 595
test_Muroran_00214.jpg,1 274 335 418 589 1 521 440 596 557 8 1 341 315 599 8 70 295 380 520
test_Numazu_00189.jpg,5 124 325 587 598
test_Adachi_00312.jpg,1 8 126 220 384
test_Muroran_00063.jpg,1 365 371 596 546 1 301 365 429 503
test_Muroran_00375.jpg,1 205 351 272 564 1 199 433 264 600 3 325 482 600 543
test_Muroran_00341.jpg,8 0 347 248 529 8 367 440 439 593
test_Numazu_00326.jpg,5 243 282 600 589 8 322 273 600 506
test_Numazu_00274.jpg,2 414 392 581 580
test_Adachi_00017.jpg,2 241 278 314 539
test_Adachi_00227.jpg,2 11 218 214 388 8 105 220 211 305
test_Nagakute_00108.jpg,2 179 399 285 596
test_Adachi_00024.jpg,2 38 209 277 600
test_Adachi_00326.jpg,2 372 178 597 454 8 2 151 166 446
test_Chiba_00051.jpg,1 417 493 503 586
test_Numazu_00169.jpg,5 68 292 218 584
test_Muroran_00332.jpg,5 347 359 600 599
test_Adachi_00168.jpg,2 354 451 437 597 8 24 297 256 480
test_Muroran_00033.jpg,1 260 430 359 600 8 416 447 515 600
test_Numazu_00096.jpg,5 9 449 145 582
test_Muroran_00234.jpg,5 176 369 600 596
test_Adachi_00271.jpg,7 79 328 543 583
test_Muroran_00279.jpg,1 323 451 446 600 2 49 383 193 590 2 280 375 346 597 8 331 461 439 596 8 4 381 117 493
test_Numazu_00231.jpg,5 65 360 513 592
test_Nagakute_00157.jpg,1 379 424 560 597
test_Adachi_00129.jpg,2 421 249 593 449 8 0 227 216 422
test_Nagakute_00266.jpg,1 235 321 299 491 1 20 382 161 476
test_Numazu_00228.jpg,1 279 406 370 558 8 271 415 356 555
test_Muroran_00387.jpg,2 27 362 172 599
test_Numazu_00070.jpg,3 0 450 408 580 5 0 436 412 580 8 286 393 446 596
test_Nagakute_00175.jpg,5 180 362 468 565 8 7 465 237 596
test_Nagakute_00192.jpg,2 308 330 580 590 8 331 344 600 592
test_Muroran_00282.jpg,5 274 422 557 559
test_Muroran_00080.jpg,2 217 364 343 597 2 383 348 473 600
test_Chiba_00008.jpg,1 275 477 368 573 2 432 428 564 589
test_Numazu_00226.jpg,5 48 350 503 600
test_Nagakute_00080.jpg,5 171 384 372 600
test_Numazu_00355.jpg,2 242 396 317 592 5 281 431 600 596
test_Muroran_00421.jpg,1 222 399 293 597
test_Numazu_00009.jpg,5 41 353 551 594
test_Chiba_00065.jpg,1 188 483 300 598
test_Sumida_00192.jpg,2 0 183 272 517
test_Adachi_00077.jpg,2 404 412 454 597
test_Nagakute_00236.jpg,1 270 385 346 539 1 271 421 370 592
test_Numazu_00081.jpg,1 278 337 453 583 8 39 255 226 579
test_Adachi_00176.jpg,2 404 304 496 450
test_Chiba_00007.jpg,8 366 426 508 577
test_Numazu_00383.jpg,2 412 327 543 588 2 294 300 364 583
test_Sumida_00150.jpg,8 397 433 555 566
test_Numazu_00275.jpg,2 321 294 419 598
test_Chiba_00016.jpg,1 324 474 406 580 2 466 482 599 574
test_Nagakute_00194.jpg,2 185 315 295 593
test_Numazu_00313.jpg,2 110 323 179 472 8 0 269 110 420
test_Nagakute_00126.jpg,2 263 343 600 588
test_Numazu_00136.jpg,2 125 377 216 574
test_Muroran_00107.jpg,5 36 370 479 598
test_Adachi_00319.jpg,2 490 339 596 492 2 371 192 476 340
test_Numazu_00138.jpg,5 88 419 600 596 5 0 390 197 505 5 0 479 495 599 5 2 520 183 600
test_Muroran_00151.jpg,1 316 430 421 598 1 431 437 597 600 1 190 405 251 600 5 439 442 597 599
test_Sumida_00117.jpg,2 341 421 434 528 8 123 436 240 558 8 458 444 596 526
test_Adachi_00328.jpg,1 379 213 581 559 1 441 331 588 558
test_Muroran_00016.jpg,1 477 426 570 598
test_Numazu_00175.jpg,1 170 427 251 594 8 273 407 539 594 8 1 390 199 560
test_Muroran_00110.jpg,1 218 357 511 597
test_Adachi_00025.jpg,2 300 267 394 463 2 297 290 362 562
test_Nagakute_00252.jpg,8 253 309 518 590 8 362 441 557 596
test_Numazu_00010.jpg,8 36 315 194 590
test_Numazu_00023.jpg,2 276 317 331 447 8 92 327 207 456
test_Adachi_00094.jpg,2 382 281 594 501 8 386 277 600 497
test_Adachi_00264.jpg,1 301 344 501 518 5 292 356 475 519
test_Adachi_00292.jpg,2 284 230 335 503
test_Sumida_00110.jpg,2 0 183 272 517
test_Nagakute_00220.jpg,2 234 291 460 600 3 170 465 363 518
test_Muroran_00135.jpg,5 202 352 589 600
test_Numazu_00183.jpg,5 202 349 494 600 5 38 370 386 509
test_Numazu_00294.jpg,5 134 371 257 592 8 0 286 174 475
test_Numazu_00163.jpg,1 140 343 559 585
test_Nagakute_00155.jpg,5 324 418 584 591
test_Numazu_00154.jpg,7 49 410 521 517 7 0 400 413 553 8 0 393 416 565 8 12 403 470 514
test_Muroran_00408.jpg,5 193 356 600 600 5 381 342 593 574 8 455 386 599 565
test_Numazu_00273.jpg,2 215 280 347 600
test_Nagakute_00214.jpg,2 19 299 190 570
test_Nagakute_00161.jpg,2 265 310 563 585
test_Numazu_00003.jpg,1 300 322 393 413 7 0 382 549 600
test_Muroran_00015.jpg,1 161 423 307 594 5 113 397 527 600
test_Muroran_00126.jpg,2 360 391 432 598
test_Adachi_00113.jpg,2 0 183 272 517
test_Nagakute_00123.jpg,5 54 351 479 600
test_Sumida_00001.jpg,2 0 183 272 517
test_Numazu_00174.jpg,8 4 250 212 562
test_Muroran_00423.jpg,1 340 432 518 597 5 110 383 554 600
test_Ichihara_00051.jpg,1 431 405 595 600 5 28 387 494 600 5 326 385 600 598
test_Adachi_00123.jpg,2 0 183 272 517
test_Adachi_00109.jpg,2 479 425 598 557
test_Nagakute_00208.jpg,1 31 398 155 595 8 311 490 419 599
test_Numazu_00017.jpg,2 0 183 272 517
test_Numazu_00039.jpg,2 393 505 489 598 2 262 346 505 584 2 259 349 387 490
test_Adachi_00036.jpg,2 431 247 600 448
test_Sumida_00213.jpg,2 329 397 439 530
test_Sumida_00225.jpg,8 390 431 565 560
test_Nagakute_00228.jpg,5 0 329 359 595 5 1 382 135 595
test_Muroran_00371.jpg,2 282 392 436 593 2 127 397 207 600
test_Nagakute_00015.jpg,7 0 422 513 600
test_Nagakute_00225.jpg,7 105 344 600 440 8 480 425 598 560 8 0 429 120 564
test_Muroran_00221.jpg,5 86 314 578 600
test_Adachi_00290.jpg,2 320 314 475 576 2 329 316 433 489 8 365 341 468 456
test_Numazu_00352.jpg,5 78 414 585 598 5 60 437 340 596 5 292 416 532 576
test_Chiba_00004.jpg,7 28 513 499 600
test_Muroran_00108.jpg,5 88 373 424 600
test_Numazu_00118.jpg,1 80 348 189 511 2 214 277 270 590 8 307 299 525 556
test_Sumida_00079.jpg,2 271 400 403 549 8 66 413 208 563
test_Adachi_00107.jpg,2 358 175 573 513 8 37 161 266 583 8 390 199 597 346 8 272 165 352 211
test_Adachi_00291.jpg,2 387 375 596 587 8 380 364 596 589 8 0 308 173 476
test_Numazu_00128.jpg,5 222 404 489 593 6 0 306 409 600
test_Sumida_00009.jpg,8 51 445 241 538 8 332 434 523 562
test_Numazu_00134.jpg,1 208 357 293 491 8 3 285 205 596 8 317 283 600 469
test_Nagakute_00047.jpg,5 82 367 547 600
test_Muroran_00212.jpg,5 118 347 429 594
test_Adachi_00060.jpg,2 0 183 272 517
test_Numazu_00249.jpg,2 267 366 539 598
test_Nagakute_00022.jpg,1 111 363 226 481
test_Adachi_00121.jpg,2 0 183 272 517
test_Numazu_00241.jpg,2 267 279 367 596
test_Adachi_00004.jpg,8 132 254 235 561
test_Numazu_00144.jpg,5 0 322 463 597 5 224 310 500 600 5 7 286 253 586 8 288 314 463 598
test_Chiba_00078.jpg,2 0 183 272 517
test_Muroran_00028.jpg,5 106 314 577 584
test_Nagakute_00191.jpg,1 24 432 151 585 5 198 510 353 600
test_Adachi_00155.jpg,2 391 321 600 531
test_Muroran_00410.jpg,1 402 435 564 597 5 394 419 561 599
test_Numazu_00028.jpg,1 251 353 399 505 2 143 304 261 593 2 448 492 555 595
test_Numazu_00034.jpg,5 238 355 452 595
test_Sumida_00094.jpg,2 146 419 256 542
test_Nagakute_00036.jpg,2 0 183 272 517
test_Ichihara_00013.jpg,8 428 373 593 506
test_Muroran_00373.jpg,8 122 357 263 500
test_Adachi_00216.jpg,1 458 350 600 457 1 158 329 250 450
test_Adachi_00110.jpg,1 275 420 359 599 2 277 410 360 600
test_Chiba_00074.jpg,7 124 496 600 595
test_Sumida_00198.jpg,2 369 413 528 564
test_Ichihara_00025.jpg,8 195 462 463 598 8 393 380 600 592
test_Muroran_00207.jpg,5 2 379 442 600
test_Sumida_00164.jpg,7 137 421 600 503
test_Adachi_00213.jpg,2 371 362 585 583
test_Ichihara_00037.jpg,1 362 411 494 590 8 1 406 244 593 8 395 388 591 592
test_Numazu_00117.jpg,2 231 298 282 592
test_Numazu_00107.jpg,8 121 283 267 499
test_Nagakute_00003.jpg,1 207 393 278 567
test_Sumida_00176.jpg,2 0 183 272 517
test_Muroran_00090.jpg,5 165 395 560 600
test_Chiba_00036.jpg,8 17 415 200 582 8 340 441 509 575
test_Sumida_00196.jpg,2 0 183 272 517
test_Adachi_00075.jpg,2 0 183 272 517
test_Adachi_00151.jpg,1 320 268 598 531 1 199 384 373 549
test_Numazu_00184.jpg,5 156 452 600 600
test_Muroran_00226.jpg,2 0 183 272 517
test_Ichihara_00003.jpg,1 324 415 479 596 1 381 401 586 574 2 364 398 600 560
test_Muroran_00160.jpg,2 17 379 250 598 2 349 328 408 593
test_Muroran_00149.jpg,5 47 372 490 600
test_Muroran_00251.jpg,8 2 353 213 591
test_Muroran_00122.jpg,2 0 183 272 517
test_Nagakute_00128.jpg,5 7 301 522 599
test_Nagakute_00049.jpg,2 278 316 455 579 2 322 398 479 600 5 25 404 488 593
test_Muroran_00292.jpg,5 104 341 568 597
test_Nagakute_00256.jpg,2 0 183 272 517
test_Sumida_00072.jpg,7 202 429 600 521
test_Muroran_00205.jpg,5 229 395 593 599
test_Muroran_00366.jpg,5 253 347 411 600
test_Numazu_00368.jpg,8 314 334 538 583 8 10 391 366 594 8 16 329 236 545
test_Adachi_00313.jpg,2 0 183 272 517
test_Nagakute_00233.jpg,1 341 386 532 598 2 168 329 281 588 2 336 332 585 600
test_Adachi_00322.jpg,8 337 326 525 409
test_Adachi_00083.jpg,2 328 186 430 561 8 1 232 196 507 8 241 175 335 308
test_Nagakute_00204.jpg,7 74 485 600 599
test_Numazu_00407.jpg,8 101 401 382 596 8 299 349 580 587 8 0 317 158 488
test_Adachi_00089.jpg,2 462 407 548 600 5 364 457 518 596 8 278 370 446 542 8 469 435 554 599
test_Numazu_00303.jpg,2 0 340 172 535
test_Chiba_00029.jpg,8 21 474 173 600
