test_Numazu_00321.jpg,7 29 329 600 538
test_Numazu_00126.jpg,2 206 406 260 598
test_Adachi_00249.jpg,8 147 354 476 592
test_Numazu_00119.jpg,2 268 360 530 598
test_Muroran_00176.jpg,5 179 417 600 600 8 358 427 508 600
test_Numazu_00373.jpg,7 81 327 576 470
test_Sumida_00209.jpg,2 408 453 516 550
test_Nagakute_00089.jpg,2 237 347 305 595 8 461 477 597 599 8 210 363 289 504
test_Muroran_00284.jpg,5 44 373 567 578
test_Ichihara_00022.jpg,5 354 433 562 599 8 147 384 497 600
test_Muroran_00385.jpg,5 54 381 372 596 5 345 391 600 598
test_Muroran_00389.jpg,1 454 384 599 578 1 366 312 594 579 2 368 309 600 585
test_Numazu_00157.jpg,2 0 183 272 517
test_Adachi_00134.jpg,2 1 284 123 553 8 343 373 599 574 8 325 346 545 505
test_Sumida_00086.jpg,2 0 183 272 517
test_Adachi_00199.jpg,1 123 206 279 439 1 338 204 478 378 8 6 288 151 431
test_Chiba_00046.jpg,8 314 408 482 571 8 0 412 197 585
test_Sumida_00102.jpg,2 316 405 393 556
test_Muroran_00024.jpg,1 471 507 600 599 2 359 493 444 599
test_Numazu_00379.jpg,2 246 289 322 426
test_Sumida_00051.jpg,8 375 423 568 558
test_Muroran_00402.jpg,5 153 392 576 482 5 69 381 600 548 8 446 355 600 486
test_Adachi_00150.jpg,2 0 183 272 517
test_Chiba_00006.jpg,1 413 450 574 563 8 135 487 287 589 8 414 445 585 574
test_Nagakute_00040.jpg,1 249 426 338 597 1 440 411 551 526
test_Sumida_00208.jpg,2 280 440 415 538 8 488 400 593 571
test_Adachi_00141.jpg,2 284 298 423 562
test_Chiba_00092.jpg,2 187 474 301 587 8 425 461 598 569
test_Numazu_00290.jpg,1 502 469 596 585 1 204 384 308 509 1 263 237 323 396 7 45 288 515 400
test_Ichihara_00001.jpg,2 4 396 259 588
test_Sumida_00180.jpg,8 434 444 600 547 8 122 471 223 565
test_Ichihara_00048.jpg,2 454 464 561 600
test_Numazu_00211.jpg,5 0 401 187 592
test_Nagakute_00013.jpg,8 157 352 269 522
test_Nagakute_00027.jpg,2 290 325 593 558 8 5 315 181 526 8 297 316 578 548
test_Chiba_00001.jpg,2 0 183 272 517
test_Chiba_00084.jpg,2 406 481 586 582
test_Adachi_00103.jpg,1 315 391 477 536
test_Numazu_00165.jpg,2 0 183 272 517
test_Nagakute_00112.jpg,1 49 379 180 568
test_Muroran_00069.jpg,5 355 489 522 600 8 144 405 201 599
test_Chiba_00049.jpg,8 335 397 521 575
test_Muroran_00103.jpg,1 440 445 522 597
test_Adachi_00040.jpg,1 6 275 209 538 1 0 261 439 475 3 139 306 572 424
test_Nagakute_00087.jpg,1 135 426 228 596 8 5 376 189 560
test_Numazu_00267.jpg,5 477 481 599 600 7 122 407 537 489
test_Ichihara_00034.jpg,1 432 452 594 595 1 223 441 586 596 1 71 418 273 600 1 224 419 401 593 5 84 412 277 597
test_Numazu_00087.jpg,2 325 351 518 597 5 68 337 291 600
test_Muroran_00041.jpg,2 0 385 169 554 5 161 366 600 596
test_Muroran_00346.jpg,8 0 295 213 553 8 407 438 545 600
test_Sumida_00169.jpg,2 54 399 277 523
test_Nagakute_00023.jpg,1 200 333 290 548 8 41 302 272 600
test_Sumida_00125.jpg,2 311 419 375 544
test_Numazu_00312.jpg,5 14 327 320 600
test_Adachi_00157.jpg,2 384 343 468 593
test_Muroran_00313.jpg,2 351 321 397 599
test_Muroran_00290.jpg,2 467 443 600 578 8 14 343 225 600
test_Numazu_00256.jpg,5 53 344 521 596 5 8 363 297 597
test_Adachi_00247.jpg,2 455 403 600 555 7 277 322 567 373
test_Muroran_00232.jpg,5 163 338 560 599
test_Adachi_00266.jpg,1 74 304 239 482 2 378 174 472 276 8 1 219 131 416
test_Chiba_00048.jpg,8 229 479 328 588 8 470 480 596 559
test_Nagakute_00132.jpg,8 291 327 600 600 8 1 351 190 600
test_Adachi_00031.jpg,2 292 456 400 581 2 165 263 429 456
test_Adachi_00046.jpg,2 0 204 261 500 8 369 218 501 566
test_Nagakute_00017.jpg,1 413 428 489 581
test_Adachi_00203.jpg,2 275 367 337 598
test_Chiba_00035.jpg,2 393 449 562 580
test_Nagakute_00092.jpg,5 48 348 600 594 5 45 361 330 582
test_Numazu_00344.jpg,8 0 453 412 558
test_Muroran_00305.jpg,1 53 401 247 589 5 430 441 584 598 8 457 466 590 600
test_Nagakute_00120.jpg,5 0 362 204 600 8 317 369 475 504
test_Muroran_00223.jpg,5 365 294 595 504 5 215 325 596 566
test_Adachi_00242.jpg,1 15 314 236 520 2 475 359 600 521 2 27 312 232 512 8 433 312 593 516
test_Sumida_00124.jpg,8 373 421 523 574
test_Numazu_00060.jpg,5 0 432 453 598
test_Numazu_00049.jpg,1 269 355 353 449 2 46 290 206 593 8 374 332 595 505
test_Sumida_00194.jpg,7 198 432 580 544
test_Numazu_00101.jpg,2 285 314 445 569 5 232 310 430 579
test_Nagakute_00170.jpg,8 0 351 572 599
test_Numazu_00080.jpg,1 398 460 590 588 8 295 411 471 600
test_Numazu_00311.jpg,5 37 399 537 596
test_Chiba_00018.jpg,2 147 472 332 591
test_Numazu_00309.jpg,5 316 392 425 506
test_Numazu_00386.jpg,1 130 352 208 576 2 362 371 579 573 8 354 356 590 579 8 0 324 132 532
test_Numazu_00359.jpg,2 107 384 261 598 5 178 385 600 596 5 135 405 302 600
test_Adachi_00090.jpg,3 424 410 600 466
test_Sumida_00143.jpg,7 92 437 570 561
test_Sumida_00047.jpg,2 358 385 539 517
test_Sumida_00078.jpg,2 242 408 305 560
test_Nagakute_00034.jpg,2 234 315 290 591 8 28 335 226 600
test_Muroran_00275.jpg,1 428 439 590 574 1 422 423 554 521 8 27 307 186 600 8 447 474 589 600
test_Numazu_00378.jpg,1 0 366 131 584 8 308 298 597 581 8 0 289 174 469
test_Nagakute_00152.jpg,1 483 430 595 540 1 133 489 253 600 8 2 400 122 545
test_Numazu_00380.jpg,7 51 381 600 600
test_Nagakute_00213.jpg,2 294 365 600 592 8 1 398 141 546
test_Numazu_00155.jpg,5 286 337 557 594 5 0 377 148 578 8 4 336 138 517 8 301 345 565 587
test_Chiba_00019.jpg,7 0 475 541 591
test_Sumida_00067.jpg,2 0 183 272 517
test_Numazu_00065.jpg,2 301 325 399 469
test_Sumida_00201.jpg,2 358 441 428 559
test_Numazu_00364.jpg,2 240 347 428 600
test_Numazu_00354.jpg,1 373 390 528 565 1 178 423 547 568 3 149 460 582 566 8 0 321 158 531 8 132 350 277 579
test_Numazu_00086.jpg,2 279 415 370 582 2 58 383 197 595 8 0 376 171 558 8 374 420 561 536
test_Chiba_00088.jpg,1 296 474 379 578 8 458 473 600 567
test_Chiba_00025.jpg,2 257 454 384 560
test_Chiba_00075.jpg,2 0 183 272 517
test_Nagakute_00163.jpg,1 56 268 162 413
test_Muroran_00195.jpg,1 204 402 273 599 1 139 320 392 588 5 2 395 170 600 5 0 355 433 600
test_Adachi_00106.jpg,2 370 282 559 600
test_Chiba_00070.jpg,2 454 497 542 582
test_Nagakute_00070.jpg,2 204 343 254 597
test_Adachi_00204.jpg,2 0 183 272 517
test_Muroran_00415.jpg,5 322 414 600 600
test_Adachi_00032.jpg,7 0 336 552 519
test_Adachi_00243.jpg,8 166 469 484 598 8 321 467 546 596
test_Sumida_00040.jpg,2 0 183 272 517
test_Nagakute_00162.jpg,1 103 434 249 600 8 312 368 600 594 8 0 363 150 560
test_Numazu_00403.jpg,8 1 277 187 468 8 326 307 600 559
test_Nagakute_00178.jpg,1 152 376 238 575 8 20 370 189 595
test_Muroran_00404.jpg,2 263 315 312 600
test_Numazu_00185.jpg,1 162 409 261 567 1 2 314 117 507 8 10 281 157 597 8 426 403 597 594
test_Numazu_00164.jpg,1 1 345 191 548 2 214 294 267 575 8 337 333 596 588
test_Muroran_00079.jpg,1 496 423 596 532 1 209 415 295 597 2 328 350 489 594
test_Nagakute_00012.jpg,2 106 400 275 595
test_Nagakute_00010.jpg,2 267 340 326 599
test_Adachi_00051.jpg,2 295 122 495 251 5 0 247 507 549
test_Muroran_00386.jpg,2 167 352 283 600 8 405 415 554 599
test_Nagakute_00083.jpg,5 62 336 486 596
test_Muroran_00029.jpg,2 340 378 445 548
test_Adachi_00190.jpg,8 252 428 365 598
test_Sumida_00058.jpg,2 27 418 211 519 8 374 454 561 560 8 338 452 487 546
test_Numazu_00033.jpg,5 153 334 309 582
test_Muroran_00125.jpg,2 333 383 525 586 6 59 350 482 581
test_Numazu_00356.jpg,5 162 433 600 597 5 4 510 124 600
test_Adachi_00005.jpg,3 112 487 600 581
test_Nagakute_00174.jpg,7 69 499 542 598
test_Chiba_00010.jpg,1 123 482 226 587 8 302 437 470 599 8 4 471 171 599
test_Nagakute_00062.jpg,1 268 400 439 600 2 216 375 450 600 5 284 382 441 597
test_Nagakute_00085.jpg,5 77 483 417 595 5 309 398 596 594 8 329 408 600 573
test_Nagakute_00058.jpg,1 277 419 365 581 8 5 329 161 462
test_Muroran_00055.jpg,5 460 393 591 501
test_Nagakute_00084.jpg,1 93 295 257 600 8 93 296 270 600
test_Sumida_00037.jpg,2 151 417 290 566 2 161 456 253 550
test_Nagakute_00240.jpg,1 205 325 298 420 8 264 287 595 535
test_Muroran_00141.jpg,5 83 442 483 600
test_Numazu_00204.jpg,3 177 471 554 587 5 0 368 521 592 8 3 277 185 476
test_Nagakute_00180.jpg,2 69 358 211 585
test_Adachi_00253.jpg,1 160 285 417 484 5 23 194 316 435
test_Adachi_00081.jpg,7 0 302 486 423
test_Numazu_00381.jpg,1 33 344 144 454 2 232 302 319 474
test_Muroran_00156.jpg,1 279 341 559 579 1 220 358 430 586 1 333 458 478 600 5 232 330 588 577 8 26 364 192 596
test_Sumida_00134.jpg,2 133 420 224 521
test_Numazu_00076.jpg,2 0 183 272 517
test_Ichihara_00049.jpg,8 0 475 122 580 8 477 466 599 581
test_Sumida_00190.jpg,2 0 183 272 517
test_Muroran_00201.jpg,1 320 376 499 600 1 39 387 192 598 2 312 311 512 545 5 295 313 507 556 8 2 365 184 586
test_Adachi_00286.jpg,1 17 370 298 555 1 39 316 493 544
test_Numazu_00092.jpg,2 170 372 244 549 5 83 415 241 600
test_Numazu_00218.jpg,5 251 414 538 563
test_Nagakute_00167.jpg,1 349 438 458 594 2 260 231 346 600 8 16 230 277 490
test_Numazu_00114.jpg,2 32 295 201 578 5 34 327 357 583
test_Adachi_00135.jpg,1 36 407 198 571
test_Chiba_00076.jpg,2 92 517 209 595 2 76 500 171 581
test_Muroran_00020.jpg,2 264 352 326 600 4 154 442 600 562
test_Muroran_00383.jpg,5 60 393 337 599
test_Numazu_00171.jpg,5 98 307 275 444 8 347 293 575 541
test_Numazu_00285.jpg,5 266 411 600 599 8 140 401 222 599
test_Sumida_00098.jpg,7 7 444 439 534
test_Muroran_00312.jpg,2 347 400 600 593 8 204 348 380 428
test_Nagakute_00146.jpg,5 198 409 600 600 5 347 421 600 588 8 96 417 599 597
test_Adachi_00308.jpg,2 0 183 272 517
test_Muroran_00014.jpg,2 297 357 458 599 5 354 349 600 543 5 301 355 513 597
test_Muroran_00333.jpg,2 0 183 272 517
test_Muroran_00174.jpg,1 155 389 281 596 2 161 381 293 598
test_Adachi_00014.jpg,2 199 374 332 598
test_Numazu_00230.jpg,2 286 420 481 583 8 81 304 213 473
test_Nagakute_00114.jpg,1 221 335 303 573 2 29 362 157 596 8 267 315 545 586
test_Muroran_00299.jpg,5 275 376 576 600
test_Nagakute_00196.jpg,1 208 351 326 520 1 40 341 170 464 8 3 319 172 457
test_Muroran_00240.jpg,1 166 421 268 593 8 432 381 598 558 8 75 392 264 597
test_Sumida_00033.jpg,2 326 405 423 516
test_Muroran_00112.jpg,2 344 352 543 587 5 57 405 347 600
test_Sumida_00105.jpg,2 0 183 272 517
test_Numazu_00338.jpg,5 412 469 600 584 8 254 424 373 545
test_Numazu_00202.jpg,8 445 478 570 600 8 3 269 212 477
test_Adachi_00069.jpg,2 0 183 272 517
test_Ichihara_00021.jpg,1 153 406 296 598 8 406 400 598 582 8 49 401 279 596
test_Numazu_00160.jpg,7 0 412 511 600 8 32 316 155 476
test_Adachi_00299.jpg,2 8 378 189 595
test_Muroran_00345.jpg,1 105 321 414 600 5 55 320 374 596 5 5 313 131 588
test_Muroran_00163.jpg,5 204 370 600 598 5 358 342 600 552 5 162 424 467 598
test_Numazu_00390.jpg,2 454 478 600 593 5 69 400 260 597 5 42 406 535 597 5 307 463 600 598
test_Adachi_00068.jpg,1 113 319 460 572 3 41 315 561 530 3 213 346 600 499 5 118 299 432 566
test_Chiba_00026.jpg,8 456 483 595 566 8 194 490 302 590
test_Adachi_00072.jpg,8 484 302 595 442
test_Nagakute_00125.jpg,3 0 378 457 552 3 207 399 600 525 3 5 412 315 568 5 300 390 598 535
test_Muroran_00260.jpg,1 394 483 587 600 5 0 413 546 598
test_Numazu_00176.jpg,2 323 357 593 595 2 230 310 341 596 3 1 407 144 505
test_Muroran_00005.jpg,2 95 366 215 577 5 158 411 600 596
test_Adachi_00329.jpg,2 380 362 585 595
test_Numazu_00333.jpg,7 31 423 600 600
test_Sumida_00081.jpg,7 19 456 546 569
test_Numazu_00310.jpg,2 283 354 413 593 5 428 363 589 524 8 439 360 598 499
test_Numazu_00284.jpg,2 242 329 299 600
test_Numazu_00357.jpg,2 320 383 558 588 8 295 377 537 584
test_Nagakute_00185.jpg,5 254 345 420 591
test_Muroran_00322.jpg,2 191 362 313 583
test_Nagakute_00091.jpg,5 39 283 205 526 5 337 250 495 361
test_Nagakute_00159.jpg,2 178 271 242 500 2 52 482 129 599
test_Adachi_00180.jpg,2 327 168 413 600
test_Adachi_00130.jpg,2 116 297 263 505 2 53 366 216 593 2 419 332 582 596 2 41 251 278 600 8 370 238 590 530
test_Numazu_00317.jpg,2 359 438 563 600
test_Numazu_00388.jpg,2 56 277 217 585 5 78 290 255 587
test_Numazu_00374.jpg,2 259 299 380 600 5 17 290 275 585 6 11 280 344 591
test_Nagakute_00029.jpg,2 364 276 422 437 7 0 422 511 597 8 102 289 307 435
test_Muroran_00006.jpg,2 387 358 558 566 8 430 387 556 524 8 16 333 296 599
test_Muroran_00397.jpg,7 283 292 562 354
test_Numazu_00396.jpg,2 297 450 383 596
test_Sumida_00060.jpg,2 0 183 272 517
test_Adachi_00164.jpg,5 39 310 355 568
test_Adachi_00236.jpg,8 399 268 597 495
test_Muroran_00131.jpg,1 409 453 493 596 1 195 450 280 594 8 64 375 276 598 8 136 370 280 531
test_Nagakute_00199.jpg,2 341 321 587 592 8 8 279 179 557
test_Muroran_00238.jpg,5 108 289 245 438 5 127 272 290 544
test_Sumida_00217.jpg,2 0 183 272 517
test_Muroran_00045.jpg,5 0 384 452 599 5 3 406 193 600
test_Nagakute_00254.jpg,8 0 321 202 519
test_Sumida_00226.jpg,8 207 427 311 577
test_Ichihara_00024.jpg,1 155 458 284 600 2 440 381 558 453
test_Adachi_00265.jpg,1 186 231 438 462
test_Adachi_00021.jpg,2 170 170 279 538
test_Muroran_00104.jpg,2 195 389 284 598 8 476 461 600 600 8 0 373 238 594
test_Sumida_00168.jpg,2 261 442 298 535
test_Nagakute_00099.jpg,5 131 347 478 597 5 348 404 599 600
test_Nagakute_00086.jpg,7 0 404 494 600
test_Nagakute_00121.jpg,1 76 431 186 599 1 214 423 288 593 8 0 393 140 579 8 312 420 515 600
test_Nagakute_00154.jpg,4 127 461 596 580 8 128 476 220 600
test_Numazu_00340.jpg,1 23 408 376 584 5 363 413 573 571 8 0 326 144 575
test_Numazu_00222.jpg,2 0 183 272 517
test_Muroran_00283.jpg,5 5 343 189 579 5 78 393 538 600
test_Sumida_00100.jpg,2 0 183 272 517
test_Numazu_00029.jpg,5 15 394 424 599 5 189 417 554 598
test_Numazu_00393.jpg,1 342 290 594 422 5 338 280 600 425
test_Adachi_00251.jpg,1 344 410 467 536
test_Nagakute_00216.jpg,5 14 464 139 594 5 222 474 522 597
test_Numazu_00405.jpg,5 163 327 342 563 8 340 267 600 539 8 4 252 167 444
test_Muroran_00071.jpg,5 352 394 451 558 5 0 366 529 600
test_Sumida_00227.jpg,2 354 411 459 551
test_Numazu_00131.jpg,5 30 360 290 587
test_Muroran_00198.jpg,5 0 368 507 593 5 33 363 401 500
test_Sumida_00042.jpg,1 381 425 442 473 8 247 403 340 454
test_Numazu_00348.jpg,5 72 442 375 587 5 431 450 596 594 5 200 443 600 600 8 436 459 599 593 8 4 425 85 553
test_Chiba_00020.jpg,7 140 511 600 595
test_Muroran_00261.jpg,1 135 386 218 588
test_Adachi_00224.jpg,2 193 183 315 572 2 183 361 277 579 2 263 148 321 311 2 447 306 593 481
test_Adachi_00195.jpg,1 351 499 509 600 3 96 434 336 500
test_Adachi_00124.jpg,2 404 377 600 586
test_Adachi_00131.jpg,1 323 360 504 516 5 323 356 486 490
test_Numazu_00254.jpg,2 0 183 272 517
test_Nagakute_00229.jpg,1 108 427 206 570 2 260 324 334 600 5 332 389 541 600
test_Nagakute_00144.jpg,1 11 379 249 568 2 54 379 244 539
test_Nagakute_00073.jpg,2 342 304 600 588 8 33 336 274 600
test_Nagakute_00021.jpg,2 89 253 225 600
test_Sumida_00029.jpg,2 365 440 453 549
test_Muroran_00365.jpg,1 455 406 592 561 8 0 374 219 579 8 400 423 551 598
test_Sumida_00030.jpg,8 356 416 530 558
test_Sumida_00165.jpg,2 0 416 215 553 2 56 436 164 519 8 417 451 576 563
test_Muroran_00023.jpg,5 88 312 548 600 5 12 307 334 599 5 288 357 600 600
test_Numazu_00361.jpg,2 0 183 272 517
test_Muroran_00295.jpg,5 233 471 391 580
test_Muroran_00179.jpg,2 369 439 482 595
test_Adachi_00219.jpg,5 327 395 466 503
test_Nagakute_00241.jpg,1 108 413 234 594 2 310 325 384 600 8 14 333 258 594 8 405 349 600 502
test_Numazu_00180.jpg,8 280 410 498 595
test_Ichihara_00046.jpg,2 137 408 308 576
test_Sumida_00123.jpg,2 0 388 220 546 8 6 417 175 521
test_Numazu_00108.jpg,5 450 409 596 561
test_Numazu_00288.jpg,2 302 421 440 588
test_Numazu_00258.jpg,2 0 183 272 517
test_Sumida_00096.jpg,2 0 407 169 521 2 224 427 311 547 8 423 432 591 577 8 476 496 587 584
test_Adachi_00262.jpg,7 58 398 585 564
test_Numazu_00372.jpg,2 118 301 257 600 5 183 293 572 595 6 224 276 497 574
test_Sumida_00118.jpg,2 0 183 272 517
test_Numazu_00385.jpg,5 9 351 204 588
test_Adachi_00327.jpg,8 438 376 599 536 8 16 399 255 558
test_Nagakute_00202.jpg,8 267 370 586 594
test_Numazu_00339.jpg,8 0 292 200 560 8 318 300 567 557
test_Nagakute_00217.jpg,1 162 387 276 599
test_Nagakute_00008.jpg,2 299 383 373 543 5 42 408 554 593 5 44 448 340 600
test_Chiba_00069.jpg,2 0 183 272 517
test_Numazu_00168.jpg,5 0 357 458 599 5 223 330 574 600 5 49 349 232 593 8 282 313 492 600 8 0 322 127 477
test_Chiba_00045.jpg,1 279 478 365 584 1 16 522 138 594 8 207 469 317 584 8 441 478 596 568
test_Sumida_00111.jpg,8 421 474 588 564
test_Numazu_00302.jpg,1 406 440 523 588 2 0 339 121 512
test_Muroran_00194.jpg,2 266 380 586 527 5 15 398 166 576
test_Numazu_00292.jpg,2 310 296 581 548
test_Numazu_00225.jpg,2 139 318 227 577 5 157 348 471 583
test_Sumida_00045.jpg,7 206 432 581 543
test_Sumida_00068.jpg,2 334 403 403 535 8 352 400 453 503
test_Muroran_00407.jpg,5 236 371 532 596
test_Muroran_00293.jpg,2 311 359 562 600 4 0 427 414 517
test_Muroran_00418.jpg,5 37 383 482 586 5 15 354 268 576
test_Ichihara_00030.jpg,5 71 393 310 599 5 125 388 587 599
test_Adachi_00117.jpg,2 0 183 272 517
test_Sumida_00106.jpg,8 425 419 600 522
test_Muroran_00153.jpg,1 105 435 260 593 1 447 342 594 445 8 1 337 253 577
test_Nagakute_00187.jpg,1 294 435 472 593 2 175 380 265 599 2 278 379 525 589
test_Adachi_00018.jpg,2 338 332 424 599
test_Muroran_00354.jpg,2 318 384 471 592
test_Numazu_00210.jpg,5 98 463 499 600 6 90 437 448 596
test_Ichihara_00026.jpg,8 441 484 558 599
test_Ichihara_00047.jpg,2 466 421 595 528
test_Adachi_00269.jpg,2 383 315 486 398 7 28 388 595 600
test_Adachi_00276.jpg,2 415 293 598 530
test_Nagakute_00190.jpg,1 32 347 219 567 2 302 278 594 600
test_Muroran_00425.jpg,8 279 320 341 600
test_Muroran_00074.jpg,2 0 183 272 517
test_Muroran_00130.jpg,5 139 377 449 596
test_Adachi_00153.jpg,1 266 444 366 595
test_Numazu_00395.jpg,2 56 377 228 597
test_Numazu_00366.jpg,2 290 368 433 583 2 3 389 107 576 7 87 270 388 338 8 410 375 599 574 8 245 438 320 579
test_Sumida_00166.jpg,2 327 388 392 539
test_Numazu_00259.jpg,1 335 449 419 600 1 463 429 572 531
test_Muroran_00315.jpg,5 85 341 591 600 5 331 365 600 594
test_Nagakute_00078.jpg,1 267 339 446 511 1 288 347 406 459 8 1 278 183 522 8 284 232 597 527
test_Numazu_00246.jpg,2 262 395 403 595 5 266 385 577 595 5 67 507 237 600 8 388 409 596 574
test_Chiba_00079.jpg,1 291 479 362 591
test_Numazu_00323.jpg,7 139 353 600 484
test_Numazu_00397.jpg,2 234 386 323 600
test_Numazu_00235.jpg,1 44 328 199 562 1 336 369 558 577 8 345 333 587 561
test_Numazu_00315.jpg,1 303 421 422 571 8 4 375 110 516 8 340 308 583 595
test_Chiba_00089.jpg,8 285 460 480 596
test_Adachi_00263.jpg,1 398 358 589 600
test_Adachi_00128.jpg,1 0 315 266 593 5 2 310 236 517
test_Muroran_00007.jpg,5 18 353 517 600
test_Numazu_00277.jpg,2 70 387 186 524 8 304 396 562 600 8 5 388 174 534
test_Nagakute_00109.jpg,2 236 294 414 541 2 296 378 468 600 3 77 432 330 491
test_Numazu_00281.jpg,5 12 347 246 585 8 388 326 599 450
test_Ichihara_00045.jpg,7 72 439 600 597
test_Muroran_00132.jpg,5 46 368 591 595
test_Muroran_00213.jpg,2 345 384 522 598 5 16 381 494 596 5 337 387 506 594
test_Muroran_00120.jpg,1 351 501 470 600 5 0 469 373 599
test_Numazu_00105.jpg,2 329 338 556 584
test_Nagakute_00201.jpg,5 205 397 386 596 8 24 403 187 600
test_Adachi_00096.jpg,2 292 309 413 588 8 277 333 470 404
test_Adachi_00270.jpg,2 189 337 250 600
test_Muroran_00419.jpg,5 35 336 557 597 5 271 331 540 554
test_Adachi_00289.jpg,8 0 298 257 600
test_Muroran_00298.jpg,2 376 388 584 597
test_Numazu_00036.jpg,2 8 273 210 600 5 39 307 281 584 8 354 399 548 587
test_Ichihara_00028.jpg,7 0 455 526 599
test_Numazu_00391.jpg,5 12 366 442 586
test_Nagakute_00244.jpg,1 303 408 406 538 8 0 317 195 506
test_Muroran_00294.jpg,5 142 421 344 591
test_Sumida_00193.jpg,2 188 406 286 543
test_Ichihara_00029.jpg,1 391 409 567 600
test_Muroran_00143.jpg,1 107 413 254 600 3 39 451 214 514 8 370 394 474 600
test_Sumida_00197.jpg,2 0 183 272 517
test_Sumida_00141.jpg,1 171 453 290 560 8 397 449 594 595 8 69 452 207 566
test_Muroran_00047.jpg,2 178 356 253 596 8 422 398 600 534
test_Muroran_00085.jpg,1 364 374 530 595 5 31 329 329 593 5 86 350 571 600 5 372 382 533 600
test_Muroran_00244.jpg,5 441 417 592 576 8 497 460 600 564 8 74 330 255 600
test_Muroran_00348.jpg,5 230 339 567 583
test_Nagakute_00250.jpg,7 1 382 600 600
test_Adachi_00154.jpg,1 399 395 560 590
test_Nagakute_00274.jpg,1 326 432 542 595 5 11 463 217 600 5 0 479 370 596 5 112 485 514 597 8 325 396 549 598
test_Adachi_00085.jpg,2 156 308 265 600 8 0 278 77 424
test_Adachi_00261.jpg,2 8 155 158 483 5 340 133 563 405
test_Sumida_00031.jpg,7 317 420 570 571
test_Muroran_00100.jpg,5 130 463 552 579
test_Nagakute_00198.jpg,1 248 417 310 592 2 251 404 309 599
test_Nagakute_00139.jpg,1 37 375 157 599 5 274 408 522 598 8 2 303 122 497
test_Numazu_00229.jpg,2 0 312 100 515
test_Adachi_00073.jpg,2 412 460 536 595 8 353 426 547 486
test_Muroran_00031.jpg,5 12 355 528 600
test_Muroran_00257.jpg,5 58 355 423 595 5 94 336 264 497
test_Muroran_00357.jpg,5 55 395 531 599 5 83 407 319 592
test_Numazu_00370.jpg,2 251 361 329 584
test_Nagakute_00168.jpg,4 8 458 471 566 8 363 371 501 512 8 11 329 180 469
test_Adachi_00165.jpg,7 29 190 578 393
test_Adachi_00208.jpg,2 116 399 213 511 5 357 340 575 598 5 165 386 600 600 8 429 402 574 599
test_Adachi_00086.jpg,1 152 325 254 514 1 314 298 421 412 1 8 323 151 419
test_Adachi_00273.jpg,2 139 246 294 600 8 218 285 396 424
test_Adachi_00225.jpg,8 26 291 256 528 8 57 151 390 401 8 140 193 482 494 8 18 232 202 456
test_Adachi_00030.jpg,7 0 171 552 377
test_Muroran_00204.jpg,1 397 389 545 600 5 109 324 511 577
test_Numazu_00240.jpg,2 258 370 414 598
test_Muroran_00328.jpg,1 311 402 372 598 1 167 431 281 600
test_Sumida_00043.jpg,2 331 459 384 555
test_Adachi_00228.jpg,7 40 331 600 598
test_Muroran_00008.jpg,5 154 336 565 592 5 3 434 162 597 5 0 359 391 600
test_Adachi_00029.jpg,8 418 223 595 356 8 2 205 199 361
test_Muroran_00384.jpg,2 384 351 583 600 5 379 372 598 600 5 434 493 566 593
test_Numazu_00250.jpg,2 105 325 251 583 2 294 313 567 597 2 378 401 544 594
test_Adachi_00240.jpg,2 0 183 272 517
test_Nagakute_00227.jpg,5 164 329 336 538
test_Ichihara_00038.jpg,1 406 383 502 571
test_Nagakute_00127.jpg,1 281 524 396 598
test_Adachi_00197.jpg,2 344 231 420 419 8 395 413 489 585
test_Muroran_00420.jpg,1 322 361 398 472 8 365 391 593 599
test_Adachi_00105.jpg,1 103 184 236 584 2 497 225 599 345 2 98 91 239 384
test_Numazu_00095.jpg,5 236 315 386 587 7 12 411 312 583 8 14 408 260 589
test_Muroran_00297.jpg,2 359 343 593 546 5 159 420 284 537
test_Nagakute_00226.jpg,1 90 356 176 471 8 273 336 521 591
test_Chiba_00052.jpg,2 0 183 272 517
test_Muroran_00115.jpg,2 297 350 362 600
test_Muroran_00058.jpg,1 327 520 513 597 8 0 505 105 599
test_Muroran_00381.jpg,2 119 348 194 580
test_Sumida_00151.jpg,2 368 388 507 547 2 414 431 500 532
test_Nagakute_00173.jpg,1 102 474 478 600 5 51 451 600 600 7 219 333 600 463 7 88 329 600 546
test_Chiba_00034.jpg,2 289 400 413 549
test_Muroran_00059.jpg,7 0 474 552 600
test_Numazu_00097.jpg,5 110 412 293 598
test_Numazu_00233.jpg,1 146 362 323 571 8 345 293 598 497
test_Chiba_00038.jpg,8 312 451 498 596
test_Adachi_00314.jpg,2 369 359 552 600
test_Sumida_00059.jpg,2 325 408 411 544
test_Sumida_00205.jpg,8 373 414 596 575
test_Muroran_00321.jpg,5 121 374 589 597 8 408 502 522 600
test_Nagakute_00016.jpg,5 63 361 547 598 5 288 392 600 596
test_Numazu_00268.jpg,8 122 364 302 600
test_Adachi_00246.jpg,7 0 138 475 326 7 98 143 582 278
test_Numazu_00384.jpg,7 47 300 583 465
test_Adachi_00087.jpg,2 0 183 272 517
test_Numazu_00170.jpg,7 125 346 519 509
test_Adachi_00127.jpg,1 136 465 214 595 8 363 306 599 566
test_Adachi_00172.jpg,1 133 213 284 473
test_Sumida_00041.jpg,2 0 183 272 517
test_Numazu_00193.jpg,1 46 416 158 570 8 346 284 595 529
test_Sumida_00028.jpg,2 361 419 483 555
test_Muroran_00376.jpg,5 62 351 409 509
test_Adachi_00237.jpg,8 263 307 594 513
test_Nagakute_00239.jpg,1 230 417 323 596 8 286 387 510 600
test_Ichihara_00042.jpg,1 393 402 514 474 8 3 477 157 598
test_Nagakute_00181.jpg,5 56 360 517 600
test_Sumida_00135.jpg,8 450 483 595 596
test_Numazu_00083.jpg,5 0 348 383 595 8 219 343 496 590
test_Muroran_00180.jpg,2 0 183 272 517
test_Muroran_00269.jpg,5 7 368 573 598
test_Numazu_00030.jpg,8 182 302 345 552 8 163 390 388 593
test_Chiba_00002.jpg,7 0 508 379 598
test_Numazu_00336.jpg,8 289 357 560 599 8 303 325 485 519 8 376 456 594 597 8 62 280 228 585
test_Adachi_00035.jpg,2 0 183 272 517
test_Nagakute_00030.jpg,1 355 450 581 596 2 265 353 357 600
test_Muroran_00035.jpg,1 63 404 221 595 8 441 383 596 543
test_Muroran_00424.jpg,5 53 411 600 598
test_Muroran_00186.jpg,1 272 337 330 543 1 144 371 245 591 8 1 339 219 562 8 356 358 471 506
test_Muroran_00326.jpg,5 30 366 296 600
test_Muroran_00417.jpg,2 389 336 598 596 8 188 384 337 553
test_Muroran_00398.jpg,5 359 417 596 592
test_Nagakute_00260.jpg,1 68 357 225 588 2 258 299 501 598 3 344 414 565 474
test_Muroran_00053.jpg,5 179 442 502 597
test_Sumida_00091.jpg,5 163 385 281 479
test_Sumida_00170.jpg,2 313 391 404 534
test_Muroran_00413.jpg,2 420 371 531 598 2 418 297 590 428 7 76 301 263 407 8 78 304 258 404
test_Muroran_00388.jpg,5 126 386 600 594 5 12 340 277 600 5 309 431 568 594
test_Adachi_00061.jpg,1 420 253 598 446 2 0 362 155 590 2 418 254 600 445
test_Nagakute_00074.jpg,5 110 339 289 600 8 456 365 598 479
test_Nagakute_00043.jpg,1 122 435 209 595 1 299 391 427 569 8 1 312 207 506
test_Adachi_00196.jpg,2 333 312 572 596
test_Muroran_00078.jpg,2 0 183 272 517
test_Adachi_00013.jpg,2 425 402 543 590
test_Numazu_00064.jpg,6 179 399 411 595
test_Muroran_00273.jpg,2 14 328 193 594
test_Nagakute_00041.jpg,1 236 494 386 600
test_Nagakute_00057.jpg,2 391 477 476 595
test_Ichihara_00002.jpg,1 377 421 529 590 8 25 450 200 597
test_Nagakute_00221.jpg,1 344 458 590 598 3 26 485 264 533
test_Muroran_00109.jpg,5 53 357 560 597
test_Numazu_00161.jpg,8 353 301 594 527 8 8 280 208 465
test_Adachi_00250.jpg,2 299 302 441 598
test_Muroran_00138.jpg,5 114 366 573 595
test_Muroran_00211.jpg,5 462 438 593 598
test_Nagakute_00061.jpg,7 0 440 530 599
test_Numazu_00006.jpg,2 0 183 272 517
test_Numazu_00353.jpg,2 308 354 470 599
test_Numazu_00201.jpg,2 319 466 389 592
test_Muroran_00391.jpg,2 338 375 436 600
test_Muroran_00219.jpg,2 341 349 599 566 2 276 354 357 599
test_Sumida_00018.jpg,8 438 487 599 578
test_Numazu_00147.jpg,5 2 418 406 596 5 198 403 458 597
test_Muroran_00344.jpg,5 46 357 575 597
test_Numazu_00013.jpg,5 136 308 224 406
test_Numazu_00261.jpg,2 81 267 228 592 2 140 267 219 470 2 85 368 183 585 5 34 368 211 574 8 0 312 138 520
test_Adachi_00098.jpg,1 394 408 481 516 2 163 370 261 588 7 202 301 600 388
test_Nagakute_00113.jpg,2 84 256 252 578
test_Numazu_00110.jpg,2 298 329 579 585 5 158 362 315 594 8 322 334 542 573 8 156 355 295 557
test_Adachi_00321.jpg,2 308 341 484 600
test_Chiba_00061.jpg,2 0 183 272 517
test_Adachi_00217.jpg,7 0 324 483 538
test_Nagakute_00116.jpg,1 318 385 505 599 1 302 381 424 511 1 165 436 246 573
test_Chiba_00011.jpg,2 367 442 595 575
test_Muroran_00310.jpg,1 471 427 596 537
test_Numazu_00178.jpg,5 141 491 327 599
test_Ichihara_00023.jpg,8 390 389 600 595
test_Adachi_00275.jpg,2 436 296 600 588
test_Numazu_00306.jpg,1 193 309 273 441 8 380 307 595 481
test_Nagakute_00140.jpg,2 235 394 417 599
test_Muroran_00098.jpg,2 381 408 596 593 8 7 476 121 597
test_Nagakute_00031.jpg,7 0 416 591 600
test_Numazu_00063.jpg,5 0 349 451 575 5 12 350 258 536 5 177 321 379 504
test_Muroran_00137.jpg,1 286 391 428 592 1 372 409 482 564
test_Nagakute_00038.jpg,5 136 460 256 556 8 396 348 587 562
test_Nagakute_00262.jpg,1 282 363 429 569 8 0 346 169 511
test_Adachi_00201.jpg,2 314 439 387 600 8 374 383 480 467
test_Muroran_00111.jpg,5 247 401 452 597 8 342 444 447 600
test_Muroran_00416.jpg,5 285 418 508 501 5 65 396 315 486
test_Chiba_00058.jpg,1 305 439 384 537
test_Nagakute_00149.jpg,2 373 407 524 508
test_Adachi_00318.jpg,7 126 142 570 261
test_Sumida_00056.jpg,7 46 456 553 554
test_Adachi_00161.jpg,8 144 342 445 596
test_Nagakute_00093.jpg,8 18 352 195 596 8 337 413 586 598
test_Nagakute_00147.jpg,1 52 419 181 600
test_Numazu_00093.jpg,2 0 183 272 517
test_Numazu_00192.jpg,2 118 279 210 430 2 18 290 195 600 5 327 325 599 580
test_Nagakute_00072.jpg,1 223 434 276 600
test_Adachi_00020.jpg,1 95 193 256 455 1 80 323 165 534 8 256 98 334 424 8 342 162 595 394
test_Sumida_00015.jpg,8 320 407 463 553
test_Muroran_00068.jpg,5 66 340 296 593 5 409 470 595 597 5 205 466 560 599 5 450 336 592 442 8 412 373 550 503
test_Numazu_00071.jpg,8 30 352 180 591
test_Adachi_00054.jpg,2 0 183 272 517
test_Sumida_00006.jpg,1 92 458 219 554 8 13 463 184 566
test_Numazu_00132.jpg,5 55 337 355 596
test_Muroran_00246.jpg,1 311 350 426 600
test_Numazu_00401.jpg,1 137 399 237 558 1 263 395 348 481 8 279 365 600 600
test_Numazu_00103.jpg,5 237 373 558 523
test_Sumida_00016.jpg,2 0 183 272 517
test_Muroran_00255.jpg,5 7 321 465 598 5 226 347 600 595
test_Numazu_00078.jpg,6 137 381 352 598
test_Muroran_00343.jpg,2 0 183 272 517
test_Nagakute_00066.jpg,2 277 339 324 596
test_Muroran_00060.jpg,1 129 450 219 576 1 420 444 598 583
test_Numazu_00350.jpg,2 309 327 360 583
test_Chiba_00021.jpg,5 334 458 600 581 5 307 467 395 577
test_Nagakute_00197.jpg,2 0 183 272 517
test_Adachi_00268.jpg,1 247 323 365 432
test_Muroran_00245.jpg,2 243 356 314 599
test_Numazu_00220.jpg,6 241 339 519 578
test_Muroran_00117.jpg,2 193 421 284 597 2 0 405 181 558
test_Adachi_00088.jpg,2 189 282 272 485
test_Numazu_00308.jpg,5 44 471 234 600 8 211 409 375 536
test_Muroran_00183.jpg,5 108 295 504 600 5 246 350 590 598 5 0 339 360 598
test_Sumida_00055.jpg,2 336 430 405 547 8 383 428 540 561
test_Nagakute_00265.jpg,2 351 425 590 600 2 146 320 269 529
test_Sumida_00195.jpg,8 415 445 598 585
test_Nagakute_00135.jpg,1 164 501 341 595 8 13 381 205 600 8 335 369 600 594
test_Sumida_00063.jpg,2 387 416 600 523 2 256 423 354 550
test_Adachi_00099.jpg,8 24 313 202 600
test_Adachi_00257.jpg,7 28 171 499 311
test_Numazu_00088.jpg,5 39 395 535 600 5 295 437 600 595 8 5 362 194 595 8 410 472 588 597
test_Chiba_00068.jpg,2 0 183 272 517
test_Muroran_00070.jpg,2 147 337 268 600
test_Sumida_00224.jpg,7 166 431 600 556
test_Nagakute_00007.jpg,2 47 325 249 600 5 160 328 600 590 5 194 391 355 586
test_Muroran_00286.jpg,5 63 372 505 599
test_Numazu_00090.jpg,2 283 348 413 600
test_Numazu_00251.jpg,8 330 415 449 535
test_Muroran_00012.jpg,5 327 393 593 591
test_Nagakute_00025.jpg,1 53 399 160 546 8 271 348 581 593 8 19 374 162 538
test_Muroran_00352.jpg,5 111 361 600 593 5 114 407 421 589
test_Muroran_00278.jpg,8 228 400 304 600
test_Muroran_00116.jpg,6 67 378 600 588
test_Numazu_00113.jpg,1 341 340 582 584 5 333 340 581 578 8 7 298 190 486
test_Muroran_00262.jpg,5 111 321 582 600
test_Muroran_00243.jpg,2 410 392 516 520 5 181 319 544 592 5 62 286 409 600 8 5 270 232 599
test_Sumida_00044.jpg,2 353 411 467 546
test_Sumida_00052.jpg,2 107 404 252 564 2 123 445 221 542
test_Sumida_00095.jpg,1 163 398 260 492
test_Muroran_00422.jpg,2 0 183 272 517
test_Adachi_00120.jpg,2 380 241 564 533
test_Muroran_00342.jpg,2 394 409 591 590 5 0 364 381 594 5 183 417 506 599
test_Nagakute_00004.jpg,1 429 453 577 599 1 271 444 568 595 1 114 441 422 597 5 73 455 267 600
test_Sumida_00035.jpg,2 325 407 410 540 8 473 443 594 514
test_Adachi_00287.jpg,2 430 333 578 519
test_Adachi_00139.jpg,1 452 421 589 597 8 430 204 600 354
test_Adachi_00070.jpg,2 345 366 512 599
test_Muroran_00022.jpg,5 38 446 289 599 5 35 418 540 596 8 321 384 381 545
test_Nagakute_00134.jpg,1 0 424 250 600 2 239 313 402 586
test_Sumida_00046.jpg,2 318 408 378 543
test_Sumida_00087.jpg,2 377 421 480 563 2 371 418 448 516
test_Numazu_00221.jpg,2 271 372 340 595 2 248 311 359 600 8 309 332 395 435
test_Nagakute_00096.jpg,1 338 372 471 541 1 192 490 334 594 2 14 282 142 392
test_Sumida_00027.jpg,1 341 422 408 554
test_Adachi_00296.jpg,2 372 315 597 560
test_Ichihara_00014.jpg,1 158 499 265 600 2 412 420 600 581
test_Muroran_00091.jpg,1 11 419 171 600 1 35 418 145 538 2 304 346 480 594 2 298 333 421 485 8 313 355 415 477
test_Adachi_00330.jpg,5 155 220 349 345 5 392 222 593 363 5 190 213 600 365 7 103 258 565 600
test_Adachi_00315.jpg,7 56 181 544 270
test_Sumida_00082.jpg,2 283 398 326 507
test_Muroran_00247.jpg,8 77 379 204 598
test_Nagakute_00032.jpg,2 129 348 226 600
test_Sumida_00053.jpg,8 336 421 430 538
test_Adachi_00277.jpg,2 13 347 105 469
test_Sumida_00128.jpg,8 71 392 172 541
test_Muroran_00172.jpg,5 0 399 468 600
test_Nagakute_00248.jpg,1 69 459 189 592 8 231 310 600 592
test_Numazu_00062.jpg,5 279 413 533 590 5 74 397 200 538 8 270 308 580 537 8 2 341 117 445
test_Muroran_00083.jpg,5 229 315 352 506 5 171 329 583 587 5 395 361 587 571
test_Nagakute_00259.jpg,1 314 386 499 596 8 0 315 216 600
test_Numazu_00239.jpg,6 225 422 373 520
test_Muroran_00335.jpg,5 358 412 599 600 5 24 356 226 595 5 0 352 482 586
test_Nagakute_00235.jpg,1 212 441 474 589 3 42 480 499 586 8 1 333 189 506
test_Numazu_00212.jpg,8 279 400 570 600
test_Numazu_00342.jpg,1 104 361 269 598
test_Nagakute_00176.jpg,2 398 442 507 597 8 0 350 519 600
test_Muroran_00003.jpg,5 129 363 443 594
test_Muroran_00409.jpg,5 0 374 472 592 5 146 361 600 600
test_Nagakute_00246.jpg,2 253 378 338 600
test_Numazu_00206.jpg,2 0 183 272 517
test_Sumida_00212.jpg,2 0 183 272 517
test_Numazu_00053.jpg,1 352 387 491 579 2 353 375 494 574 8 400 352 595 541
test_Sumida_00156.jpg,2 195 452 269 560
test_Muroran_00142.jpg,2 0 183 272 517
test_Nagakute_00130.jpg,1 177 437 245 599
test_Numazu_00389.jpg,5 0 352 599 597
test_Adachi_00185.jpg,1 241 352 409 598
test_Sumida_00007.jpg,5 154 432 337 526 8 4 414 94 554
test_Muroran_00052.jpg,1 74 396 323 585 1 409 367 593 508 3 68 402 337 579 5 64 403 350 595
test_Chiba_00041.jpg,2 0 183 272 517
test_Numazu_00072.jpg,8 319 323 493 460 8 175 269 252 385 8 370 361 526 468
test_Sumida_00076.jpg,2 340 425 411 556
test_Sumida_00186.jpg,8 419 455 595 596
test_Sumida_00088.jpg,2 0 183 272 517
test_Sumida_00080.jpg,8 329 397 427 536
test_Sumida_00019.jpg,7 115 462 600 569
test_Sumida_00131.jpg,2 269 431 310 541 8 141 431 259 561
test_Muroran_00206.jpg,5 0 358 340 592
test_Adachi_00238.jpg,2 225 195 285 494
test_Muroran_00263.jpg,1 277 394 470 600 5 0 391 69 596 5 292 391 464 593
test_Muroran_00128.jpg,2 427 380 588 522 8 29 413 194 599
test_Numazu_00272.jpg,5 209 321 361 598 8 300 314 395 439
test_Muroran_00300.jpg,3 325 528 523 586
test_Adachi_00220.jpg,3 227 345 506 410
test_Sumida_00137.jpg,2 0 416 193 543 2 328 426 412 539
test_Muroran_00318.jpg,2 302 370 356 599 5 5 434 227 599
test_Numazu_00343.jpg,7 0 396 534 598
test_Adachi_00198.jpg,2 344 300 589 546
test_Muroran_00252.jpg,2 300 307 369 552
test_Sumida_00145.jpg,8 382 429 548 565
test_Muroran_00224.jpg,5 5 369 228 573 8 323 402 408 592
test_Muroran_00334.jpg,2 281 355 511 543 2 249 328 450 492
test_Numazu_00360.jpg,1 170 303 245 569 5 0 299 244 585 8 300 297 593 599 8 0 282 165 476
test_Muroran_00401.jpg,3 83 443 489 572 8 314 437 412 595
test_Nagakute_00067.jpg,1 156 395 348 593
test_Nagakute_00019.jpg,2 390 304 591 477
test_Numazu_00197.jpg,2 0 183 272 517
test_Muroran_00113.jpg,5 108 363 322 600 5 402 363 590 553
test_Nagakute_00153.jpg,7 0 425 573 600
test_Sumida_00064.jpg,2 112 402 199 526
test_Muroran_00216.jpg,5 18 358 499 600 5 0 366 229 600
test_Numazu_00208.jpg,1 257 453 331 595 5 184 406 600 600 8 325 424 433 512
test_Sumida_00013.jpg,2 408 442 599 597
test_Nagakute_00183.jpg,8 1 359 125 508 8 172 363 292 448
test_Muroran_00379.jpg,5 137 428 314 598
test_Adachi_00223.jpg,5 355 363 508 408
test_Nagakute_00048.jpg,1 54 424 190 597 2 261 380 418 597 8 269 388 412 596
test_Muroran_00241.jpg,2 176 287 251 430 7 0 421 501 598
test_Adachi_00059.jpg,2 120 292 289 587
test_Sumida_00144.jpg,2 0 183 272 517
test_Adachi_00160.jpg,2 315 339 396 570
test_Muroran_00154.jpg,5 116 383 450 593
test_Adachi_00138.jpg,2 430 293 597 550
test_Numazu_00400.jpg,2 112 418 197 599 2 271 386 350 596 2 132 392 337 600
test_Muroran_00067.jpg,5 179 391 600 595 5 374 442 588 597 8 106 355 311 600
test_Muroran_00026.jpg,2 324 322 506 600 2 119 350 279 600
test_Adachi_00179.jpg,5 252 353 522 597 5 0 417 513 599 8 296 310 501 583
test_Chiba_00063.jpg,8 461 485 595 574
test_Sumida_00167.jpg,8 413 462 592 600
test_Adachi_00231.jpg,1 159 120 292 514 1 361 167 592 480
test_Adachi_00260.jpg,2 446 349 595 484
test_Sumida_00024.jpg,2 208 395 288 523 8 346 425 445 535
test_Nagakute_00122.jpg,2 235 318 357 524 3 109 377 282 430
test_Adachi_00320.jpg,1 142 264 231 433 2 348 169 469 540 2 310 126 424 427 2 301 121 383 320 8 300 171 383 367
test_Numazu_00159.jpg,1 5 410 176 598
test_Adachi_00074.jpg,1 425 415 564 600
test_Muroran_00405.jpg,2 265 322 429 595 2 372 358 600 552
test_Chiba_00039.jpg,5 149 470 517 571
test_Muroran_00066.jpg,5 0 368 496 595 6 233 416 521 578
test_Muroran_00148.jpg,2 313 388 366 527 8 499 471 597 591 8 87 380 282 600
test_Muroran_00144.jpg,5 84 446 475 595
test_Muroran_00013.jpg,2 0 183 272 517
test_Sumida_00036.jpg,2 26 435 209 566
test_Muroran_00228.jpg,5 200 432 533 596
test_Muroran_00349.jpg,2 134 331 210 598 8 312 378 417 481
test_Muroran_00364.jpg,8 129 391 272 597 8 379 341 595 504
test_Sumida_00202.jpg,2 260 423 313 561
test_Adachi_00302.jpg,2 0 183 272 517
test_Nagakute_00182.jpg,8 297 327 531 584
test_Nagakute_00242.jpg,2 0 376 185 600 2 291 356 428 599
test_Chiba_00082.jpg,8 310 469 584 599
test_Ichihara_00019.jpg,8 8 437 235 595
test_Numazu_00237.jpg,5 68 395 415 600
test_Muroran_00353.jpg,2 0 183 272 517
test_Sumida_00021.jpg,2 0 183 272 517
test_Numazu_00325.jpg,1 327 460 497 539 1 77 419 170 588 8 8 398 154 566
test_Numazu_00262.jpg,1 50 357 182 466 8 287 283 541 589 8 196 425 300 593
test_Numazu_00207.jpg,1 359 360 543 547 7 190 266 464 343 8 368 358 562 558
test_Adachi_00215.jpg,2 360 226 531 585
test_Muroran_00412.jpg,5 25 356 489 600 5 213 382 584 599
test_Adachi_00324.jpg,2 393 387 589 537 2 169 378 278 596
test_Numazu_00141.jpg,2 244 354 343 598 8 296 328 516 596
test_Sumida_00122.jpg,7 70 433 520 524
test_Sumida_00116.jpg,2 0 183 272 517
test_Nagakute_00258.jpg,5 353 450 489 562 7 105 367 539 456
test_Adachi_00002.jpg,2 71 190 299 600 2 143 190 295 503
test_Sumida_00200.jpg,5 248 443 347 547
test_Numazu_00198.jpg,1 243 309 392 556 5 131 346 600 583 5 239 323 386 585
test_Numazu_00059.jpg,7 0 374 512 583 7 148 379 600 600
test_Muroran_00258.jpg,1 247 380 385 598 1 11 354 171 600 1 226 341 334 568 5 7 330 183 600 8 359 414 534 597
test_Numazu_00016.jpg,2 305 327 445 531
test_Muroran_00044.jpg,5 38 365 600 600
test_Sumida_00104.jpg,2 248 409 382 531 2 361 408 412 504
test_Nagakute_00261.jpg,1 28 432 144 557 8 5 333 205 531
test_Sumida_00211.jpg,8 344 406 535 556
test_Adachi_00022.jpg,1 288 485 402 598 1 186 348 274 486
test_Adachi_00095.jpg,2 191 347 288 597
test_Muroran_00272.jpg,8 375 405 529 561
test_Adachi_00294.jpg,2 347 240 515 567 2 397 331 542 593 2 359 250 466 454 7 204 189 522 251
test_Adachi_00084.jpg,1 387 476 489 597
test_Muroran_00127.jpg,5 273 460 373 591 8 406 325 593 452
test_Adachi_00019.jpg,8 355 440 474 600 8 232 376 369 456
test_Adachi_00136.jpg,2 286 76 478 251 7 63 245 600 600
test_Sumida_00154.jpg,1 381 424 442 473 8 246 404 344 454
test_Numazu_00188.jpg,1 390 385 527 492
test_Nagakute_00141.jpg,3 143 370 311 433
test_Adachi_00091.jpg,1 134 380 316 598
test_Chiba_00044.jpg,8 320 452 430 589 8 176 462 271 598
test_Muroran_00082.jpg,5 0 316 544 600
test_Muroran_00050.jpg,5 220 362 600 593
test_Nagakute_00105.jpg,2 338 446 499 598 8 381 523 591 598
test_Muroran_00167.jpg,5 0 327 392 594 5 111 363 543 598
test_Sumida_00017.jpg,1 169 427 304 522
test_Adachi_00063.jpg,2 475 284 596 438
test_Numazu_00387.jpg,2 0 183 272 517
test_Numazu_00399.jpg,5 0 296 281 516 5 366 381 569 541 6 0 302 292 496
test_Sumida_00103.jpg,7 144 463 597 569
test_Muroran_00057.jpg,5 251 385 523 586 6 268 382 472 533
test_Muroran_00061.jpg,1 426 339 592 517 2 279 387 341 600 2 242 352 347 600
test_Muroran_00077.jpg,2 190 372 240 600 5 73 378 381 600
test_Nagakute_00028.jpg,2 116 454 190 595 5 293 436 440 532
test_Muroran_00331.jpg,7 107 355 585 520
test_Numazu_00040.jpg,8 341 306 600 482 8 23 280 211 600
test_Ichihara_00032.jpg,7 79 478 584 598
test_Muroran_00170.jpg,8 0 387 186 567
test_Muroran_00185.jpg,5 60 350 535 598
test_Nagakute_00110.jpg,2 332 232 599 495 8 12 261 240 568
test_Nagakute_00210.jpg,2 349 428 597 498 8 57 397 284 505
test_Muroran_00250.jpg,2 387 370 510 563 5 149 405 291 591 5 95 394 554 597 8 273 472 335 600
test_Chiba_00037.jpg,7 166 494 600 587
test_Sumida_00221.jpg,8 407 425 595 562
test_Numazu_00152.jpg,2 0 183 272 517
test_Muroran_00182.jpg,1 187 416 274 595
test_Sumida_00089.jpg,7 79 442 600 543
test_Muroran_00288.jpg,5 129 341 504 591
test_Muroran_00150.jpg,5 270 295 486 441 5 235 445 565 598
test_Chiba_00031.jpg,2 70 462 193 595
test_Sumida_00075.jpg,2 215 400 290 544
test_Numazu_00075.jpg,5 20 391 270 595
test_Numazu_00234.jpg,1 237 359 302 570
test_Numazu_00091.jpg,1 187 407 264 590 1 299 437 439 592 8 20 269 216 600 8 368 316 600 484
test_Chiba_00094.jpg,4 101 439 327 484
test_Adachi_00078.jpg,1 373 311 507 469 8 364 249 600 430
test_Sumida_00012.jpg,2 370 441 499 589
test_Muroran_00306.jpg,2 289 335 338 600
test_Sumida_00073.jpg,2 244 400 344 539 2 248 429 286 542
test_Muroran_00171.jpg,5 76 363 570 597
test_Muroran_00105.jpg,8 364 486 519 600
test_Nagakute_00263.jpg,1 286 347 483 548
test_Adachi_00062.jpg,7 78 358 540 494 8 0 414 214 588
test_Adachi_00122.jpg,1 142 259 374 566
test_Sumida_00121.jpg,8 3 438 225 567
test_Muroran_00380.jpg,1 127 457 246 596 8 394 414 594 599
test_Adachi_00016.jpg,1 361 334 475 517
test_Muroran_00187.jpg,5 51 367 430 594
test_Adachi_00221.jpg,1 388 418 481 539 2 393 380 534 542 8 398 379 553 550
test_Adachi_00317.jpg,2 0 339 156 495 2 458 359 596 475 8 454 362 594 484
test_Adachi_00207.jpg,1 418 217 593 447
test_Adachi_00218.jpg,1 441 189 559 542 2 448 213 559 532 7 0 221 360 522
test_Adachi_00015.jpg,1 114 107 255 515
test_Adachi_00209.jpg,1 403 275 528 465 1 380 274 581 544 2 3 197 158 516
test_Numazu_00186.jpg,5 247 338 536 514 5 262 337 434 471
test_Numazu_00304.jpg,2 273 256 569 573 8 298 265 600 600
test_Sumida_00222.jpg,2 0 183 272 517
test_Numazu_00153.jpg,6 184 395 395 591 8 402 403 600 600 8 154 393 382 591 8 107 371 276 600
test_Nagakute_00273.jpg,1 68 468 157 597 2 242 222 327 600 5 298 300 569 561 8 21 239 216 555
test_Muroran_00032.jpg,5 73 341 542 596 5 315 374 600 579 5 43 335 320 574 8 374 369 600 574 8 391 375 539 484
test_Numazu_00377.jpg,2 75 347 252 582
test_Adachi_00234.jpg,2 0 183 272 517
test_Nagakute_00272.jpg,1 456 425 589 531
test_Chiba_00060.jpg,8 215 464 328 590 8 413 458 599 572
test_Numazu_00182.jpg,1 62 509 157 600 1 292 442 422 593 2 291 424 422 600 5 288 438 429 600
test_Adachi_00293.jpg,2 0 183 272 517
test_Ichihara_00005.jpg,2 469 429 600 566
test_Nagakute_00118.jpg,3 405 420 597 466 8 300 335 566 600
test_Sumida_00054.jpg,2 0 183 272 517
test_Numazu_00054.jpg,2 250 377 344 600 8 354 438 567 600
test_Nagakute_00188.jpg,8 289 379 504 597
test_Numazu_00058.jpg,5 73 426 332 596
test_Adachi_00082.jpg,2 92 266 264 447
test_Muroran_00307.jpg,5 105 400 554 600 5 0 473 69 594
test_Adachi_00003.jpg,2 0 317 184 468
test_Muroran_00010.jpg,2 144 377 274 599
test_Numazu_00404.jpg,5 221 350 521 575 6 212 358 494 580
test_Numazu_00227.jpg,5 80 403 598 600 5 304 432 588 592 8 42 362 217 593
test_Nagakute_00011.jpg,5 117 312 525 537 7 68 323 531 564 8 221 318 540 548
test_Muroran_00254.jpg,1 369 379 588 583 1 348 347 537 517 1 100 368 194 471 1 29 382 188 565 8 340 389 435 522
test_Nagakute_00033.jpg,1 72 487 153 600 1 87 432 216 596 2 219 353 493 600
test_Muroran_00175.jpg,5 79 393 568 595
test_Sumida_00057.jpg,7 199 432 577 543
test_Numazu_00122.jpg,1 0 388 134 581
test_Sumida_00127.jpg,7 4 480 568 570
test_Sumida_00149.jpg,2 0 183 272 517
test_Numazu_00024.jpg,2 185 384 247 587 3 230 430 473 483 8 365 338 600 561 8 1 334 158 516
test_Nagakute_00005.jpg,5 44 417 304 599
test_Chiba_00093.jpg,5 301 461 371 592 8 447 468 596 555
test_Muroran_00358.jpg,2 0 183 272 517
test_Sumida_00092.jpg,2 0 183 272 517
test_Adachi_00093.jpg,2 217 298 282 547 8 194 337 600 578 8 157 338 532 470
test_Numazu_00106.jpg,5 86 407 568 581
test_Muroran_00051.jpg,1 8 437 163 596 5 3 374 155 524 5 257 338 542 600
test_Muroran_00209.jpg,5 95 348 600 595
test_Nagakute_00024.jpg,5 0 457 364 598
test_Sumida_00183.jpg,2 0 183 272 517
test_Numazu_00079.jpg,1 215 414 276 580 8 297 407 571 600
test_Adachi_00056.jpg,2 345 240 514 567 2 398 332 539 594 2 359 248 467 464 7 202 191 523 252
test_Numazu_00158.jpg,2 308 277 479 585
test_Nagakute_00269.jpg,5 70 343 351 584
test_Sumida_00177.jpg,8 422 423 594 559
test_Numazu_00050.jpg,7 0 390 515 591
test_Nagakute_00223.jpg,8 66 350 600 586
test_Numazu_00236.jpg,5 0 347 479 600
test_Muroran_00362.jpg,5 185 364 474 600 8 474 464 600 584
test_Muroran_00316.jpg,5 77 348 289 597
test_Numazu_00167.jpg,7 0 378 524 600
test_Nagakute_00207.jpg,2 261 233 494 583 2 305 256 597 511 3 359 411 544 476
test_Numazu_00253.jpg,2 292 301 533 587
test_Chiba_00003.jpg,2 400 447 569 576
test_Muroran_00118.jpg,5 327 403 600 598
test_Nagakute_00082.jpg,1 404 360 523 486 2 117 334 288 593
test_Adachi_00202.jpg,2 119 383 291 521
test_Muroran_00411.jpg,5 0 362 482 597
test_Adachi_00076.jpg,8 170 280 524 553 8 62 251 330 519
test_Muroran_00369.jpg,7 0 431 538 599
test_Muroran_00400.jpg,2 427 449 576 596 6 0 430 254 593
test_Adachi_00316.jpg,1 176 404 229 583
test_Ichihara_00016.jpg,2 0 183 272 517
test_Nagakute_00271.jpg,1 413 420 569 597 2 317 460 407 594 8 83 263 224 600
test_Muroran_00166.jpg,1 130 412 282 597 5 94 406 323 597
test_Nagakute_00107.jpg,2 136 378 222 600 8 253 315 592 579
test_Chiba_00032.jpg,1 388 449 581 584
test_Muroran_00191.jpg,1 0 447 358 592 5 82 456 600 597
test_Adachi_00278.jpg,8 365 308 600 530
test_Numazu_00392.jpg,2 272 320 340 533
test_Numazu_00314.jpg,2 266 394 328 600
test_Numazu_00015.jpg,5 40 298 346 591
test_Adachi_00310.jpg,2 307 96 418 540 2 331 185 450 600
test_Nagakute_00018.jpg,1 6 377 120 495
test_Chiba_00009.jpg,2 15 471 83 593
test_Sumida_00178.jpg,2 0 183 272 517
test_Nagakute_00050.jpg,8 262 399 378 600
test_Numazu_00026.jpg,1 266 317 404 542 1 256 319 378 448
test_Muroran_00393.jpg,5 27 397 510 600
test_Numazu_00044.jpg,2 127 287 230 584 8 371 304 597 494
test_Muroran_00291.jpg,1 228 350 293 595 8 86 410 216 600
test_Muroran_00363.jpg,1 169 474 268 599 2 411 387 580 557 8 0 370 224 533 8 396 374 580 559
test_Adachi_00169.jpg,1 196 313 300 567
test_Adachi_00267.jpg,2 389 286 470 532
test_Chiba_00028.jpg,2 0 183 272 517
test_Sumida_00214.jpg,8 69 467 196 566
test_Adachi_00044.jpg,2 6 158 153 281 2 49 189 202 541 2 101 153 228 375
test_Muroran_00203.jpg,5 135 357 600 573 5 205 352 520 518
test_Numazu_00305.jpg,1 19 461 202 598 1 0 423 306 584 8 0 419 378 532
test_Muroran_00168.jpg,5 235 363 600 594
test_Numazu_00140.jpg,8 147 516 600 595
test_Numazu_00008.jpg,2 0 183 272 517
test_Chiba_00062.jpg,8 283 459 457 600
test_Nagakute_00165.jpg,2 5 371 192 591 4 168 480 600 584 4 17 366 586 459
test_Sumida_00155.jpg,2 140 436 256 552
test_Muroran_00129.jpg,2 111 433 205 600 2 117 355 250 600 2 352 351 575 600
test_Sumida_00129.jpg,2 185 444 305 564 2 429 469 558 579
test_Chiba_00024.jpg,2 0 183 272 517
test_Sumida_00189.jpg,1 293 422 371 535
test_Muroran_00114.jpg,2 376 492 477 597 5 168 391 312 551
test_Sumida_00163.jpg,2 0 183 272 517
test_Numazu_00156.jpg,2 302 303 458 468 3 247 392 425 449 8 357 328 594 543
test_Numazu_00334.jpg,1 221 467 295 582
test_Muroran_00139.jpg,2 0 183 272 517
test_Sumida_00113.jpg,2 0 183 272 517
test_Ichihara_00018.jpg,1 326 434 487 592 8 432 406 600 555
test_Adachi_00011.jpg,2 209 308 479 581 8 2 254 95 423
test_Sumida_00011.jpg,5 248 448 414 555 8 383 426 515 580
test_Nagakute_00129.jpg,2 231 338 460 595 5 279 403 550 596
test_Adachi_00170.jpg,1 417 349 597 527 5 154 392 564 600
test_Adachi_00239.jpg,1 482 381 594 541
test_Numazu_00300.jpg,2 281 409 364 516
test_Sumida_00107.jpg,2 0 183 272 517
test_Numazu_00166.jpg,1 65 402 189 591 8 4 294 186 552 8 0 395 94 547
test_Numazu_00319.jpg,2 0 183 272 517
test_Muroran_00146.jpg,5 274 452 600 600
test_Nagakute_00169.jpg,2 229 314 368 581 2 238 310 328 484 3 39 449 315 505
test_Nagakute_00264.jpg,5 68 317 433 588
test_Sumida_00174.jpg,8 406 385 600 560
test_Numazu_00135.jpg,1 172 353 255 587 1 279 338 435 473 1 43 340 482 598 2 1 332 143 495
test_Numazu_00345.jpg,2 0 183 272 517
test_Muroran_00327.jpg,2 271 318 331 600 8 461 489 576 598
test_Nagakute_00189.jpg,1 277 430 377 541 8 331 387 590 600
test_Chiba_00071.jpg,8 300 431 455 590
test_Muroran_00096.jpg,5 273 458 371 591 8 406 325 593 451
test_Sumida_00153.jpg,8 341 409 424 554
test_Nagakute_00088.jpg,1 6 356 257 572 1 71 323 277 503 8 313 345 533 600
test_Numazu_00002.jpg,6 9 446 218 595
test_Numazu_00124.jpg,1 127 421 227 594 2 283 299 494 590 8 428 364 597 502
test_Muroran_00027.jpg,5 205 488 311 600
test_Nagakute_00205.jpg,2 301 384 435 600
test_Numazu_00341.jpg,2 162 282 429 586 2 242 388 458 589 8 367 381 535 521
test_Adachi_00175.jpg,2 368 308 435 590 3 164 370 326 439
test_Muroran_00157.jpg,2 202 310 282 568
test_Adachi_00057.jpg,2 0 183 272 517
test_Adachi_00306.jpg,2 256 277 424 583
test_Muroran_00087.jpg,5 201 395 497 597
test_Adachi_00119.jpg,7 90 323 600 559
test_Muroran_00225.jpg,1 215 394 355 590 6 445 380 597 508 8 19 368 281 574
test_Adachi_00144.jpg,7 0 309 432 397 8 306 375 561 580
test_Muroran_00237.jpg,1 180 371 314 585 1 444 378 600 539 1 413 405 565 587 8 373 415 532 584
test_Adachi_00254.jpg,2 317 143 460 544 8 10 153 177 361
test_Nagakute_00060.jpg,2 0 183 272 517
test_Adachi_00325.jpg,2 9 325 198 473
test_Numazu_00121.jpg,2 0 183 272 517
test_Sumida_00179.jpg,2 355 423 472 534
test_Muroran_00094.jpg,2 311 491 353 600
test_Adachi_00300.jpg,1 255 496 352 598
test_Muroran_00043.jpg,1 41 323 461 590 5 28 318 499 597
test_Adachi_00188.jpg,2 0 183 272 517
test_Nagakute_00131.jpg,1 43 348 211 494 1 285 358 384 516 8 0 349 184 515
test_Chiba_00087.jpg,1 349 503 445 582 2 486 473 597 569 8 194 472 338 558
test_Adachi_00042.jpg,8 389 217 596 550
test_Nagakute_00270.jpg,1 44 345 216 521 1 244 360 327 517 8 0 293 221 470 8 275 314 570 541
test_Muroran_00320.jpg,5 252 372 586 598
test_Adachi_00210.jpg,8 89 364 410 590
test_Muroran_00124.jpg,1 238 394 301 559 3 27 485 309 540 5 321 349 487 593 5 17 361 520 582 8 368 410 452 594
test_Nagakute_00179.jpg,7 317 396 598 600
test_Numazu_00270.jpg,7 311 415 600 541
test_Chiba_00091.jpg,2 0 183 272 517
test_Muroran_00165.jpg,1 110 447 221 577 5 309 312 600 589 8 409 396 566 567
test_Numazu_00074.jpg,2 268 281 472 576 3 308 372 556 429 8 270 284 461 556
test_Ichihara_00039.jpg,7 173 445 600 597
test_Adachi_00229.jpg,1 424 461 573 597 2 432 456 573 596
test_Sumida_00187.jpg,2 334 393 512 549
test_Nagakute_00006.jpg,5 0 401 301 600
test_Adachi_00118.jpg,3 66 439 491 560
test_Sumida_00039.jpg,7 0 433 491 531
test_Adachi_00272.jpg,2 354 207 534 549 8 3 180 264 589 8 377 214 570 346 8 265 173 345 212
test_Adachi_00235.jpg,7 36 154 573 285
test_Sumida_00065.jpg,8 360 415 568 561
test_Numazu_00287.jpg,1 4 441 150 589
test_Sumida_00219.jpg,2 233 389 309 529 2 339 391 432 535 2 222 442 293 534 8 364 392 600 571
test_Sumida_00132.jpg,2 390 441 504 558
test_Nagakute_00119.jpg,5 294 388 459 569
test_Adachi_00280.jpg,2 0 183 272 517
test_Nagakute_00231.jpg,1 174 347 274 468 2 300 307 347 471 8 138 315 270 466
test_Muroran_00280.jpg,2 261 361 333 551 5 209 410 600 600 8 421 507 536 599
test_Sumida_00220.jpg,2 208 395 287 542
test_Numazu_00329.jpg,1 267 332 360 448 8 37 258 229 579 8 385 325 600 497
test_Muroran_00215.jpg,5 221 432 582 599
test_Adachi_00186.jpg,2 29 231 197 502 2 159 231 227 514 3 128 232 575 339
test_Numazu_00245.jpg,6 169 285 323 592
test_Chiba_00059.jpg,8 485 497 600 570
test_Nagakute_00069.jpg,8 238 309 552 599
test_Numazu_00362.jpg,2 231 353 311 572 5 443 442 597 591
test_Sumida_00066.jpg,2 0 183 272 517
test_Sumida_00157.jpg,2 230 417 391 545 8 139 415 268 548 8 333 424 453 547
test_Numazu_00162.jpg,1 290 338 426 505 8 0 301 193 593 8 412 338 599 487
test_Muroran_00325.jpg,1 235 382 288 591 1 53 368 187 555 2 55 363 184 556
test_Sumida_00218.jpg,2 241 393 300 530
test_Muroran_00274.jpg,2 0 183 272 517
test_Numazu_00085.jpg,5 99 367 517 591
test_Nagakute_00195.jpg,8 100 398 600 591
test_Sumida_00172.jpg,7 119 450 574 551
test_Nagakute_00253.jpg,8 345 479 501 600
test_Numazu_00145.jpg,2 316 341 492 587 8 336 318 516 409 8 517 434 597 590
test_Ichihara_00036.jpg,7 79 427 600 597
test_Ichihara_00015.jpg,1 66 435 366 587 5 84 432 393 586
test_Numazu_00367.jpg,5 105 426 222 576 5 288 451 463 578 5 97 421 394 580
test_Numazu_00031.jpg,1 318 331 529 561 5 313 331 520 560 8 3 234 225 578
test_Numazu_00402.jpg,2 0 183 272 517
test_Nagakute_00211.jpg,2 381 454 596 600 8 0 402 596 599
test_Adachi_00023.jpg,2 82 295 237 560 8 280 239 487 295
test_Muroran_00081.jpg,2 391 396 553 574
test_Nagakute_00098.jpg,8 287 311 600 569
test_Adachi_00047.jpg,1 127 299 261 528
test_Numazu_00019.jpg,5 269 400 531 596 5 117 461 472 597 8 278 404 507 599 8 1 442 124 566
test_Adachi_00097.jpg,1 5 316 172 544
test_Nagakute_00200.jpg,2 295 391 568 594
test_Numazu_00012.jpg,1 21 285 191 454 5 434 355 592 515 8 8 284 193 469
test_Adachi_00071.jpg,2 328 298 405 426
test_Numazu_00200.jpg,5 214 344 522 600
test_Sumida_00090.jpg,8 257 429 342 577
test_Numazu_00322.jpg,2 360 347 594 595
test_Muroran_00097.jpg,5 132 459 428 540 8 345 358 509 559 8 398 425 556 599
test_Muroran_00372.jpg,1 380 383 597 597
test_Adachi_00037.jpg,2 411 207 570 388
test_Muroran_00301.jpg,2 0 183 272 517
test_Muroran_00355.jpg,2 193 345 318 598 5 239 313 540 596 5 364 349 590 599 5 181 341 325 529
test_Sumida_00158.jpg,2 134 397 252 528
test_Numazu_00043.jpg,2 300 458 383 598 8 362 437 589 600
test_Nagakute_00037.jpg,7 11 373 578 566
test_Numazu_00213.jpg,1 116 370 541 573 3 128 400 510 558 8 0 266 281 473 8 470 303 595 546
test_Numazu_00195.jpg,5 0 402 317 596
test_Sumida_00032.jpg,7 150 503 600 592
test_Muroran_00267.jpg,5 59 328 553 585 5 302 316 596 600
test_Numazu_00289.jpg,5 193 417 600 596
test_Numazu_00199.jpg,8 342 313 596 552
test_Nagakute_00051.jpg,1 95 394 228 599 1 31 336 206 571 8 279 325 590 596 8 7 317 181 526
test_Nagakute_00106.jpg,7 109 373 383 426
test_Numazu_00283.jpg,2 117 422 200 578 5 135 424 258 577 5 86 306 600 584 8 67 266 190 373
test_Numazu_00109.jpg,1 115 304 382 588 1 149 334 325 512 1 223 399 359 576
test_Muroran_00064.jpg,5 107 371 600 593 5 0 446 369 588 5 0 420 544 539
test_Muroran_00330.jpg,5 178 326 351 415
test_Nagakute_00063.jpg,2 1 317 187 496 2 227 298 302 600 5 163 408 290 600
test_Adachi_00304.jpg,2 0 183 272 517
test_Muroran_00049.jpg,5 25 344 294 596
test_Numazu_00150.jpg,5 117 357 600 540 5 361 365 600 520
test_Nagakute_00251.jpg,8 336 311 594 561
test_Adachi_00156.jpg,7 0 229 526 440
test_Ichihara_00010.jpg,8 285 416 334 596
test_Numazu_00242.jpg,5 286 374 591 585 8 96 268 260 600
test_Adachi_00038.jpg,2 375 382 592 555
test_Muroran_00259.jpg,2 0 183 272 517
test_Numazu_00068.jpg,1 400 440 571 596 5 138 399 363 592
test_Muroran_00266.jpg,5 77 360 583 600 5 67 341 321 600
test_Adachi_00171.jpg,2 331 299 594 547 8 438 397 599 559
test_Chiba_00077.jpg,2 387 470 561 597 3 78 480 474 578
test_Muroran_00220.jpg,5 203 386 600 597 6 368 444 534 586
test_Numazu_00264.jpg,1 57 378 212 568 2 329 373 465 571 5 48 376 208 576 8 199 327 353 482
test_Sumida_00139.jpg,2 0 183 272 517
test_Sumida_00083.jpg,2 393 415 579 530 2 57 442 216 557 8 65 439 217 554
test_Adachi_00184.jpg,1 189 193 266 439 8 19 191 161 387
test_Nagakute_00237.jpg,1 72 388 190 583 1 204 406 283 531
test_Adachi_00028.jpg,2 316 181 543 600 2 307 181 452 464
test_Numazu_00005.jpg,1 391 482 595 595 5 83 481 511 598 5 146 488 345 600
test_Adachi_00212.jpg,1 71 379 241 536
test_Ichihara_00040.jpg,1 190 441 305 596 8 481 447 599 545
test_Sumida_00112.jpg,7 104 452 600 562
test_Nagakute_00056.jpg,2 12 242 254 542
test_Numazu_00142.jpg,3 181 446 600 567 3 19 471 520 578 5 423 369 590 544 8 3 275 204 519
test_Nagakute_00143.jpg,5 239 300 560 597 8 257 252 599 576 8 6 289 165 500
test_Ichihara_00008.jpg,1 185 443 308 600 8 467 448 597 561
test_Numazu_00351.jpg,2 287 499 405 591
test_Adachi_00108.jpg,2 16 75 185 340
test_Numazu_00111.jpg,8 7 414 180 578 8 286 320 372 600
test_Chiba_00042.jpg,1 312 443 401 540 2 82 444 192 529
test_Nagakute_00148.jpg,1 404 412 577 586
test_Numazu_00382.jpg,7 139 326 552 448
test_Muroran_00072.jpg,1 0 373 178 573 5 85 333 528 584 5 0 375 177 570
test_Numazu_00179.jpg,2 317 292 599 577 2 221 286 374 584 6 204 488 353 590
test_Muroran_00428.jpg,5 95 326 569 594
test_Numazu_00037.jpg,2 34 408 116 600 5 10 417 146 599
test_Muroran_00230.jpg,2 0 183 272 517
test_Chiba_00005.jpg,8 432 461 597 568
test_Muroran_00177.jpg,5 128 347 572 598 5 280 365 557 540 6 336 393 520 486 8 349 386 503 537
test_Sumida_00130.jpg,2 351 407 425 547
test_Nagakute_00222.jpg,2 294 385 598 532
test_Chiba_00047.jpg,2 472 469 589 551
test_Adachi_00101.jpg,7 0 394 517 590
test_Muroran_00173.jpg,2 0 183 272 517
test_Muroran_00042.jpg,2 404 368 592 599
test_Numazu_00276.jpg,7 116 381 600 563
test_Sumida_00097.jpg,7 7 419 457 549
test_Ichihara_00007.jpg,1 116 417 292 595 8 402 399 595 576 8 32 402 280 594
test_Numazu_00295.jpg,2 317 395 407 581 8 292 301 469 550 8 337 358 531 558 8 2 300 163 442
test_Numazu_00209.jpg,2 326 416 431 596 3 40 406 347 462
test_Nagakute_00145.jpg,8 50 407 177 599
test_Adachi_00125.jpg,7 134 335 552 426 8 414 432 583 597 8 0 380 161 576
test_Numazu_00252.jpg,1 9 470 170 583 1 243 464 395 555 5 4 472 165 588
test_Muroran_00065.jpg,5 186 358 595 599
test_Adachi_00100.jpg,7 0 412 443 600 7 77 448 564 600
test_Sumida_00148.jpg,2 0 183 272 517
test_Muroran_00218.jpg,2 38 357 163 523 2 202 315 256 564 8 402 348 599 521 8 8 333 145 480
test_Nagakute_00249.jpg,2 179 332 249 578
test_Chiba_00072.jpg,2 179 505 316 591
test_Numazu_00104.jpg,5 18 295 292 595 5 271 383 544 578 5 68 335 564 583 8 408 278 600 392
test_Numazu_00298.jpg,1 67 439 287 595 8 1 296 220 485 8 353 353 548 600
test_Sumida_00207.jpg,2 0 183 272 517
test_Sumida_00191.jpg,2 345 434 383 550
test_Adachi_00281.jpg,2 0 313 190 595 8 438 308 598 453
test_Ichihara_00027.jpg,1 153 383 292 579 8 0 400 243 593 8 394 378 600 529
test_Numazu_00066.jpg,2 297 303 471 542 2 280 270 432 465 5 302 322 511 573
test_Sumida_00215.jpg,8 401 450 598 593
test_Sumida_00114.jpg,8 423 467 594 598
test_Numazu_00073.jpg,7 0 426 452 599 7 126 395 600 600
test_Nagakute_00151.jpg,5 1 345 127 591 8 280 347 593 596
test_Numazu_00129.jpg,5 268 424 569 588 6 241 280 423 382
test_Numazu_00102.jpg,5 185 345 564 600 5 137 353 383 596
test_Muroran_00169.jpg,1 443 490 534 598 5 0 379 307 527
test_Numazu_00035.jpg,2 249 328 325 587 8 54 326 199 600
test_Chiba_00040.jpg,2 304 471 379 596 8 302 470 378 596
test_Adachi_00147.jpg,2 314 322 390 600
test_Muroran_00395.jpg,8 384 371 499 454 8 121 337 225 463
test_Nagakute_00215.jpg,1 52 382 149 567 1 308 394 495 550 8 0 328 113 503
test_Chiba_00012.jpg,2 0 183 272 517
test_Muroran_00192.jpg,1 267 355 338 576 8 362 366 588 590 8 5 370 181 574
test_Numazu_00279.jpg,2 291 419 369 599 2 69 424 193 594 8 339 422 487 596 8 5 441 170 588
test_Numazu_00018.jpg,7 0 377 529 600
test_Muroran_00019.jpg,5 64 370 583 595 5 218 394 449 600 5 445 368 595 549
test_Muroran_00317.jpg,1 122 378 299 600
test_Adachi_00148.jpg,1 446 451 596 594
test_Muroran_00396.jpg,5 87 344 562 598
test_Ichihara_00006.jpg,5 146 394 420 598
test_Adachi_00232.jpg,8 393 444 528 600
test_Muroran_00403.jpg,5 161 363 495 600
test_Sumida_00049.jpg,2 333 422 401 543 8 376 423 534 554
test_Muroran_00123.jpg,2 103 379 231 469
test_Adachi_00279.jpg,1 334 303 541 595 1 314 307 427 440 2 4 298 207 487
test_Nagakute_00232.jpg,5 92 400 551 600
test_Adachi_00189.jpg,2 121 185 272 548 2 0 233 130 366 2 483 367 597 529
test_Chiba_00083.jpg,8 477 495 594 583 8 213 468 327 588
test_Muroran_00202.jpg,5 239 360 502 491
test_Numazu_00098.jpg,6 148 414 372 600
test_Adachi_00055.jpg,2 0 241 295 537 7 19 204 341 399 8 0 205 320 528
test_Muroran_00264.jpg,2 103 350 228 599
test_Numazu_00371.jpg,5 60 344 510 585 5 0 391 264 600
test_Chiba_00066.jpg,2 0 183 272 517
test_Numazu_00320.jpg,2 362 373 586 586 2 74 356 187 595 8 0 319 142 466
test_Muroran_00145.jpg,2 0 183 272 517
test_Muroran_00152.jpg,5 65 403 500 600
test_Chiba_00014.jpg,8 9 523 189 596
test_Sumida_00223.jpg,2 316 394 382 538 8 341 395 517 550
test_Numazu_00001.jpg,5 42 455 223 595
test_Numazu_00022.jpg,5 433 332 598 588
test_Muroran_00265.jpg,5 201 349 431 587 8 442 357 555 453
test_Numazu_00358.jpg,1 218 428 286 589 8 273 391 509 594 8 161 384 273 454
test_Numazu_00025.jpg,2 311 291 472 534 5 247 323 530 573
test_Muroran_00308.jpg,2 0 183 272 517
test_Ichihara_00011.jpg,3 252 536 421 598
test_Numazu_00247.jpg,5 27 483 477 600
test_Adachi_00048.jpg,7 131 154 527 263 8 484 250 600 376
test_Adachi_00233.jpg,1 311 169 418 347 8 0 182 153 442
test_Nagakute_00193.jpg,1 114 371 278 598 2 317 314 543 591 5 153 374 270 526 8 6 328 257 600
test_Sumida_00099.jpg,2 144 428 270 544
test_Adachi_00194.jpg,2 409 363 589 568
test_Chiba_00043.jpg,1 437 475 589 578 8 420 462 600 565 8 234 476 329 590
test_Muroran_00392.jpg,5 78 375 595 599
test_Nagakute_00166.jpg,2 203 361 261 600
test_Nagakute_00101.jpg,3 128 457 543 575 5 224 299 600 579 8 210 232 259 552
test_Nagakute_00077.jpg,2 333 328 449 593 2 332 321 412 506 8 45 353 264 600
test_Sumida_00119.jpg,7 11 439 554 558
test_Numazu_00089.jpg,5 231 379 494 583
test_Nagakute_00177.jpg,5 69 341 497 597
test_Muroran_00188.jpg,2 0 183 272 517
test_Numazu_00130.jpg,5 0 407 251 572 5 91 401 417 599
test_Muroran_00034.jpg,2 388 349 596 590 5 47 357 587 600 5 342 337 598 589
test_Chiba_00054.jpg,8 72 436 204 597 8 284 445 510 595
test_Adachi_00193.jpg,2 391 366 537 590
test_Ichihara_00012.jpg,5 290 442 591 594
test_Muroran_00161.jpg,5 332 383 600 594
test_Muroran_00281.jpg,5 267 323 595 594 8 425 360 545 435 8 223 302 275 576
test_Muroran_00106.jpg,2 0 398 135 569 5 255 370 503 501
test_Numazu_00194.jpg,1 107 389 245 588 2 315 336 503 543 8 333 343 473 494 8 0 320 148 486
test_Muroran_00337.jpg,2 0 183 272 517
test_Muroran_00196.jpg,5 27 357 560 599
test_Sumida_00162.jpg,2 133 409 269 550
test_Numazu_00330.jpg,5 0 326 418 593 5 17 353 198 594 5 202 342 449 584
test_Nagakute_00002.jpg,2 267 374 402 595
test_Muroran_00285.jpg,2 322 338 519 600 5 87 358 528 594
test_Sumida_00084.jpg,8 432 445 580 524
test_Nagakute_00094.jpg,7 0 466 429 594 7 116 472 600 595
test_Numazu_00318.jpg,2 308 389 522 598 2 216 367 266 600 8 84 367 233 596
test_Chiba_00085.jpg,2 0 183 272 517
test_Sumida_00133.jpg,2 187 378 289 501
test_Adachi_00146.jpg,2 351 366 447 547 8 401 426 538 592
test_Numazu_00291.jpg,5 64 435 290 596 6 100 432 299 589
test_Muroran_00208.jpg,3 122 389 290 453 8 270 325 591 577
test_Nagakute_00042.jpg,1 265 414 405 600 8 358 374 593 532
test_Nagakute_00045.jpg,5 190 327 600 597
test_Nagakute_00103.jpg,5 145 465 347 600 8 249 373 382 600
test_Muroran_00121.jpg,5 10 400 498 600 5 153 461 585 596
test_Adachi_00043.jpg,2 391 202 594 488 2 231 177 311 439 8 425 253 597 532
test_Numazu_00205.jpg,2 0 183 272 517
test_Sumida_00146.jpg,2 212 413 278 543 8 99 429 233 553 8 398 436 590 563
test_Muroran_00017.jpg,5 131 355 600 577 5 368 370 596 595
test_Muroran_00231.jpg,1 14 412 185 597 5 193 289 561 568 5 230 506 425 597 5 236 279 502 467
test_Muroran_00427.jpg,2 0 183 272 517
test_Muroran_00324.jpg,5 325 500 503 595
test_Sumida_00109.jpg,7 461 466 583 561 7 82 463 600 568
test_Numazu_00266.jpg,1 226 467 287 597
test_Muroran_00048.jpg,5 0 422 570 598 5 11 428 143 590 5 291 444 578 600
test_Muroran_00134.jpg,1 182 419 266 599 2 184 416 271 597 8 0 378 178 578 8 363 356 544 600
test_Adachi_00116.jpg,2 210 241 283 505
test_Sumida_00069.jpg,8 436 459 600 597
test_Muroran_00076.jpg,1 242 429 368 600
test_Adachi_00230.jpg,7 0 267 503 579 7 0 203 537 445
test_Adachi_00205.jpg,2 234 231 299 550
test_Nagakute_00230.jpg,2 282 315 411 600 5 104 418 259 576
test_Numazu_00112.jpg,5 309 455 493 599 5 130 440 460 591
test_Nagakute_00053.jpg,2 0 183 272 517
test_Numazu_00100.jpg,5 275 447 438 595
test_Adachi_00041.jpg,2 372 260 542 553 2 76 408 169 576 2 141 243 242 432 2 119 191 262 514
test_Adachi_00143.jpg,1 349 326 495 536
test_Numazu_00084.jpg,5 29 441 406 595
test_Muroran_00314.jpg,5 30 383 563 600 5 300 392 600 600 8 347 399 434 509
test_Muroran_00302.jpg,1 227 497 326 599 8 81 517 233 598
test_Chiba_00073.jpg,1 306 475 390 584 5 311 478 392 582
test_Muroran_00002.jpg,5 0 420 446 600
test_Muroran_00311.jpg,2 0 183 272 517
test_Muroran_00004.jpg,2 276 382 338 593 5 27 393 228 593
test_Muroran_00276.jpg,5 108 397 483 596 5 233 422 600 589
test_Nagakute_00137.jpg,1 181 429 268 589
test_Muroran_00054.jpg,5 264 279 439 412
test_Sumida_00185.jpg,8 220 393 296 526
test_Muroran_00181.jpg,2 361 405 472 534
test_Adachi_00007.jpg,5 0 229 383 548
test_Nagakute_00219.jpg,1 91 492 173 600 8 229 330 591 581
test_Adachi_00027.jpg,2 0 183 272 517
test_Sumida_00126.jpg,2 0 183 272 517
test_Chiba_00067.jpg,2 3 451 101 548 2 376 423 456 562
test_Nagakute_00035.jpg,1 86 347 207 567 1 331 439 435 561 2 345 372 589 580
test_Nagakute_00079.jpg,1 31 382 175 594
test_Adachi_00214.jpg,1 28 410 145 552 2 377 350 596 599 8 358 335 584 588
test_Muroran_00360.jpg,5 123 374 593 599
test_Adachi_00065.jpg,2 386 331 464 426 8 461 418 600 595
test_Sumida_00010.jpg,2 0 183 272 517
test_Muroran_00390.jpg,2 368 371 495 599
test_Adachi_00126.jpg,2 437 255 597 485
test_Adachi_00050.jpg,2 383 373 590 599
test_Adachi_00152.jpg,2 207 355 265 545
test_Nagakute_00234.jpg,2 248 321 299 595
test_Numazu_00219.jpg,5 39 366 600 587 8 98 353 600 589
test_Muroran_00368.jpg,5 72 396 531 600 8 514 440 599 544
test_Nagakute_00156.jpg,5 49 422 252 585 8 4 364 210 569
test_Sumida_00014.jpg,7 53 448 578 554
test_Adachi_00009.jpg,2 362 337 562 600 8 365 343 551 600
test_Muroran_00233.jpg,2 163 344 223 596
test_Nagakute_00245.jpg,2 165 324 236 591 8 223 317 565 590 8 2 295 136 466
test_Adachi_00133.jpg,2 415 269 593 520 2 328 266 380 571
test_Muroran_00239.jpg,5 23 414 545 599
test_Adachi_00192.jpg,2 237 115 342 528 8 468 350 600 535
test_Numazu_00038.jpg,5 251 439 575 595
test_Adachi_00297.jpg,2 0 122 168 460
test_Muroran_00253.jpg,5 106 377 574 596
test_Sumida_00175.jpg,4 329 436 572 485
test_Numazu_00257.jpg,5 82 294 414 408
test_Muroran_00140.jpg,5 127 327 561 598
test_Numazu_00004.jpg,1 185 440 259 565 3 173 508 600 595 3 383 543 600 596
test_Muroran_00001.jpg,8 54 402 225 599
test_Numazu_00307.jpg,1 210 386 386 590 8 0 265 198 555
test_Numazu_00327.jpg,2 101 424 182 555 7 271 430 600 565
test_Adachi_00012.jpg,2 394 388 577 596
test_Numazu_00127.jpg,2 120 406 187 599 5 149 461 446 600
test_Numazu_00394.jpg,5 100 375 547 589 6 142 329 228 520
test_Adachi_00301.jpg,2 400 314 548 584 2 334 171 423 346
test_Chiba_00017.jpg,8 94 499 275 595
test_Sumida_00160.jpg,2 393 429 548 581
test_Sumida_00008.jpg,2 0 183 272 517
test_Muroran_00236.jpg,5 78 366 404 593
test_Muroran_00329.jpg,2 0 183 272 517
test_Muroran_00200.jpg,2 53 373 228 599 5 162 361 570 595 8 226 397 273 596
test_Muroran_00242.jpg,5 161 427 600 597 5 394 434 600 598
test_Ichihara_00033.jpg,1 189 469 305 594 8 7 483 173 597 8 439 416 598 579
test_Sumida_00025.jpg,2 328 398 419 520
test_Muroran_00184.jpg,2 0 183 272 517
test_Sumida_00026.jpg,2 0 183 272 517
test_Adachi_00159.jpg,8 224 312 276 579
test_Muroran_00102.jpg,1 464 415 592 579 8 0 366 250 590 8 64 337 268 521 8 438 452 582 593
test_Muroran_00268.jpg,1 384 362 503 488
test_Nagakute_00138.jpg,8 345 314 584 600
test_Numazu_00316.jpg,1 4 290 205 519 3 323 418 573 477 3 157 389 550 481 5 4 292 214 511
test_Nagakute_00064.jpg,1 303 501 404 598 8 283 386 545 600
test_Ichihara_00044.jpg,2 0 183 272 517
test_Muroran_00347.jpg,5 326 391 599 595
test_Muroran_00338.jpg,5 101 343 365 593
test_Sumida_00204.jpg,8 446 432 600 558
test_Numazu_00269.jpg,5 18 302 541 575
test_Numazu_00143.jpg,1 306 362 479 583 8 0 316 171 506
test_Muroran_00339.jpg,1 140 461 312 600 5 129 368 593 597
test_Adachi_00006.jpg,2 36 359 127 523
test_Muroran_00377.jpg,5 151 373 599 598
test_Nagakute_00095.jpg,5 20 410 246 597 8 459 425 597 573
test_Sumida_00171.jpg,2 0 183 272 517
test_Chiba_00056.jpg,2 0 183 272 517
test_Muroran_00210.jpg,5 105 375 493 600
test_Muroran_00046.jpg,5 85 397 503 599
test_Sumida_00188.jpg,2 104 407 222 539
test_Muroran_00040.jpg,5 3 391 146 595 5 159 375 311 592 5 0 373 272 600
test_Numazu_00191.jpg,5 285 377 440 585
test_Chiba_00030.jpg,2 451 477 596 576 8 225 482 336 590
test_Nagakute_00136.jpg,5 129 342 294 597
test_Nagakute_00046.jpg,2 234 315 315 591 8 289 328 600 549
test_Sumida_00050.jpg,2 337 406 402 543
test_Nagakute_00268.jpg,3 354 403 600 464 5 87 281 347 600 8 89 242 237 585
test_Chiba_00022.jpg,1 476 488 589 572
test_Muroran_00394.jpg,5 109 369 600 600 5 49 422 436 600
test_Numazu_00331.jpg,2 0 183 272 517
test_Adachi_00049.jpg,3 151 277 372 401 5 171 279 370 397
test_Ichihara_00050.jpg,7 104 420 600 553
test_Numazu_00046.jpg,2 254 294 374 592
test_Muroran_00164.jpg,5 17 350 251 560
test_Chiba_00081.jpg,7 0 494 503 597
test_Ichihara_00009.jpg,1 249 426 349 600 1 23 435 250 589 2 24 432 264 582 5 235 433 600 593 8 402 383 597 522
test_Chiba_00013.jpg,2 0 183 272 517
test_Numazu_00369.jpg,2 243 313 321 572 5 13 336 520 585 5 272 331 476 553 8 379 364 558 555
test_Numazu_00014.jpg,6 52 394 472 589
test_Adachi_00137.jpg,1 421 289 600 447
test_Muroran_00018.jpg,1 251 435 359 592 5 244 422 368 588
test_Nagakute_00203.jpg,5 2 417 176 599 8 282 323 568 584
test_Numazu_00363.jpg,1 122 312 182 450 2 193 275 260 525 3 225 438 445 504
test_Adachi_00222.jpg,1 461 286 596 473 5 181 439 468 584
test_Muroran_00359.jpg,5 234 345 556 534 5 363 365 600 576 5 167 334 425 509 8 480 399 600 531
test_Sumida_00077.jpg,2 0 183 272 517
test_Adachi_00311.jpg,2 388 347 463 535
test_Adachi_00255.jpg,2 351 378 421 600 8 139 372 292 517
test_Numazu_00041.jpg,2 0 283 199 532 2 304 357 390 585
test_Muroran_00249.jpg,5 5 337 276 503
test_Sumida_00070.jpg,7 84 434 556 522
test_Numazu_00133.jpg,2 352 468 431 591
test_Adachi_00158.jpg,5 151 368 580 600 5 354 374 600 578 5 143 427 415 597
test_Adachi_00114.jpg,3 264 440 436 527
test_Adachi_00284.jpg,2 251 387 357 600
test_Muroran_00361.jpg,5 34 374 338 600 8 273 393 562 537
test_Muroran_00199.jpg,8 399 384 571 595
test_Adachi_00174.jpg,2 0 183 272 517
test_Adachi_00173.jpg,2 346 350 555 600
test_Numazu_00139.jpg,1 30 400 216 570 2 31 407 209 577
test_Adachi_00187.jpg,1 111 347 241 513 2 426 272 582 536
test_Sumida_00003.jpg,1 174 409 311 525
test_Muroran_00101.jpg,5 20 325 457 592
test_Muroran_00323.jpg,5 37 363 558 600
test_Chiba_00015.jpg,7 7 509 480 598
test_Muroran_00367.jpg,5 345 307 592 600
test_Nagakute_00052.jpg,2 31 352 184 597
test_Muroran_00351.jpg,2 120 373 208 540
test_Adachi_00282.jpg,1 352 218 502 469 1 153 206 278 354 1 63 213 283 468 1 28 267 219 512
test_Adachi_00045.jpg,2 353 222 509 552 8 183 285 394 541
test_Ichihara_00020.jpg,7 106 430 600 590
test_Muroran_00038.jpg,5 11 383 527 600 8 403 481 499 593
test_Numazu_00177.jpg,1 125 410 219 577 6 120 454 516 594
test_Nagakute_00218.jpg,2 174 288 309 590
test_Adachi_00111.jpg,1 302 239 493 495 2 294 236 487 502 7 90 147 409 293
test_Sumida_00199.jpg,2 175 410 287 556 8 376 432 587 579
test_Numazu_00196.jpg,1 8 331 156 505 5 3 312 175 535 8 266 264 561 553
test_Adachi_00034.jpg,7 0 396 469 594 8 2 299 124 440
test_Numazu_00057.jpg,5 39 400 548 597 8 14 381 190 598 8 432 471 600 597
test_Numazu_00123.jpg,5 229 394 442 598 8 15 318 194 594
test_Adachi_00182.jpg,2 350 178 558 600
test_Nagakute_00115.jpg,7 0 396 406 491
test_Muroran_00039.jpg,5 502 447 600 598
test_Sumida_00210.jpg,7 136 472 548 571
test_Adachi_00010.jpg,2 423 213 584 402 2 244 258 331 599
test_Muroran_00099.jpg,5 1 360 439 596 5 0 367 207 600
test_Muroran_00056.jpg,5 61 358 331 600
test_Muroran_00350.jpg,5 15 331 320 590 5 440 430 600 595
test_Ichihara_00004.jpg,2 0 183 272 517
test_Adachi_00181.jpg,2 354 199 445 335
test_Adachi_00323.jpg,2 0 183 272 517
test_Numazu_00032.jpg,1 132 380 204 490 8 314 296 588 558 8 3 281 175 439
test_Nagakute_00075.jpg,2 366 315 600 569 5 104 352 286 598 8 268 326 321 591
test_Sumida_00071.jpg,2 353 433 388 537 8 108 416 285 555
test_Numazu_00007.jpg,2 336 369 600 573
test_Numazu_00172.jpg,1 176 318 251 446 8 329 280 592 523
test_Muroran_00235.jpg,2 326 391 481 572 2 310 398 382 593
test_Adachi_00112.jpg,2 0 183 272 517
test_Nagakute_00212.jpg,1 298 369 423 475
test_Muroran_00095.jpg,5 140 384 571 599
test_Muroran_00062.jpg,5 367 343 600 597
test_Numazu_00238.jpg,2 308 325 481 575 8 442 403 596 570
test_Adachi_00026.jpg,1 198 442 417 598
test_Numazu_00151.jpg,8 372 389 600 597
test_Chiba_00080.jpg,1 423 482 504 584
test_Numazu_00116.jpg,1 190 363 282 563
test_Numazu_00398.jpg,5 119 351 309 451 5 96 339 469 459 8 11 268 201 461 8 340 339 486 522
test_Sumida_00120.jpg,2 0 183 272 517
test_Adachi_00177.jpg,8 424 294 564 591
test_Sumida_00136.jpg,7 69 456 561 563
test_Adachi_00298.jpg,2 0 183 272 517
test_Nagakute_00255.jpg,5 38 375 290 599 5 0 375 547 595 5 265 347 573 554 5 299 396 461 507
test_Chiba_00023.jpg,2 0 183 272 517
test_Numazu_00224.jpg,5 70 422 489 600 5 45 432 262 597
test_Sumida_00093.jpg,8 139 440 273 552
test_Muroran_00147.jpg,5 289 375 509 598
test_Numazu_00278.jpg,2 0 183 272 517
test_Nagakute_00065.jpg,2 172 345 243 565 2 164 416 229 598
test_Numazu_00027.jpg,2 0 183 272 517
test_Muroran_00382.jpg,2 1 320 197 517 5 272 414 442 496
test_Sumida_00184.jpg,2 330 449 379 540
test_Numazu_00335.jpg,2 0 299 208 532 2 212 412 265 593 5 325 316 594 590 6 315 326 600 600
test_Sumida_00085.jpg,8 449 448 600 541
test_Numazu_00299.jpg,1 306 318 552 564 2 7 344 189 557 5 301 314 468 482 8 326 331 571 564
test_Muroran_00303.jpg,2 0 183 272 517
test_Numazu_00265.jpg,2 258 374 484 600 8 5 385 188 600
test_Nagakute_00164.jpg,2 233 239 338 600 5 337 323 581 589
test_Numazu_00214.jpg,5 0 351 464 600 5 174 463 558 599 5 0 334 217 586
test_Adachi_00211.jpg,1 83 217 263 501 1 352 204 520 460
test_Muroran_00197.jpg,2 421 342 594 514 8 50 400 227 590
test_Muroran_00159.jpg,2 108 375 223 591 8 370 395 477 490
test_Sumida_00159.jpg,2 188 433 312 556
test_Numazu_00217.jpg,5 278 400 589 596
test_Ichihara_00041.jpg,1 165 423 294 596 8 373 368 600 590 8 9 415 263 600
test_Ichihara_00031.jpg,2 464 427 600 554
test_Nagakute_00071.jpg,1 414 414 589 600 5 147 399 600 587
test_Muroran_00189.jpg,5 0 357 248 600
test_Adachi_00066.jpg,7 74 403 600 600
test_Muroran_00178.jpg,1 89 434 273 596 8 0 361 201 520
test_Numazu_00042.jpg,2 0 183 272 517
test_Nagakute_00020.jpg,5 0 325 504 591 8 0 247 204 434
test_Adachi_00244.jpg,8 380 490 467 600
test_Numazu_00061.jpg,1 475 468 590 588 1 299 446 424 571
test_Adachi_00274.jpg,1 214 308 476 600 2 163 267 432 569
test_Numazu_00337.jpg,2 248 411 376 600 8 24 377 196 596 8 365 472 595 600
test_Chiba_00053.jpg,2 266 485 418 573
test_Sumida_00062.jpg,8 394 421 597 560
test_Numazu_00271.jpg,2 304 323 538 558 8 305 304 594 554 8 69 299 548 513 8 96 290 479 421
test_Nagakute_00160.jpg,8 57 323 233 596
test_Adachi_00053.jpg,2 83 347 296 585 8 393 297 532 532
test_Nagakute_00247.jpg,2 267 337 335 577 8 349 316 592 596 8 1 310 267 558 8 7 374 184 593
test_Muroran_00021.jpg,5 326 510 468 600
test_Muroran_00374.jpg,2 363 394 481 556
test_Nagakute_00068.jpg,7 18 355 577 547
test_Sumida_00101.jpg,2 0 183 272 517
test_Adachi_00295.jpg,2 350 306 578 594
test_Numazu_00181.jpg,2 252 281 408 595 2 365 341 595 541
test_Numazu_00406.jpg,5 299 347 559 585 8 24 307 222 595
test_Numazu_00203.jpg,5 141 304 476 577 5 263 384 561 567
test_Sumida_00142.jpg,8 313 387 419 540
test_Numazu_00346.jpg,5 203 436 346 507
test_Muroran_00229.jpg,1 248 408 384 592 5 328 349 541 594
test_Numazu_00332.jpg,2 312 325 384 450
test_Muroran_00414.jpg,5 47 355 530 597
test_Numazu_00047.jpg,2 308 306 531 574
test_Nagakute_00172.jpg,2 257 331 311 591
test_Muroran_00073.jpg,1 427 493 547 598
test_Muroran_00287.jpg,1 200 437 355 600
test_Adachi_00162.jpg,2 409 243 597 533
test_Chiba_00057.jpg,2 198 494 292 588 8 430 457 600 568
test_Numazu_00146.jpg,1 303 341 500 585 2 309 327 497 578
test_Nagakute_00238.jpg,1 399 355 569 503 5 124 373 600 582
test_Numazu_00376.jpg,5 81 394 472 600 8 153 424 440 598
test_Numazu_00216.jpg,5 73 333 233 595
test_Adachi_00140.jpg,2 420 381 592 600 8 429 389 591 600
test_Adachi_00058.jpg,1 304 122 543 408 1 372 148 598 491
test_Numazu_00297.jpg,5 286 446 487 596
test_Muroran_00084.jpg,2 231 362 334 595
test_Sumida_00147.jpg,2 0 183 272 517
test_Muroran_00217.jpg,5 111 414 278 599
test_Nagakute_00158.jpg,2 281 323 559 586 8 316 307 588 535
test_Adachi_00080.jpg,1 79 316 227 545 1 306 314 520 595 2 327 342 535 598 2 78 320 227 545 8 332 323 563 585
test_Adachi_00256.jpg,1 173 448 316 596 8 487 349 600 487
test_Numazu_00011.jpg,5 0 328 494 600 5 221 319 600 599 5 6 315 259 567
test_Sumida_00182.jpg,1 360 461 451 573
test_Muroran_00119.jpg,1 173 375 445 597 5 0 367 266 600 5 64 370 477 595
test_Nagakute_00206.jpg,1 289 421 380 524 8 0 306 204 517
test_Adachi_00252.jpg,1 291 329 392 439 1 330 414 568 590 8 317 302 600 456
test_Nagakute_00184.jpg,1 148 464 207 597 2 346 435 535 599 8 47 327 178 600
test_Numazu_00365.jpg,8 114 410 525 561
test_Nagakute_00142.jpg,1 334 335 504 514 5 336 317 514 508 8 337 298 596 523 8 18 294 450 565 8 44 217 549 461
test_Muroran_00075.jpg,8 80 377 247 599
test_Adachi_00305.jpg,8 34 246 123 600 8 72 163 141 441
test_Nagakute_00257.jpg,5 320 314 535 600 8 142 279 279 599
test_Muroran_00093.jpg,2 186 367 258 595 5 135 391 547 598 5 181 368 370 600
test_Numazu_00048.jpg,7 0 335 472 524
test_Adachi_00145.jpg,3 26 465 519 575 5 102 396 600 588
test_Sumida_00048.jpg,2 265 436 306 542
test_Nagakute_00133.jpg,5 16 470 535 600
test_Muroran_00356.jpg,1 493 338 595 486 1 159 374 351 577 1 517 373 588 464 8 358 356 435 600
test_Muroran_00289.jpg,5 211 355 600 600 8 429 439 522 593
test_Muroran_00336.jpg,1 372 404 441 560 8 488 435 600 600
test_Numazu_00056.jpg,7 49 423 600 597
test_Muroran_00009.jpg,5 55 399 519 600 5 350 435 598 584
test_Numazu_00137.jpg,1 176 375 273 572 1 361 347 594 587
test_Muroran_00089.jpg,5 253 466 426 594 5 1 405 102 528
test_Numazu_00301.jpg,2 290 272 496 553 5 0 330 397 576
test_Muroran_00271.jpg,2 299 357 447 599 5 353 358 599 549 5 308 356 501 598
test_Muroran_00133.jpg,6 224 331 394 600
test_Nagakute_00100.jpg,2 0 183 272 517
test_Sumida_00020.jpg,2 208 385 284 524
test_Nagakute_00243.jpg,2 349 447 495 595
test_Nagakute_00111.jpg,5 106 388 522 596
test_Muroran_00227.jpg,2 352 312 594 600
test_Sumida_00203.jpg,8 240 482 469 537
test_Sumida_00022.jpg,7 197 432 579 543
test_Chiba_00055.jpg,2 415 462 594 566 8 209 489 313 593
test_Sumida_00038.jpg,2 272 438 342 537
test_Adachi_00163.jpg,2 377 323 564 543
test_Sumida_00061.jpg,2 368 439 441 554 8 44 463 191 561 8 406 397 600 529
test_Muroran_00037.jpg,5 200 349 600 597
test_Sumida_00034.jpg,1 343 402 393 457 7 153 441 558 537
test_Adachi_00178.jpg,2 27 274 254 600 7 6 271 406 425
test_Numazu_00051.jpg,5 0 363 600 559
test_Nagakute_00001.jpg,2 12 329 255 599 2 391 354 600 537 8 400 352 597 545
test_Numazu_00232.jpg,2 275 321 421 600
test_Nagakute_00267.jpg,2 54 334 237 598 5 425 349 589 574 5 256 309 369 401 8 8 308 237 595
test_Sumida_00152.jpg,2 363 421 503 551
test_Adachi_00001.jpg,2 0 214 245 600
test_Numazu_00052.jpg,2 128 369 220 569 2 58 342 219 594
test_Adachi_00102.jpg,5 32 180 199 458
test_Adachi_00309.jpg,3 2 317 237 391 3 46 301 504 387
test_Sumida_00181.jpg,7 90 500 600 594
test_Nagakute_00186.jpg,1 219 465 295 597 1 213 447 376 594 2 330 438 514 598
test_Numazu_00260.jpg,2 0 183 272 517
test_Numazu_00248.jpg,2 233 312 300 577 5 125 409 266 505
test_Adachi_00052.jpg,3 141 308 600 412
test_Adachi_00092.jpg,2 207 338 315 600
test_Numazu_00286.jpg,5 36 377 254 600
test_Nagakute_00097.jpg,8 2 354 152 469
test_Sumida_00074.jpg,7 92 451 543 578
test_Adachi_00303.jpg,2 0 333 177 600
test_Nagakute_00104.jpg,2 322 331 600 558 8 291 312 591 539
test_Adachi_00115.jpg,2 296 323 344 600 8 518 422 600 535
test_Muroran_00426.jpg,5 75 414 580 600
test_Muroran_00370.jpg,1 0 367 239 591 1 158 467 286 600 8 419 490 512 600
test_Numazu_00187.jpg,1 357 429 506 590
test_Nagakute_00090.jpg,7 104 375 600 598
test_Adachi_00142.jpg,8 364 337 592 597
test_Numazu_00328.jpg,5 52 501 228 600 6 56 498 228 600 8 298 304 534 587 8 1 320 158 518
test_Muroran_00162.jpg,5 0 400 525 599 6 162 389 587 593
test_Chiba_00033.jpg,8 313 408 488 573 8 2 429 179 584
test_Numazu_00280.jpg,2 253 315 339 558
test_Muroran_00304.jpg,1 56 480 177 594 5 191 361 563 582
test_Muroran_00086.jpg,2 0 183 272 517
test_Muroran_00025.jpg,2 1 374 199 592 5 285 431 407 600 8 317 468 394 596
test_Numazu_00148.jpg,1 70 305 207 600 1 77 290 138 562 3 175 416 450 476
test_Numazu_00263.jpg,5 192 373 419 584 8 155 315 234 433
test_Adachi_00033.jpg,2 0 183 272 517
test_Nagakute_00039.jpg,1 57 401 205 600 8 287 343 564 590 8 7 306 191 521
test_Numazu_00020.jpg,1 22 429 197 600 2 166 407 221 598 5 26 416 225 597
test_Muroran_00378.jpg,1 144 413 231 592 5 144 370 600 558
test_Nagakute_00150.jpg,2 216 365 267 592
test_Nagakute_00102.jpg,2 372 270 422 566 8 29 347 285 600
test_Nagakute_00171.jpg,1 60 356 206 518 8 9 357 186 547
test_Chiba_00027.jpg,2 0 183 272 517
test_Numazu_00293.jpg,1 337 368 600 578 5 210 348 426 586 8 215 350 408 588
test_Numazu_00296.jpg,5 87 384 247 600 6 89 382 258 600
test_Adachi_00285.jpg,8 448 324 592 463
test_Muroran_00190.jpg,1 70 462 186 600 1 38 380 216 592 8 350 377 578 600 8 8 350 219 595
test_Muroran_00193.jpg,1 452 505 544 597
test_Numazu_00215.jpg,5 82 319 527 565 5 98 374 345 578 5 324 301 600 554 8 0 250 207 484 8 291 290 600 531
test_Ichihara_00035.jpg,1 390 451 494 600
test_Adachi_00259.jpg,5 67 279 600 544 5 16 224 560 439
test_Adachi_00064.jpg,2 0 183 272 517
test_Nagakute_00009.jpg,8 303 293 600 581 8 0 345 76 595
test_Adachi_00288.jpg,2 355 217 562 597 2 357 217 498 468 8 107 286 235 570
test_Nagakute_00224.jpg,2 83 342 180 433 2 256 434 322 592
test_Adachi_00206.jpg,8 438 292 597 503
test_Numazu_00347.jpg,2 135 403 204 552
test_Sumida_00004.jpg,2 0 183 272 517
test_Sumida_00023.jpg,2 314 395 401 527
test_Muroran_00277.jpg,5 136 347 558 600 5 159 383 394 586 5 445 482 598 600 8 440 484 586 600
test_Muroran_00155.jpg,5 0 429 537 596 5 207 510 397 598 5 442 531 600 598
test_Adachi_00200.jpg,2 432 343 598 502 8 440 352 599 510
test_Adachi_00166.jpg,2 146 289 206 598
test_Nagakute_00055.jpg,5 34 378 515 597
test_Numazu_00077.jpg,1 272 411 363 587 1 420 378 503 540
test_Adachi_00104.jpg,7 0 187 502 546
test_Adachi_00226.jpg,2 281 304 581 518 2 263 291 487 454
test_Nagakute_00124.jpg,1 105 387 269 572 1 338 400 588 600 8 294 310 600 555 8 3 361 166 572
test_Nagakute_00076.jpg,2 248 320 420 592 5 98 382 494 599
test_Muroran_00136.jpg,5 114 346 564 598
test_Numazu_00082.jpg,1 278 434 394 596 8 17 386 203 599
test_Muroran_00011.jpg,2 0 183 272 517
test_Muroran_00030.jpg,2 373 359 508 600 5 1 345 318 587
test_Sumida_00002.jpg,2 316 437 392 551
test_Adachi_00039.jpg,8 315 332 567 535 8 7 185 195 388 8 365 212 596 391
test_Adachi_00132.jpg,2 3 418 187 548 2 335 326 385 599 8 168 304 321 430
test_Sumida_00005.jpg,7 137 453 582 538
test_Nagakute_00026.jpg,5 138 407 266 586
test_Numazu_00282.jpg,5 0 517 150 599 6 19 428 457 600
test_Numazu_00349.jpg,8 146 313 341 390
test_Sumida_00108.jpg,2 0 183 272 517
test_Numazu_00173.jpg,2 166 263 254 475
test_Adachi_00079.jpg,8 156 306 229 587
test_Sumida_00161.jpg,8 332 394 587 555
test_Chiba_00086.jpg,7 168 490 600 570
test_Muroran_00406.jpg,7 109 385 600 526
test_Sumida_00173.jpg,1 5 461 150 564 2 155 416 260 558
test_Numazu_00255.jpg,8 302 364 440 596
test_Sumida_00115.jpg,2 201 403 319 556 2 209 446 287 545 8 471 432 595 541
test_Muroran_00256.jpg,5 22 391 188 598 5 37 357 402 590 5 201 361 394 558
test_Muroran_00429.jpg,5 51 357 269 593 5 52 377 503 600
test_Numazu_00125.jpg,7 64 430 600 599
test_Numazu_00069.jpg,2 166 375 249 478 5 469 463 594 596
test_Adachi_00067.jpg,2 190 389 253 600 2 348 326 494 511 8 345 314 567 600 8 340 322 496 504
test_Chiba_00090.jpg,7 59 509 596 599
test_Numazu_00223.jpg,1 306 423 402 598
test_Sumida_00206.jpg,8 163 438 266 549
test_Muroran_00248.jpg,5 273 382 600 598
test_Sumida_00140.jpg,2 0 183 272 517
test_Nagakute_00014.jpg,5 311 396 519 598 5 0 402 461 600 8 24 465 223 590
test_Nagakute_00059.jpg,8 317 392 597 600 8 1 338 178 524
test_Numazu_00094.jpg,2 290 302 406 407 5 213 332 397 414
test_Muroran_00296.jpg,5 83 383 568 600
test_Adachi_00283.jpg,1 381 317 514 448 1 386 292 586 474
test_Numazu_00045.jpg,1 270 427 405 591 2 104 392 206 580
test_Numazu_00055.jpg,2 264 368 446 600
test_Chiba_00050.jpg,2 401 455 600 566
test_Muroran_00340.jpg,3 413 381 583 442
test_Numazu_00375.jpg,3 0 488 457 590 5 249 454 417 600
test_Numazu_00021.jpg,1 201 340 347 555 2 34 301 187 548 8 245 319 356 446
test_Numazu_00149.jpg,5 0 390 508 598 5 231 414 576 599
test_Numazu_00190.jpg,1 78 356 194 472 2 316 359 560 599 2 246 318 320 483
test_Numazu_00099.jpg,5 164 500 303 596
test_Nagakute_00054.jpg,1 72 384 208 514
test_Muroran_00158.jpg,3 281 529 539 596 5 0 525 143 598 5 0 450 558 600
test_Numazu_00067.jpg,5 290 337 600 593 8 0 299 189 582
test_Adachi_00008.jpg,2 423 350 600 493
test_Muroran_00222.jpg,7 144 353 593 455 8 99 489 215 598
test_Muroran_00319.jpg,1 226 451 345 579 2 318 292 400 457 2 225 436 347 589 4 238 449 600 543
test_Adachi_00149.jpg,2 232 319 284 600
test_Muroran_00088.jpg,1 331 315 431 600
test_Nagakute_00209.jpg,5 129 480 459 600
test_Chiba_00064.jpg,8 346 408 561 575
test_Numazu_00120.jpg,5 231 322 453 590
test_Adachi_00241.jpg,2 114 450 211 595
test_Nagakute_00117.jpg,2 218 358 465 600 3 163 484 380 535
test_Adachi_00245.jpg,1 444 331 557 515
test_Numazu_00244.jpg,2 291 391 335 600
test_Nagakute_00081.jpg,1 88 401 196 532
test_Muroran_00309.jpg,5 287 432 600 593
test_Sumida_00216.jpg,7 85 435 593 529
test_Muroran_00036.jpg,2 31 402 204 591
test_Adachi_00307.jpg,5 6 424 339 551 8 370 338 599 544
test_Adachi_00248.jpg,5 189 285 585 562 5 416 287 596 473 5 254 244 600 482 8 442 287 599 450
test_Adachi_00191.jpg,1 472 237 597 437
test_Sumida_00228.jpg,2 0 183 272 517
test_Adachi_00167.jpg,2 372 337 444 543
test_Adachi_00258.jpg,2 380 366 565 600
test_Numazu_00243.jpg,5 155 314 288 407 8 1 313 168 520
test_Numazu_00115.jpg,2 0 183 272 517
test_Muroran_00270.jpg,3 0 490 463 589 5 37 359 510 597 5 227 346 369 460 8 305 339 475 561
test_Muroran_00092.jpg,5 104 367 307 598
test_Nagakute_00044.jpg,1 351 457 433 566 8 268 364 410 469
test_Ichihara_00017.jpg,7 154 417 600 520
test_Ichihara_00043.jpg,5 180 403 600 600 5 146 402 369 600
test_Numazu_00324.jpg,1 256 371 555 515 8 97 370 292 495
test_Sumida_00138.jpg,2 268 448 314 547
test_Adachi_00183.jpg,1 454 294 598 466
test_Muroran_00399.jpg,5 87 325 340 596 5 147 309 300 517
test_Muroran_00214.jpg,1 268 340 412 590 1 521 436 596 559 8 12 347 318 600 8 116 323 360 518
test_Numazu_00189.jpg,5 140 328 600 598
test_Adachi_00312.jpg,1 19 137 206 367
test_Muroran_00063.jpg,1 368 374 597 544 1 300 366 426 503
test_Muroran_00375.jpg,1 203 351 267 569
test_Muroran_00341.jpg,8 2 346 256 531 8 369 444 436 592
test_Numazu_00326.jpg,5 234 308 571 595 5 332 277 594 510 8 340 279 600 487
test_Numazu_00274.jpg,2 394 376 575 581
test_Adachi_00017.jpg,2 240 275 311 568
test_Adachi_00227.jpg,2 7 211 222 376 8 96 215 213 310
test_Nagakute_00108.jpg,2 191 414 291 598
test_Adachi_00024.jpg,2 40 207 272 600
test_Adachi_00326.jpg,2 363 175 600 452 8 4 131 171 425
test_Chiba_00051.jpg,2 0 183 272 517
test_Numazu_00169.jpg,5 77 287 218 580
test_Muroran_00332.jpg,5 338 358 600 598
test_Adachi_00168.jpg,1 355 449 432 599 8 12 288 262 482
test_Muroran_00033.jpg,1 259 426 361 600 5 136 366 600 588 8 416 446 511 600
test_Numazu_00096.jpg,5 7 417 138 582 8 10 302 204 528 8 6 377 159 583
test_Muroran_00234.jpg,5 182 373 446 596
test_Adachi_00271.jpg,7 70 324 543 594
test_Muroran_00279.jpg,1 322 450 444 600 2 52 388 185 589 2 282 369 345 598 8 331 460 438 597
test_Numazu_00231.jpg,5 63 375 505 588 5 6 413 297 594
test_Nagakute_00157.jpg,1 383 425 565 596
test_Adachi_00129.jpg,2 424 247 588 418
test_Nagakute_00266.jpg,1 236 326 297 488 1 10 372 169 492
test_Numazu_00228.jpg,8 271 416 349 549
test_Muroran_00387.jpg,1 254 391 338 577 2 31 362 174 598
test_Numazu_00070.jpg,1 196 388 417 595 3 0 439 395 580 5 28 414 430 577 8 230 398 422 596
test_Nagakute_00175.jpg,5 197 365 465 559
test_Nagakute_00192.jpg,2 308 326 579 592 8 338 338 600 595
test_Muroran_00282.jpg,5 265 416 551 560
test_Muroran_00080.jpg,2 222 360 344 599 2 381 347 459 581 2 400 405 482 598
test_Chiba_00008.jpg,1 277 477 366 574 2 433 427 559 585
test_Numazu_00226.jpg,5 66 352 500 596
test_Nagakute_00080.jpg,2 10 356 178 503 5 191 401 355 598
test_Numazu_00355.jpg,2 243 391 314 594 5 289 447 600 593
test_Muroran_00421.jpg,1 221 394 293 599 1 198 348 275 563
test_Numazu_00009.jpg,5 49 361 536 589
test_Chiba_00065.jpg,1 193 483 284 597
test_Sumida_00192.jpg,1 325 424 424 534 2 246 426 289 538
test_Adachi_00077.jpg,2 406 406 454 592
test_Nagakute_00236.jpg,1 267 399 359 581 8 226 331 478 596 8 238 359 391 540
test_Numazu_00081.jpg,1 293 367 448 580 1 272 331 399 536 8 36 258 223 583 8 359 299 600 495
test_Adachi_00176.jpg,2 403 305 499 454
test_Chiba_00007.jpg,8 354 415 502 565
test_Numazu_00383.jpg,2 416 335 544 585 2 293 306 367 579
test_Sumida_00150.jpg,8 387 428 563 568
test_Numazu_00275.jpg,2 318 291 417 595 3 356 417 597 468
test_Chiba_00016.jpg,1 323 469 404 574
test_Nagakute_00194.jpg,2 184 322 291 597
test_Numazu_00313.jpg,2 110 313 175 464 8 3 272 118 423
test_Nagakute_00126.jpg,2 218 333 600 591
test_Numazu_00136.jpg,2 127 380 214 566
test_Muroran_00107.jpg,5 74 369 492 597
test_Adachi_00319.jpg,2 490 335 599 494 2 367 190 473 334
test_Numazu_00138.jpg,5 70 427 600 595 5 0 379 200 507 5 0 481 448 597
test_Muroran_00151.jpg,1 434 444 596 599 1 321 441 421 597 1 192 418 247 600
test_Sumida_00117.jpg,8 117 443 240 564 8 448 440 595 522
test_Adachi_00328.jpg,1 388 233 584 558 1 148 272 257 397
test_Muroran_00016.jpg,1 476 431 568 596
test_Numazu_00175.jpg,1 170 434 245 599 8 289 413 538 599 8 1 403 184 565
test_Muroran_00110.jpg,1 226 371 503 596
test_Adachi_00025.jpg,2 298 265 395 462 2 298 292 362 559
test_Nagakute_00252.jpg,8 261 310 512 596
test_Numazu_00010.jpg,8 43 313 200 587
test_Numazu_00023.jpg,2 277 319 333 446 8 95 327 208 454
test_Adachi_00094.jpg,2 419 306 598 494 8 410 291 600 494
test_Adachi_00264.jpg,1 300 357 475 506 5 294 358 461 518
test_Adachi_00292.jpg,2 284 238 335 510
test_Sumida_00110.jpg,8 416 450 598 590
test_Nagakute_00220.jpg,2 233 299 455 600 3 163 466 348 519
test_Muroran_00135.jpg,5 299 356 600 598
test_Numazu_00183.jpg,5 186 347 481 595 5 38 368 380 508
test_Numazu_00294.jpg,5 144 380 248 586 8 0 294 164 477
test_Numazu_00163.jpg,1 251 398 545 590
test_Nagakute_00155.jpg,1 339 432 557 596 5 322 418 565 598
test_Numazu_00154.jpg,7 113 412 585 537 7 0 404 362 580 8 145 418 600 590
test_Muroran_00408.jpg,5 189 356 600 600 5 382 343 592 570 8 458 386 597 563
test_Numazu_00273.jpg,2 210 274 346 600
test_Nagakute_00214.jpg,2 14 293 191 571
test_Nagakute_00161.jpg,2 289 325 570 598 8 278 306 578 544
test_Numazu_00003.jpg,1 305 330 398 413 7 34 386 600 600
test_Muroran_00015.jpg,5 141 413 486 600
test_Muroran_00126.jpg,2 353 392 425 589
test_Adachi_00113.jpg,2 0 183 272 517
test_Nagakute_00123.jpg,5 73 355 458 600 5 280 366 478 591
test_Sumida_00001.jpg,2 0 183 272 517
test_Numazu_00174.jpg,1 299 347 492 547 8 8 245 215 562
test_Muroran_00423.jpg,1 360 436 515 593 5 171 369 493 592
test_Ichihara_00051.jpg,1 441 409 596 599 1 93 403 285 590 5 303 384 599 599 8 21 387 298 594
test_Adachi_00123.jpg,2 0 183 272 517
test_Adachi_00109.jpg,2 479 427 600 560
test_Nagakute_00208.jpg,1 32 406 157 597 1 46 451 120 593 8 305 490 409 599
test_Numazu_00017.jpg,2 0 183 272 517
test_Numazu_00039.jpg,2 264 352 491 589 2 394 507 487 599 2 259 347 386 494
test_Adachi_00036.jpg,2 433 245 600 443
test_Sumida_00213.jpg,2 325 402 435 524 8 320 397 431 524
test_Sumida_00225.jpg,8 402 435 573 569
test_Nagakute_00228.jpg,5 0 339 334 594 5 0 369 138 598
test_Muroran_00371.jpg,2 286 394 441 600 2 132 389 208 600
test_Nagakute_00015.jpg,7 0 413 516 600
test_Nagakute_00225.jpg,7 109 341 586 441 8 1 427 127 566 8 475 423 595 557
test_Muroran_00221.jpg,5 102 317 577 599
test_Adachi_00290.jpg,2 316 313 473 593 2 328 315 430 496 8 368 339 470 452
test_Numazu_00352.jpg,5 97 421 564 599 5 302 416 528 576
test_Chiba_00004.jpg,7 36 510 491 599
test_Muroran_00108.jpg,2 446 425 594 589 5 117 360 421 600
test_Numazu_00118.jpg,1 80 349 188 510 2 215 279 269 590 8 324 293 567 579
test_Sumida_00079.jpg,2 272 402 405 550 8 63 413 205 564
test_Adachi_00107.jpg,2 362 183 570 508 2 455 346 598 570 8 34 161 270 586 8 390 201 599 351 8 270 165 355 211
test_Adachi_00291.jpg,1 386 358 592 579 8 10 303 209 478 8 382 362 594 585
test_Numazu_00128.jpg,5 232 403 480 595
test_Sumida_00009.jpg,7 34 451 245 559 8 307 421 513 556 8 22 457 236 573
test_Numazu_00134.jpg,1 211 360 293 494 8 2 293 202 599 8 340 301 600 482
test_Nagakute_00047.jpg,5 108 366 567 597
test_Muroran_00212.jpg,5 136 356 423 597
test_Adachi_00060.jpg,2 0 183 272 517
test_Numazu_00249.jpg,2 264 366 537 600
test_Nagakute_00022.jpg,1 108 361 227 482 3 210 410 519 468
test_Adachi_00121.jpg,2 0 183 272 517
test_Numazu_00241.jpg,2 268 271 367 575 2 265 263 336 471
test_Adachi_00004.jpg,2 141 217 243 532 8 134 255 236 566
test_Numazu_00144.jpg,5 0 321 443 593 5 207 305 507 594 5 6 292 245 580 8 291 315 457 593
test_Chiba_00078.jpg,2 0 183 272 517
test_Muroran_00028.jpg,5 90 321 548 586
test_Nagakute_00191.jpg,1 27 428 151 584 5 203 511 354 600
test_Adachi_00155.jpg,2 376 304 600 527
test_Muroran_00410.jpg,1 401 438 534 595 5 394 416 536 594
test_Numazu_00028.jpg,1 243 351 404 506 2 148 304 258 593 2 446 487 554 595
test_Numazu_00034.jpg,3 2 455 311 513 5 238 352 444 586
test_Sumida_00094.jpg,2 147 417 256 543
test_Nagakute_00036.jpg,2 0 183 272 517
test_Ichihara_00013.jpg,2 0 183 272 517
test_Muroran_00373.jpg,8 62 329 271 600 8 109 339 276 499
test_Adachi_00216.jpg,1 458 351 600 460 1 153 331 245 450
test_Adachi_00110.jpg,1 274 418 353 597
test_Chiba_00074.jpg,7 164 494 600 590 7 0 493 464 598
test_Sumida_00198.jpg,2 368 411 516 554
test_Ichihara_00025.jpg,8 197 460 462 599 8 395 378 600 591
test_Muroran_00207.jpg,5 0 376 437 600
test_Sumida_00164.jpg,7 156 417 600 504
test_Adachi_00213.jpg,2 367 361 585 576
test_Ichihara_00037.jpg,1 375 422 489 585 8 399 382 596 584 8 0 424 228 596
test_Numazu_00117.jpg,2 0 183 272 517
test_Numazu_00107.jpg,8 123 286 269 501 8 435 406 598 565
test_Nagakute_00003.jpg,1 210 397 273 568
test_Sumida_00176.jpg,2 0 183 272 517
test_Muroran_00090.jpg,5 186 394 546 600
test_Chiba_00036.jpg,8 316 407 500 570 8 18 442 174 584
test_Sumida_00196.jpg,2 178 430 221 532
test_Adachi_00075.jpg,2 0 183 272 517
test_Adachi_00151.jpg,1 199 395 363 555 1 311 271 596 543
test_Numazu_00184.jpg,5 162 454 600 600
test_Muroran_00226.jpg,2 0 183 272 517
test_Ichihara_00003.jpg,1 325 415 473 594 1 369 403 586 570 2 363 395 597 557
test_Muroran_00160.jpg,2 18 376 251 599
test_Muroran_00149.jpg,5 66 384 482 600
test_Muroran_00251.jpg,8 0 347 221 585
test_Muroran_00122.jpg,2 0 183 272 517
test_Nagakute_00128.jpg,5 138 329 545 593 5 0 290 449 600
test_Nagakute_00049.jpg,1 63 399 406 589 2 281 338 464 598 5 58 408 457 594
test_Muroran_00292.jpg,5 117 342 550 591 5 0 377 287 598
test_Nagakute_00256.jpg,2 0 183 272 517
test_Sumida_00072.jpg,7 194 426 600 521
test_Muroran_00205.jpg,5 235 390 566 597
test_Muroran_00366.jpg,5 248 351 408 600
test_Numazu_00368.jpg,1 353 409 487 589 8 9 389 359 594 8 299 341 497 564 8 20 334 252 549
test_Adachi_00313.jpg,2 0 183 272 517
test_Nagakute_00233.jpg,1 348 387 525 600 2 172 333 285 580 2 343 343 580 600
test_Adachi_00322.jpg,1 386 222 468 335 8 344 326 531 408
test_Adachi_00083.jpg,2 332 198 429 566 8 0 227 211 508 8 243 176 333 306
test_Nagakute_00204.jpg,7 81 482 600 600
test_Numazu_00407.jpg,8 107 402 382 594 8 289 353 590 598 8 0 330 152 485
test_Adachi_00089.jpg,2 463 402 546 599 5 370 455 521 592 8 280 372 446 540 8 470 434 552 597
test_Numazu_00303.jpg,2 0 339 171 532 8 14 376 153 517
test_Chiba_00029.jpg,8 29 485 161 599
