test_Numazu_00321.jpg,7 28 332 600 536
test_Numazu_00126.jpg,2 207 422 265 600
test_Adachi_00249.jpg,7 137 351 434 591 8 207 358 458 590
test_Numazu_00119.jpg,2 273 363 532 600
test_Muroran_00176.jpg,5 188 420 600 600 8 357 426 514 600
test_Numazu_00373.jpg,7 58 330 574 471
test_Sumida_00209.jpg,2 409 455 519 555
test_Nagakute_00089.jpg,2 236 352 305 596 2 223 338 286 516 8 462 478 599 599 8 200 370 297 482
test_Muroran_00284.jpg,5 50 371 561 582 5 0 334 235 600
test_Ichihara_00022.jpg,5 302 415 558 600
test_Muroran_00385.jpg,2 0 183 272 517
test_Muroran_00389.jpg,1 451 382 599 580 2 366 303 600 588
test_Numazu_00157.jpg,2 0 183 272 517
test_Adachi_00134.jpg,2 1 303 117 514 8 335 361 594 564
test_Sumida_00086.jpg,2 0 183 272 517
test_Adachi_00199.jpg,1 133 197 289 442 1 340 198 472 374
test_Chiba_00046.jpg,8 9 406 203 585 8 318 414 487 568
test_Sumida_00102.jpg,2 316 403 392 554
test_Muroran_00024.jpg,1 94 432 225 547 1 489 520 600 597 2 351 481 440 598
test_Numazu_00379.jpg,2 246 292 323 424
test_Sumida_00051.jpg,8 382 428 565 559
test_Muroran_00402.jpg,5 131 393 579 486 5 62 381 600 553 8 457 359 599 485
test_Adachi_00150.jpg,2 0 183 272 517
test_Chiba_00006.jpg,8 109 477 305 600 8 421 438 594 572
test_Nagakute_00040.jpg,1 251 428 344 597
test_Sumida_00208.jpg,8 488 413 590 572
test_Adachi_00141.jpg,2 282 296 419 575
test_Chiba_00092.jpg,1 313 476 411 578 2 183 481 299 587 8 431 465 600 573
test_Numazu_00290.jpg,1 499 471 596 586 1 261 232 324 394 1 199 383 309 509 7 21 286 518 399
test_Ichihara_00001.jpg,2 5 400 258 589 2 433 411 596 540
test_Sumida_00180.jpg,2 0 183 272 517
test_Ichihara_00048.jpg,2 449 460 560 592
test_Numazu_00211.jpg,5 3 417 181 596
test_Nagakute_00013.jpg,8 159 351 272 527
test_Nagakute_00027.jpg,2 282 307 578 548 8 4 321 174 531 8 294 322 551 543
test_Chiba_00001.jpg,2 0 183 272 517
test_Chiba_00084.jpg,2 388 464 587 583
test_Adachi_00103.jpg,1 315 388 475 534
test_Numazu_00165.jpg,2 0 183 272 517
test_Nagakute_00112.jpg,1 39 374 185 583
test_Muroran_00069.jpg,5 354 488 521 599 8 143 405 202 599
test_Chiba_00049.jpg,8 340 408 531 575
test_Muroran_00103.jpg,1 443 441 530 599
test_Adachi_00040.jpg,1 10 270 231 544 1 0 260 443 476 3 138 311 568 424
test_Nagakute_00087.jpg,1 135 420 230 597 8 0 382 187 564
test_Numazu_00267.jpg,5 477 479 600 600 7 130 409 544 489
test_Ichihara_00034.jpg,1 70 459 245 600 1 236 461 600 594 5 120 409 293 582 5 70 443 582 600
test_Numazu_00087.jpg,2 330 354 522 600 5 68 335 293 600
test_Muroran_00041.jpg,2 2 390 172 548 5 173 367 600 596
test_Muroran_00346.jpg,8 0 286 219 557 8 408 437 545 600
test_Sumida_00169.jpg,2 22 409 281 550
test_Nagakute_00023.jpg,8 47 299 270 600
test_Sumida_00125.jpg,2 311 424 381 547
test_Numazu_00312.jpg,5 36 330 385 600
test_Adachi_00157.jpg,2 384 350 467 595
test_Muroran_00313.jpg,2 438 330 595 474
test_Muroran_00290.jpg,2 473 446 600 580 8 15 344 224 600
test_Numazu_00256.jpg,5 20 355 479 598
test_Adachi_00247.jpg,2 457 398 600 553
test_Muroran_00232.jpg,5 167 341 577 600
test_Adachi_00266.jpg,2 0 183 272 517
test_Chiba_00048.jpg,8 224 478 330 591
test_Nagakute_00132.jpg,8 1 342 203 598 8 306 325 600 578
test_Adachi_00031.jpg,2 292 455 401 582 2 167 283 443 478 8 325 312 577 457 8 455 344 598 454
test_Adachi_00046.jpg,2 0 206 263 500 8 369 209 500 570
test_Nagakute_00017.jpg,1 415 428 493 581
test_Adachi_00203.jpg,2 278 375 338 600
test_Chiba_00035.jpg,2 391 447 564 580
test_Nagakute_00092.jpg,5 29 352 600 597 5 30 385 338 590
test_Numazu_00344.jpg,5 15 416 445 552
test_Muroran_00305.jpg,1 58 400 251 589 5 426 445 584 600 8 454 466 588 600
test_Nagakute_00120.jpg,5 0 365 202 600 8 320 369 482 508
test_Muroran_00223.jpg,5 373 296 593 502 5 253 319 578 558
test_Adachi_00242.jpg,1 35 314 231 511
test_Sumida_00124.jpg,8 354 416 524 570
test_Numazu_00060.jpg,5 0 427 449 598
test_Numazu_00049.jpg,1 274 350 362 453 2 46 287 208 600
test_Sumida_00194.jpg,7 194 433 583 543
test_Numazu_00101.jpg,2 281 306 448 578 5 220 301 440 587
test_Nagakute_00170.jpg,5 220 356 465 599 8 8 330 241 600 8 318 349 596 597
test_Numazu_00080.jpg,8 306 428 465 599
test_Numazu_00311.jpg,5 17 401 489 595 5 158 449 587 600
test_Chiba_00018.jpg,2 151 474 337 593
test_Numazu_00309.jpg,5 313 397 422 503
test_Numazu_00386.jpg,1 130 358 205 582 8 341 357 595 582 8 0 319 132 534
test_Numazu_00359.jpg,2 96 384 249 600 5 151 385 574 598 5 135 404 300 600
test_Adachi_00090.jpg,2 0 183 272 517
test_Sumida_00143.jpg,7 90 440 555 559
test_Sumida_00047.jpg,2 362 389 544 522
test_Sumida_00078.jpg,2 244 408 305 558
test_Nagakute_00034.jpg,2 234 318 292 592 8 36 336 226 600
test_Muroran_00275.jpg,1 430 442 591 579 1 424 423 558 524 8 26 286 188 600 8 447 473 590 600
test_Numazu_00378.jpg,1 0 365 130 588 8 307 294 600 585 8 0 276 186 473 8 408 387 600 586
test_Nagakute_00152.jpg,1 486 430 598 540 1 134 487 249 600 8 2 396 125 545
test_Numazu_00380.jpg,7 56 382 600 600
test_Nagakute_00213.jpg,2 301 373 589 593 8 2 408 133 553
test_Numazu_00155.jpg,5 0 376 147 583 5 290 339 519 589 8 320 346 549 565 8 5 329 142 518
test_Chiba_00019.jpg,7 7 470 559 592
test_Sumida_00067.jpg,2 0 183 272 517
test_Numazu_00065.jpg,2 299 322 391 456
test_Sumida_00201.jpg,2 360 438 432 559
test_Numazu_00364.jpg,2 241 343 429 600
test_Numazu_00354.jpg,1 369 389 530 562 8 0 325 154 536 8 127 349 278 595
test_Numazu_00086.jpg,2 275 409 376 588 2 57 385 199 597 8 0 378 173 559
test_Chiba_00088.jpg,1 294 474 383 579 2 452 474 600 564
test_Chiba_00025.jpg,2 260 456 384 558
test_Chiba_00075.jpg,2 0 183 272 517
test_Nagakute_00163.jpg,1 57 273 166 418
test_Muroran_00195.jpg,1 203 400 275 599 1 190 330 378 592 5 3 397 170 600 5 0 351 417 600
test_Adachi_00106.jpg,2 363 279 551 591
test_Chiba_00070.jpg,2 457 495 550 589
test_Nagakute_00070.jpg,2 0 183 272 517
test_Adachi_00204.jpg,1 204 421 294 567 8 297 340 407 600
test_Muroran_00415.jpg,5 308 416 600 600
test_Adachi_00032.jpg,7 12 339 576 518
test_Adachi_00243.jpg,7 123 465 547 594 8 199 459 425 593
test_Sumida_00040.jpg,7 47 437 491 518
test_Nagakute_00162.jpg,1 101 428 266 600 8 308 357 594 595
test_Numazu_00403.jpg,8 0 276 185 470 8 293 282 596 534
test_Nagakute_00178.jpg,1 152 384 234 585 8 20 373 188 594
test_Muroran_00404.jpg,2 262 320 313 600
test_Numazu_00185.jpg,1 4 313 116 511 1 164 416 260 566 8 6 282 156 600
test_Numazu_00164.jpg,1 7 343 206 556 2 216 264 265 544 8 301 306 584 556
test_Muroran_00079.jpg,1 213 402 297 589 1 494 414 595 527 2 356 389 511 596
test_Nagakute_00012.jpg,2 118 402 276 598
test_Nagakute_00010.jpg,2 268 344 328 598
test_Adachi_00051.jpg,1 69 287 432 545 2 286 118 487 246 2 10 268 142 600 5 24 258 497 530
test_Muroran_00386.jpg,2 171 349 285 600 8 406 413 554 599
test_Nagakute_00083.jpg,5 48 331 518 600
test_Muroran_00029.jpg,2 340 377 443 550
test_Adachi_00190.jpg,8 253 431 363 598
test_Sumida_00058.jpg,2 26 418 215 528 8 375 451 560 556
test_Numazu_00033.jpg,5 157 337 313 589
test_Muroran_00125.jpg,2 334 399 523 593
test_Numazu_00356.jpg,5 147 432 600 598 5 5 506 126 600
test_Adachi_00005.jpg,2 0 183 272 517
test_Nagakute_00174.jpg,7 48 499 549 598
test_Chiba_00010.jpg,1 118 470 236 591 8 302 437 456 591
test_Nagakute_00062.jpg,1 271 387 442 600 2 221 377 457 600 5 285 389 438 599 8 254 390 438 599
test_Nagakute_00085.jpg,2 12 385 195 597 5 37 482 420 594 5 311 402 594 592 8 332 404 600 575
test_Nagakute_00058.jpg,1 273 414 372 580 1 56 365 148 514 8 2 333 153 465
test_Muroran_00055.jpg,5 453 395 591 501
test_Nagakute_00084.jpg,1 102 293 258 600 8 97 294 272 600
test_Sumida_00037.jpg,2 142 419 292 572
test_Nagakute_00240.jpg,1 209 323 301 417 8 320 298 600 515
test_Muroran_00141.jpg,5 84 438 493 600
test_Numazu_00204.jpg,3 165 476 568 588 5 0 361 542 595 8 0 283 176 484
test_Nagakute_00180.jpg,2 63 353 209 596
test_Adachi_00253.jpg,1 12 212 222 437
test_Adachi_00081.jpg,7 19 303 494 419
test_Numazu_00381.jpg,2 231 298 317 472
test_Muroran_00156.jpg,1 278 350 555 581 1 338 452 471 598 8 16 343 202 600 8 333 351 585 571
test_Sumida_00134.jpg,2 132 420 223 521
test_Numazu_00076.jpg,2 284 265 329 457
test_Ichihara_00049.jpg,8 0 474 121 579 8 477 466 599 581
test_Sumida_00190.jpg,2 0 183 272 517
test_Muroran_00201.jpg,1 320 376 501 600 1 35 393 192 600 2 320 313 524 552 5 300 314 507 565 8 2 363 180 587
test_Adachi_00286.jpg,1 15 368 319 543 1 31 300 501 539
test_Numazu_00092.jpg,2 163 376 246 570 5 82 403 244 597
test_Numazu_00218.jpg,5 246 415 527 570 5 262 381 408 565
test_Nagakute_00167.jpg,1 354 431 455 595 2 259 228 347 600 8 2 228 271 519
test_Numazu_00114.jpg,2 34 299 218 584 5 26 328 362 586
test_Adachi_00135.jpg,1 34 407 199 571 1 327 349 464 443
test_Chiba_00076.jpg,2 93 514 207 595
test_Muroran_00020.jpg,2 260 360 322 595
test_Muroran_00383.jpg,5 44 409 367 599
test_Numazu_00171.jpg,5 101 312 268 442 8 361 298 571 523
test_Numazu_00285.jpg,5 279 419 600 598 8 139 398 222 599
test_Sumida_00098.jpg,7 17 447 476 533
test_Muroran_00312.jpg,2 343 399 600 599 8 207 351 375 426
test_Nagakute_00146.jpg,5 184 392 600 600 8 125 412 600 598
test_Adachi_00308.jpg,2 0 183 272 517
test_Muroran_00014.jpg,2 298 360 456 600 5 282 359 567 584
test_Muroran_00333.jpg,2 0 183 272 517
test_Muroran_00174.jpg,1 153 387 281 599 2 159 370 298 600
test_Adachi_00014.jpg,2 198 366 335 598
test_Numazu_00230.jpg,2 281 402 479 590 8 82 305 212 471
test_Nagakute_00114.jpg,1 222 331 306 572 2 37 349 171 590 8 288 332 570 590
test_Muroran_00299.jpg,5 277 372 567 600
test_Nagakute_00196.jpg,1 215 349 348 517 1 42 343 169 462 5 200 350 325 519 8 4 322 169 457
test_Muroran_00240.jpg,1 135 428 268 600 8 439 392 597 557
test_Sumida_00033.jpg,2 327 406 425 519
test_Muroran_00112.jpg,5 51 408 358 600
test_Sumida_00105.jpg,2 0 183 272 517
test_Numazu_00338.jpg,5 412 468 600 588 8 28 441 205 596
test_Numazu_00202.jpg,8 446 478 574 600 8 3 261 221 480
test_Adachi_00069.jpg,5 12 192 184 458
test_Ichihara_00021.jpg,1 151 410 297 599 8 394 404 600 577 8 67 394 281 597
test_Numazu_00160.jpg,7 0 412 496 599 8 30 307 158 467
test_Adachi_00299.jpg,2 5 444 116 592
test_Muroran_00345.jpg,1 98 303 391 592 5 0 315 381 591 5 5 312 133 591
test_Muroran_00163.jpg,1 339 355 582 587 5 124 394 600 600 5 200 444 404 600 5 374 352 591 598
test_Numazu_00390.jpg,2 451 480 600 593 5 73 407 267 598 5 50 412 521 599 5 298 470 600 597
test_Adachi_00068.jpg,1 109 318 455 574 3 32 313 565 531
test_Chiba_00026.jpg,8 187 496 294 594
test_Adachi_00072.jpg,8 487 304 596 441
test_Nagakute_00125.jpg,3 5 415 320 570 3 0 392 498 550 3 150 412 600 523 5 248 397 600 529
test_Muroran_00260.jpg,1 294 446 387 599 1 396 482 584 600 5 0 421 548 595
test_Numazu_00176.jpg,2 228 297 344 600 2 294 336 583 590
test_Muroran_00005.jpg,2 91 368 217 578 5 179 418 600 599
test_Adachi_00329.jpg,2 384 362 582 595
test_Numazu_00333.jpg,7 15 424 600 600
test_Sumida_00081.jpg,7 27 456 574 565
test_Numazu_00310.jpg,1 431 371 600 538 2 285 353 419 592 5 422 359 592 524 8 436 356 600 505
test_Numazu_00284.jpg,2 245 320 303 591
test_Numazu_00357.jpg,2 335 398 563 597 8 280 346 573 596
test_Nagakute_00185.jpg,5 252 343 426 595
test_Muroran_00322.jpg,2 414 330 600 581
test_Nagakute_00091.jpg,5 39 276 220 548
test_Nagakute_00159.jpg,2 178 273 242 502 2 54 481 128 600
test_Adachi_00180.jpg,2 325 166 412 600
test_Adachi_00130.jpg,2 110 298 262 509 2 415 329 583 600 2 49 295 266 600 2 54 384 205 595 8 375 221 597 551
test_Numazu_00317.jpg,2 357 426 563 598
test_Numazu_00388.jpg,2 56 274 219 597 5 77 284 257 599
test_Numazu_00374.jpg,2 260 301 382 600 5 0 296 355 594
test_Nagakute_00029.jpg,7 0 433 506 598 8 99 300 306 451
test_Muroran_00006.jpg,8 431 388 559 523 8 28 327 291 597
test_Muroran_00397.jpg,2 0 183 272 517
test_Numazu_00396.jpg,2 295 446 384 598
test_Sumida_00060.jpg,2 0 183 272 517
test_Adachi_00164.jpg,5 42 307 358 569 8 413 219 593 447
test_Adachi_00236.jpg,8 385 266 584 470
test_Muroran_00131.jpg,1 408 451 495 598 1 195 452 280 597 8 66 383 271 600 8 131 368 281 536
test_Nagakute_00199.jpg,2 343 327 584 589 8 3 275 184 566
test_Muroran_00238.jpg,5 109 288 247 437
test_Sumida_00217.jpg,2 0 183 272 517
test_Muroran_00045.jpg,5 0 393 430 599 5 2 403 202 600
test_Nagakute_00254.jpg,8 0 318 204 523
test_Sumida_00226.jpg,8 214 432 313 573
test_Ichihara_00024.jpg,1 156 459 284 600
test_Adachi_00265.jpg,1 162 238 444 464
test_Adachi_00021.jpg,2 169 172 280 540
test_Muroran_00104.jpg,2 194 415 279 597 2 446 428 600 600 8 477 463 600 600 8 0 378 211 593
test_Sumida_00168.jpg,2 0 183 272 517
test_Nagakute_00099.jpg,5 166 337 488 597 5 368 388 600 600
test_Nagakute_00086.jpg,7 0 405 507 600
test_Nagakute_00121.jpg,1 74 432 188 599 1 214 423 293 594 8 0 390 137 582
test_Nagakute_00154.jpg,4 128 477 600 586
test_Numazu_00340.jpg,5 370 412 562 570 8 0 325 143 578
test_Numazu_00222.jpg,2 0 183 272 517
test_Muroran_00283.jpg,5 6 342 164 581
test_Sumida_00100.jpg,2 0 183 272 517
test_Numazu_00029.jpg,5 20 395 431 600 5 181 418 554 599
test_Numazu_00393.jpg,5 341 289 597 429
test_Adachi_00251.jpg,1 349 413 468 534
test_Nagakute_00216.jpg,5 181 470 555 597 5 14 456 135 592
test_Numazu_00405.jpg,5 176 334 343 577 8 349 261 600 550 8 3 253 167 453
test_Muroran_00071.jpg,5 352 393 453 559 6 12 388 574 595
test_Sumida_00227.jpg,2 355 411 462 555
test_Numazu_00131.jpg,5 37 359 297 590
test_Muroran_00198.jpg,5 0 370 465 597
test_Sumida_00042.jpg,2 0 183 272 517
test_Numazu_00348.jpg,5 63 438 458 593 5 175 458 600 600 5 429 446 600 596 8 444 453 600 595
test_Chiba_00020.jpg,7 152 513 600 598
test_Muroran_00261.jpg,1 100 489 208 597 5 357 459 591 598
test_Adachi_00224.jpg,2 263 151 322 312 2 193 186 314 565 2 187 361 277 575 2 450 307 593 484
test_Adachi_00195.jpg,1 349 497 510 600 3 84 431 339 501
test_Adachi_00124.jpg,2 408 380 600 588
test_Adachi_00131.jpg,5 188 352 476 581
test_Numazu_00254.jpg,1 55 372 243 597
test_Nagakute_00229.jpg,1 114 437 210 572 2 263 336 333 599 5 348 407 541 600
test_Nagakute_00144.jpg,1 11 382 248 568
test_Nagakute_00073.jpg,2 330 298 592 585 8 34 322 292 600
test_Nagakute_00021.jpg,2 93 258 225 600
test_Sumida_00029.jpg,2 365 435 452 546
test_Muroran_00365.jpg,1 453 405 594 563 8 9 338 258 556 8 402 422 552 598
test_Sumida_00030.jpg,8 360 423 532 558
test_Sumida_00165.jpg,2 0 418 214 553
test_Muroran_00023.jpg,5 120 319 555 600 5 6 302 363 600
test_Numazu_00361.jpg,2 0 183 272 517
test_Muroran_00295.jpg,5 241 467 395 575
test_Muroran_00179.jpg,2 372 440 484 594
test_Adachi_00219.jpg,1 311 375 469 498 5 329 388 464 495
test_Nagakute_00241.jpg,1 106 414 235 592 2 310 344 387 600 8 14 338 247 594
test_Numazu_00180.jpg,8 281 414 501 594
test_Ichihara_00046.jpg,2 129 409 306 578
test_Sumida_00123.jpg,2 0 390 219 546 8 6 419 172 518
test_Numazu_00108.jpg,5 447 409 595 571
test_Numazu_00288.jpg,2 310 436 421 579
test_Numazu_00258.jpg,2 0 183 272 517
test_Sumida_00096.jpg,2 0 413 165 522 2 223 429 307 549 8 423 442 592 576 8 470 489 588 580
test_Adachi_00262.jpg,7 63 393 578 561
test_Numazu_00372.jpg,2 131 300 263 596 6 213 294 516 572
test_Sumida_00118.jpg,2 0 183 272 517
test_Numazu_00385.jpg,5 13 357 195 597
test_Adachi_00327.jpg,8 438 376 600 534 8 53 376 250 554
test_Nagakute_00202.jpg,8 274 366 600 596 8 6 352 184 494
test_Numazu_00339.jpg,8 0 297 196 562 8 314 312 574 572 8 398 393 591 594
test_Nagakute_00217.jpg,1 160 400 273 600
test_Nagakute_00008.jpg,2 303 393 373 550 5 46 423 540 596 5 7 479 356 600 5 281 404 492 587
test_Chiba_00069.jpg,2 0 183 272 517
test_Numazu_00168.jpg,5 235 328 570 600 5 11 351 302 600 8 283 307 496 600 8 0 330 112 459
test_Chiba_00045.jpg,1 285 480 369 589 8 203 473 324 592
test_Sumida_00111.jpg,8 420 475 578 558
test_Numazu_00302.jpg,2 0 337 123 512
test_Muroran_00194.jpg,5 9 396 166 577
test_Numazu_00292.jpg,2 319 310 563 561
test_Numazu_00225.jpg,2 150 297 225 538 5 162 343 478 586
test_Sumida_00045.jpg,7 193 433 583 542
test_Sumida_00068.jpg,2 334 403 405 537
test_Muroran_00407.jpg,5 249 382 565 597
test_Muroran_00293.jpg,2 0 183 272 517
test_Muroran_00418.jpg,5 37 380 504 591
test_Ichihara_00030.jpg,5 60 386 314 600 5 117 384 600 600
test_Adachi_00117.jpg,2 0 183 272 517
test_Sumida_00106.jpg,2 0 183 272 517
test_Muroran_00153.jpg,1 104 429 265 594 1 454 342 593 447 8 2 336 254 581
test_Nagakute_00187.jpg,1 299 425 497 598 2 174 369 269 600 2 255 373 511 593 5 299 409 525 596
test_Adachi_00018.jpg,2 339 330 425 597
test_Muroran_00354.jpg,2 319 385 470 592
test_Numazu_00210.jpg,5 95 467 508 599 5 315 455 512 600 6 129 442 444 595
test_Ichihara_00026.jpg,8 441 484 558 598
test_Ichihara_00047.jpg,2 468 423 595 530
test_Adachi_00269.jpg,2 383 314 484 399 7 35 391 600 600
test_Adachi_00276.jpg,2 430 295 600 548
test_Nagakute_00190.jpg,1 34 345 217 567
test_Muroran_00425.jpg,8 278 328 337 600
test_Muroran_00074.jpg,5 296 373 414 503
test_Muroran_00130.jpg,1 56 371 224 600 5 113 375 440 597
test_Adachi_00153.jpg,1 277 423 363 598 8 371 330 507 449
test_Numazu_00395.jpg,2 47 377 222 597
test_Numazu_00366.jpg,2 291 362 440 586 2 3 387 112 583 7 84 270 391 339 8 409 370 600 579 8 243 433 324 583
test_Sumida_00166.jpg,2 326 385 394 540
test_Numazu_00259.jpg,1 338 448 420 600 1 463 430 575 538
test_Muroran_00315.jpg,5 91 344 587 599
test_Nagakute_00078.jpg,1 267 326 443 530 2 386 349 600 560 8 1 269 199 524
test_Numazu_00246.jpg,2 261 389 407 595 5 253 379 580 599
test_Chiba_00079.jpg,1 179 463 261 578 1 290 474 370 594
test_Numazu_00323.jpg,7 147 355 600 485
test_Numazu_00397.jpg,2 234 384 327 600
test_Numazu_00235.jpg,1 42 327 206 565 1 312 385 526 588 8 283 293 566 532
test_Numazu_00315.jpg,1 310 415 423 576 8 3 369 113 514 8 404 409 583 590 8 322 323 594 600
test_Chiba_00089.jpg,2 0 183 272 517
test_Adachi_00263.jpg,1 395 350 588 600
test_Adachi_00128.jpg,1 2 310 255 569 5 3 297 238 520
test_Muroran_00007.jpg,5 27 340 506 600
test_Numazu_00277.jpg,8 304 395 567 600 8 6 391 174 538
test_Nagakute_00109.jpg,2 234 289 415 544 2 272 343 470 600 3 63 433 333 495
test_Numazu_00281.jpg,5 17 342 250 573
test_Ichihara_00045.jpg,7 61 441 600 598
test_Muroran_00132.jpg,5 44 378 593 599
test_Muroran_00213.jpg,5 31 377 497 598 5 281 371 493 595
test_Muroran_00120.jpg,1 355 500 464 599 5 0 465 367 596
test_Numazu_00105.jpg,2 337 337 570 587
test_Nagakute_00201.jpg,5 205 404 390 600 8 22 403 186 600
test_Adachi_00096.jpg,2 294 304 414 589
test_Adachi_00270.jpg,2 188 346 257 600
test_Muroran_00419.jpg,5 33 342 553 594 5 278 327 540 558 5 2 337 270 595
test_Adachi_00289.jpg,8 3 292 255 600
test_Muroran_00298.jpg,2 376 387 582 598
test_Numazu_00036.jpg,2 12 275 185 597 5 57 321 303 583 8 353 399 552 592
test_Ichihara_00028.jpg,7 0 459 522 600
test_Numazu_00391.jpg,5 0 364 445 590
test_Nagakute_00244.jpg,1 302 404 419 535 8 1 319 191 502
test_Muroran_00294.jpg,5 153 455 336 598
test_Sumida_00193.jpg,2 189 406 281 541
test_Ichihara_00029.jpg,1 387 403 570 600
test_Muroran_00143.jpg,1 105 413 262 600 5 7 371 237 588 8 370 393 475 600
test_Sumida_00197.jpg,2 0 183 272 517
test_Sumida_00141.jpg,1 161 458 294 571 8 395 442 591 592 8 174 459 302 575 8 73 454 243 571
test_Muroran_00047.jpg,2 174 341 255 600 8 427 392 600 529
test_Muroran_00085.jpg,1 371 414 519 599 5 24 383 403 600
test_Muroran_00244.jpg,5 437 415 597 573 8 495 457 600 567 8 74 335 250 600
test_Muroran_00348.jpg,5 214 339 582 580
test_Nagakute_00250.jpg,7 1 380 600 600
test_Adachi_00154.jpg,1 397 389 570 588 2 400 386 567 600
test_Nagakute_00274.jpg,1 343 433 536 595 5 12 458 220 600 5 0 473 393 596 5 133 482 518 599 8 351 425 543 600
test_Adachi_00085.jpg,2 158 301 266 592
test_Adachi_00261.jpg,2 6 160 154 481
test_Sumida_00031.jpg,2 366 410 547 567 8 361 411 554 577
test_Muroran_00100.jpg,5 277 495 439 573
test_Nagakute_00198.jpg,1 247 419 313 600 2 249 407 309 600
test_Nagakute_00139.jpg,1 36 377 153 600 5 277 423 521 597 8 0 297 123 507
test_Numazu_00229.jpg,2 0 306 101 515
test_Adachi_00073.jpg,2 418 463 546 596 8 339 382 447 486 8 353 424 553 485
test_Muroran_00031.jpg,5 25 366 525 600
test_Muroran_00257.jpg,5 46 371 470 595 5 80 335 288 575
test_Muroran_00357.jpg,5 44 406 533 598
test_Numazu_00370.jpg,2 252 360 333 591
test_Nagakute_00168.jpg,4 20 458 473 565 8 4 326 164 479
test_Adachi_00165.jpg,7 37 192 582 392
test_Adachi_00208.jpg,2 116 398 213 511 2 386 319 536 526 5 345 333 583 591 5 156 376 600 590 8 419 386 571 600
test_Adachi_00086.jpg,1 154 323 255 515 1 314 295 423 412 1 7 321 142 423
test_Adachi_00273.jpg,2 139 240 292 600 8 215 281 395 424
test_Adachi_00225.jpg,8 25 239 227 530 8 83 141 422 404
test_Adachi_00030.jpg,7 0 175 531 371
test_Muroran_00204.jpg,1 199 329 374 600 5 118 335 428 591
test_Numazu_00240.jpg,2 254 374 410 600
test_Muroran_00328.jpg,1 308 394 372 599 1 170 428 282 600 2 410 335 527 445
test_Sumida_00043.jpg,2 324 446 387 568
test_Adachi_00228.jpg,7 52 331 600 598
test_Muroran_00008.jpg,5 155 335 561 594 5 1 433 157 598 5 0 352 389 600
test_Adachi_00029.jpg,8 2 205 202 367
test_Muroran_00384.jpg,2 383 346 574 595 5 375 364 590 600 5 433 489 573 592
test_Numazu_00250.jpg,2 297 311 566 600 2 101 324 252 591 2 378 398 548 595 8 416 373 588 531
test_Adachi_00240.jpg,2 0 183 272 517
test_Nagakute_00227.jpg,5 165 366 325 531
test_Ichihara_00038.jpg,1 410 388 499 574
test_Nagakute_00127.jpg,1 283 517 396 600
test_Adachi_00197.jpg,2 340 229 422 420 8 396 412 488 585
test_Muroran_00420.jpg,1 324 360 398 471 8 372 399 588 599
test_Adachi_00105.jpg,1 107 210 224 600 2 498 227 600 345
test_Numazu_00095.jpg,5 239 301 393 596 5 0 360 389 592 7 0 405 373 595 8 3 416 306 593
test_Muroran_00297.jpg,2 358 355 587 553 5 147 428 288 544
test_Nagakute_00226.jpg,1 88 356 176 475 8 261 353 549 594
test_Chiba_00052.jpg,2 0 183 272 517
test_Muroran_00115.jpg,2 299 348 357 600
test_Muroran_00058.jpg,8 0 503 105 600
test_Muroran_00381.jpg,2 119 348 195 587
test_Sumida_00151.jpg,2 368 383 511 550 2 418 435 504 542
test_Nagakute_00173.jpg,1 87 472 491 600 5 51 445 600 600 7 196 336 600 463 7 76 328 587 548
test_Chiba_00034.jpg,2 289 397 411 547
test_Muroran_00059.jpg,2 305 382 373 500 7 30 479 579 600
test_Numazu_00097.jpg,5 114 408 297 599
test_Numazu_00233.jpg,1 146 356 322 576
test_Chiba_00038.jpg,8 308 458 498 597
test_Adachi_00314.jpg,2 373 365 548 600
test_Sumida_00059.jpg,2 327 407 415 545
test_Sumida_00205.jpg,8 381 423 574 567
test_Muroran_00321.jpg,5 115 373 594 599 8 408 499 524 600
test_Nagakute_00016.jpg,5 114 364 367 596 5 374 417 598 600
test_Numazu_00268.jpg,8 121 362 302 600
test_Adachi_00246.jpg,7 0 143 484 327 7 82 140 600 275
test_Numazu_00384.jpg,7 37 299 587 464
test_Adachi_00087.jpg,2 0 183 272 517
test_Numazu_00170.jpg,7 174 348 507 512
test_Adachi_00127.jpg,1 137 463 214 597 8 362 305 596 565
test_Adachi_00172.jpg,1 135 213 283 473
test_Sumida_00041.jpg,2 0 183 272 517
test_Numazu_00193.jpg,1 46 419 154 574
test_Sumida_00028.jpg,2 364 418 482 551
test_Muroran_00376.jpg,5 57 356 411 519
test_Adachi_00237.jpg,8 271 310 597 518
test_Nagakute_00239.jpg,1 224 411 331 593
test_Ichihara_00042.jpg,1 391 399 516 474 8 0 478 155 597
test_Nagakute_00181.jpg,5 48 354 522 600
test_Sumida_00135.jpg,8 475 505 594 596
test_Numazu_00083.jpg,5 0 355 360 595 8 215 338 506 591
test_Muroran_00180.jpg,2 0 183 272 517
test_Muroran_00269.jpg,5 1 368 573 599
test_Numazu_00030.jpg,8 187 304 345 553
test_Chiba_00002.jpg,7 0 511 374 599
test_Numazu_00336.jpg,8 296 332 544 596 8 378 461 592 598 8 55 268 225 595 8 304 322 477 503
test_Adachi_00035.jpg,4 239 453 600 547
test_Nagakute_00030.jpg,1 343 452 584 595 2 265 352 357 598
test_Muroran_00035.jpg,1 59 402 224 598 8 444 387 598 540 8 391 424 543 598
test_Muroran_00424.jpg,5 70 410 600 598
test_Muroran_00186.jpg,1 272 333 325 532 8 0 336 219 564 8 356 356 466 505
test_Muroran_00326.jpg,5 42 372 283 600
test_Muroran_00417.jpg,2 392 340 596 599 8 186 386 337 549
test_Muroran_00398.jpg,5 345 441 562 592
test_Nagakute_00260.jpg,2 262 301 505 599 3 346 418 571 485
test_Muroran_00053.jpg,5 128 476 553 597
test_Sumida_00091.jpg,5 161 386 280 482
test_Sumida_00170.jpg,2 313 385 405 533
test_Muroran_00413.jpg,2 418 362 531 599 7 65 302 258 404
test_Muroran_00388.jpg,1 15 346 263 590 5 13 331 285 600 5 109 385 600 595 5 333 450 559 592
test_Adachi_00061.jpg,1 419 251 600 454 2 0 361 155 588
test_Nagakute_00074.jpg,5 120 338 286 600 8 452 366 599 492
test_Nagakute_00043.jpg,1 121 430 211 596 1 301 387 447 567 8 5 308 207 506
test_Adachi_00196.jpg,2 333 309 556 587
test_Muroran_00078.jpg,2 0 183 272 517
test_Adachi_00013.jpg,2 422 394 544 591
test_Numazu_00064.jpg,2 0 183 272 517
test_Muroran_00273.jpg,2 15 329 192 596
test_Nagakute_00041.jpg,1 229 492 386 600
test_Nagakute_00057.jpg,2 391 473 478 597
test_Ichihara_00002.jpg,1 377 425 532 591 8 20 442 201 596
test_Nagakute_00221.jpg,1 353 458 600 599
test_Muroran_00109.jpg,5 64 357 549 597
test_Numazu_00161.jpg,8 310 275 589 516 8 5 288 197 470
test_Adachi_00250.jpg,2 301 304 440 599
test_Muroran_00138.jpg,5 113 368 556 598
test_Muroran_00211.jpg,2 184 449 381 593 5 480 457 598 600
test_Nagakute_00061.jpg,7 0 444 492 600
test_Numazu_00006.jpg,2 0 183 272 517
test_Numazu_00353.jpg,2 307 350 473 600
test_Numazu_00201.jpg,2 317 471 387 598 2 445 469 511 599
test_Muroran_00391.jpg,2 336 376 431 597
test_Muroran_00219.jpg,2 337 349 593 568 2 270 362 358 600
test_Sumida_00018.jpg,8 437 487 599 578
test_Numazu_00147.jpg,5 8 422 404 596
test_Muroran_00344.jpg,5 29 396 583 595
test_Numazu_00013.jpg,2 0 183 272 517
test_Numazu_00261.jpg,2 82 266 237 596 2 84 371 182 585 2 140 270 221 466 5 39 368 212 581
test_Adachi_00098.jpg,1 392 408 488 528 2 162 376 259 586 7 199 302 600 388
test_Nagakute_00113.jpg,2 85 258 249 572
test_Numazu_00110.jpg,2 311 334 584 589 5 154 362 315 598 8 336 335 557 577 8 160 354 295 551
test_Adachi_00321.jpg,2 304 337 474 600
test_Chiba_00061.jpg,2 0 183 272 517
test_Adachi_00217.jpg,7 0 327 489 535
test_Nagakute_00116.jpg,1 326 385 509 598 1 307 383 420 508 1 166 434 250 581
test_Chiba_00011.jpg,2 374 445 593 577
test_Muroran_00310.jpg,1 470 425 597 537
test_Numazu_00178.jpg,5 101 480 435 594
test_Ichihara_00023.jpg,1 400 395 594 584 8 383 385 600 590
test_Adachi_00275.jpg,2 429 282 600 585
test_Numazu_00306.jpg,1 199 304 277 441
test_Nagakute_00140.jpg,2 237 394 414 600
test_Muroran_00098.jpg,2 386 409 595 593 8 7 482 117 595
test_Nagakute_00031.jpg,7 3 420 586 600
test_Numazu_00063.jpg,5 0 355 458 583 5 205 320 381 504 5 16 359 218 516
test_Muroran_00137.jpg,1 370 409 480 566 1 291 391 427 593 8 0 372 210 564
test_Nagakute_00038.jpg,5 136 454 258 555 8 2 404 181 600
test_Nagakute_00262.jpg,1 277 379 408 581 8 1 350 165 509
test_Adachi_00201.jpg,2 314 468 389 598 2 500 486 598 582 8 373 384 478 466
test_Muroran_00111.jpg,5 259 400 457 597 8 343 444 447 600
test_Muroran_00416.jpg,5 292 417 504 502 5 72 398 310 484
test_Chiba_00058.jpg,1 303 431 392 539
test_Nagakute_00149.jpg,2 0 183 272 517
test_Adachi_00318.jpg,7 131 143 598 259 8 0 496 383 595 8 0 505 199 591
test_Sumida_00056.jpg,7 62 461 542 553
test_Adachi_00161.jpg,8 148 345 454 599
test_Nagakute_00093.jpg,8 19 363 194 597 8 331 424 594 598
test_Nagakute_00147.jpg,1 53 424 180 600
test_Numazu_00093.jpg,2 0 183 272 517
test_Numazu_00192.jpg,2 119 276 211 434 2 23 291 199 600 5 324 321 594 584
test_Nagakute_00072.jpg,1 219 438 277 600
test_Adachi_00020.jpg,1 95 195 261 455 1 80 324 165 529 8 257 98 335 422
test_Sumida_00015.jpg,1 348 454 417 544 8 327 411 466 553
test_Muroran_00068.jpg,5 77 334 279 595 5 408 470 595 597 5 216 460 560 599 5 456 328 594 440 8 416 373 552 507
test_Numazu_00071.jpg,8 28 339 185 589
test_Adachi_00054.jpg,1 4 327 106 432 2 124 388 168 600
test_Sumida_00006.jpg,1 83 464 206 554 8 15 463 180 563
test_Numazu_00132.jpg,5 30 340 432 600
test_Muroran_00246.jpg,1 312 348 421 600
test_Numazu_00401.jpg,1 136 397 238 552 8 322 392 590 600
test_Numazu_00103.jpg,5 237 372 558 529
test_Sumida_00016.jpg,2 219 433 295 545
test_Muroran_00255.jpg,5 29 313 507 599 5 226 341 600 596
test_Numazu_00078.jpg,6 129 382 353 598
test_Muroran_00343.jpg,2 0 183 272 517
test_Nagakute_00066.jpg,2 278 349 327 590
test_Muroran_00060.jpg,1 122 455 214 595 1 422 441 599 582
test_Numazu_00350.jpg,2 307 317 362 588
test_Chiba_00021.jpg,1 440 479 587 579 5 300 467 393 583
test_Nagakute_00197.jpg,2 144 391 200 597
test_Adachi_00268.jpg,1 247 321 368 433
test_Muroran_00245.jpg,2 244 362 312 600 3 83 502 308 556
test_Numazu_00220.jpg,5 250 321 511 591 6 254 339 500 579
test_Muroran_00117.jpg,2 192 422 283 597 2 0 409 176 562
test_Adachi_00088.jpg,2 188 281 273 483 2 35 264 213 571
test_Numazu_00308.jpg,5 43 472 239 600
test_Muroran_00183.jpg,5 128 286 551 600 5 6 330 360 595
test_Sumida_00055.jpg,2 339 430 407 546 8 384 430 541 561 8 117 442 232 557
test_Nagakute_00265.jpg,2 343 360 600 596 2 146 310 273 538
test_Sumida_00195.jpg,2 0 183 272 517
test_Nagakute_00135.jpg,1 165 504 347 594 8 9 380 209 600 8 355 368 600 587
test_Sumida_00063.jpg,2 398 421 600 527 2 149 427 286 525
test_Adachi_00099.jpg,8 39 287 202 600
test_Adachi_00257.jpg,7 43 175 525 308
test_Numazu_00088.jpg,5 40 394 510 600 5 309 437 600 595 8 5 358 196 595 8 410 471 590 596 8 2 442 130 599
test_Chiba_00068.jpg,2 0 183 272 517
test_Muroran_00070.jpg,2 152 340 269 600
test_Sumida_00224.jpg,7 140 429 600 552
test_Nagakute_00007.jpg,2 50 331 243 600 5 152 322 589 589 5 195 384 358 590
test_Muroran_00286.jpg,5 64 375 489 600
test_Numazu_00090.jpg,2 313 407 408 587
test_Numazu_00251.jpg,8 329 416 450 536
test_Muroran_00012.jpg,5 357 392 595 595
test_Nagakute_00025.jpg,1 59 398 162 543
test_Muroran_00352.jpg,5 106 359 600 591 5 121 390 412 593
test_Muroran_00278.jpg,2 0 183 272 517
test_Muroran_00116.jpg,6 73 382 600 588
test_Numazu_00113.jpg,1 348 343 579 598 2 113 301 240 588 5 335 341 583 588 8 5 309 176 497 8 104 303 242 594
test_Muroran_00262.jpg,5 118 322 582 600
test_Muroran_00243.jpg,2 412 393 520 521 5 186 325 533 589 5 220 362 379 583 8 6 280 223 600
test_Sumida_00044.jpg,2 357 414 477 549
test_Sumida_00052.jpg,2 104 409 249 564
test_Sumida_00095.jpg,1 161 399 262 494
test_Muroran_00422.jpg,1 63 370 171 585
test_Adachi_00120.jpg,2 380 242 561 530
test_Muroran_00342.jpg,2 388 409 594 592 5 0 363 362 595 5 190 418 496 598
test_Nagakute_00004.jpg,1 432 453 584 595 5 85 464 258 600
test_Sumida_00035.jpg,2 324 405 411 541 8 472 441 597 514
test_Adachi_00287.jpg,2 433 332 587 561
test_Adachi_00139.jpg,1 450 419 590 598
test_Adachi_00070.jpg,2 346 366 509 600
test_Muroran_00022.jpg,5 32 447 356 598 5 410 419 600 598 8 315 384 379 545
test_Nagakute_00134.jpg,1 0 428 252 600 2 239 313 403 587
test_Sumida_00046.jpg,2 318 406 378 543
test_Sumida_00087.jpg,2 378 423 489 577
test_Numazu_00221.jpg,2 248 285 359 600 2 272 365 345 598 8 306 329 396 436
test_Nagakute_00096.jpg,1 336 376 469 549 1 196 490 332 595 2 16 285 142 395
test_Sumida_00027.jpg,1 344 430 407 551
test_Adachi_00296.jpg,2 369 310 596 565
test_Ichihara_00014.jpg,1 158 482 267 599 2 417 433 598 584
test_Muroran_00091.jpg,1 9 419 175 600 1 209 454 360 600 1 35 417 143 539 2 305 347 483 598 8 311 354 415 477
test_Adachi_00330.jpg,5 153 217 351 345 5 393 216 590 367 5 189 213 600 363 7 111 263 582 600
test_Adachi_00315.jpg,7 52 181 553 272
test_Sumida_00082.jpg,2 0 183 272 517
test_Muroran_00247.jpg,8 67 370 209 597
test_Nagakute_00032.jpg,2 131 358 222 600
test_Sumida_00053.jpg,8 340 425 431 538
test_Adachi_00277.jpg,2 11 347 104 471
test_Sumida_00128.jpg,8 72 393 171 540
test_Muroran_00172.jpg,5 0 391 453 597
test_Nagakute_00248.jpg,1 68 462 187 593 8 232 314 600 595
test_Numazu_00062.jpg,5 281 411 538 593 5 75 399 201 543 8 267 302 583 544
test_Muroran_00083.jpg,5 232 314 353 499 5 237 325 587 581
test_Nagakute_00259.jpg,1 309 387 491 599 8 1 316 213 592
test_Numazu_00239.jpg,2 0 183 272 517
test_Muroran_00335.jpg,5 349 413 586 600 5 55 339 225 600
test_Nagakute_00235.jpg,1 254 430 458 594 8 3 337 185 505
test_Numazu_00212.jpg,8 320 433 592 599
test_Numazu_00342.jpg,1 105 362 272 597
test_Nagakute_00176.jpg,1 404 457 506 596 2 143 405 236 600
test_Muroran_00003.jpg,5 142 363 451 595
test_Muroran_00409.jpg,5 57 370 548 597 5 298 355 598 600
test_Nagakute_00246.jpg,2 251 369 339 600
test_Numazu_00206.jpg,2 0 183 272 517
test_Sumida_00212.jpg,2 0 183 272 517
test_Numazu_00053.jpg,1 352 378 499 586 2 357 374 503 575 8 398 370 597 567
test_Sumida_00156.jpg,2 193 449 269 559
test_Muroran_00142.jpg,2 0 183 272 517
test_Nagakute_00130.jpg,1 176 433 246 599
test_Numazu_00389.jpg,5 0 351 588 597
test_Adachi_00185.jpg,1 237 343 408 600
test_Sumida_00007.jpg,1 153 431 348 532 8 6 415 90 550
test_Muroran_00052.jpg,1 73 392 306 585 1 399 374 596 509 1 261 495 351 598
test_Chiba_00041.jpg,2 0 183 272 517
test_Numazu_00072.jpg,8 6 287 201 502 8 302 317 489 484
test_Sumida_00076.jpg,2 344 430 415 558
test_Sumida_00186.jpg,2 0 183 272 517
test_Sumida_00088.jpg,2 0 183 272 517
test_Sumida_00080.jpg,8 332 397 431 536
test_Sumida_00019.jpg,7 119 464 600 569
test_Sumida_00131.jpg,8 149 435 261 560
test_Muroran_00206.jpg,5 0 357 330 596
test_Adachi_00238.jpg,2 225 197 286 488
test_Muroran_00263.jpg,1 280 391 469 600 5 0 392 72 596 5 293 390 469 600
test_Muroran_00128.jpg,2 431 382 581 522 8 17 398 188 600
test_Numazu_00272.jpg,5 210 320 367 595 8 301 313 394 438
test_Muroran_00300.jpg,3 329 525 521 587
test_Adachi_00220.jpg,1 359 427 547 582
test_Sumida_00137.jpg,2 9 431 165 538 2 336 436 411 546
test_Muroran_00318.jpg,2 301 372 354 598 5 6 434 228 599
test_Numazu_00343.jpg,7 0 394 541 598
test_Adachi_00198.jpg,2 349 302 590 547
test_Muroran_00252.jpg,2 299 307 371 547
test_Sumida_00145.jpg,8 378 438 553 560
test_Muroran_00224.jpg,5 2 372 241 590 8 322 405 407 590
test_Muroran_00334.jpg,2 277 351 501 542 2 249 327 442 487 2 308 386 585 582
test_Numazu_00360.jpg,1 172 304 252 566 5 0 275 261 596 8 314 292 574 583 8 0 289 160 488
test_Muroran_00401.jpg,8 309 428 411 593
test_Nagakute_00067.jpg,1 140 386 357 593
test_Nagakute_00019.jpg,2 395 304 591 489
test_Numazu_00197.jpg,2 0 183 272 517
test_Muroran_00113.jpg,5 124 369 321 600 5 401 362 591 568
test_Nagakute_00153.jpg,7 0 426 566 600
test_Sumida_00064.jpg,2 108 403 198 525
test_Muroran_00216.jpg,5 19 366 524 600 5 0 365 228 600
test_Numazu_00208.jpg,1 260 451 340 596 1 251 425 410 599 8 323 421 432 509
test_Sumida_00013.jpg,2 414 449 596 596
test_Nagakute_00183.jpg,1 191 407 313 600 8 3 361 125 513
test_Muroran_00379.jpg,5 136 426 309 600
test_Adachi_00223.jpg,2 0 183 272 517
test_Nagakute_00048.jpg,1 53 426 190 594 2 258 374 417 599 8 269 385 413 594
test_Muroran_00241.jpg,1 173 293 248 437 2 177 290 248 433 7 0 423 495 597 8 53 300 191 430
test_Adachi_00059.jpg,2 119 279 293 596
test_Sumida_00144.jpg,2 0 183 272 517
test_Adachi_00160.jpg,2 313 333 396 567
test_Muroran_00154.jpg,5 64 396 468 597
test_Adachi_00138.jpg,2 433 294 598 557
test_Numazu_00400.jpg,2 270 378 352 600 2 113 417 195 600
test_Muroran_00067.jpg,1 353 415 562 600 5 359 419 552 599 8 108 439 253 600
test_Muroran_00026.jpg,2 121 361 275 600 2 324 318 513 600
test_Adachi_00179.jpg,5 252 344 497 596 5 3 418 514 598 8 292 313 529 592
test_Chiba_00063.jpg,8 445 473 600 580
test_Sumida_00167.jpg,8 407 456 590 599
test_Adachi_00231.jpg,1 382 183 593 483 1 158 124 290 511
test_Adachi_00260.jpg,2 440 344 596 485
test_Sumida_00024.jpg,2 212 396 302 520 8 350 428 448 536
test_Nagakute_00122.jpg,2 234 316 354 521 3 99 377 286 433
test_Adachi_00320.jpg,1 149 254 232 416 2 351 164 458 521 2 309 129 420 430 2 302 125 383 319 8 300 171 382 366
test_Numazu_00159.jpg,1 7 405 176 599
test_Adachi_00074.jpg,1 423 418 569 600
test_Muroran_00405.jpg,2 267 321 436 597
test_Chiba_00039.jpg,2 0 183 272 517
test_Muroran_00066.jpg,5 0 371 477 596 6 230 413 521 580
test_Muroran_00148.jpg,2 311 388 367 526 8 497 471 598 592 8 72 397 268 600
test_Muroran_00144.jpg,5 69 444 480 597
test_Muroran_00013.jpg,2 0 183 272 517
test_Sumida_00036.jpg,2 25 443 198 569
test_Muroran_00228.jpg,5 203 431 521 598
test_Muroran_00349.jpg,2 135 333 210 598 8 312 376 418 480
test_Muroran_00364.jpg,8 116 379 279 600
test_Sumida_00202.jpg,2 0 183 272 517
test_Adachi_00302.jpg,2 0 183 272 517
test_Nagakute_00182.jpg,8 302 331 481 559
test_Nagakute_00242.jpg,2 0 383 182 600 2 293 357 434 600
test_Chiba_00082.jpg,2 0 183 272 517
test_Ichihara_00019.jpg,1 239 492 338 595 8 6 431 235 595
test_Numazu_00237.jpg,5 52 398 415 600 5 71 431 219 599 5 231 414 430 598
test_Muroran_00353.jpg,2 0 183 272 517
test_Sumida_00021.jpg,2 0 183 272 517
test_Numazu_00325.jpg,2 0 183 272 517
test_Numazu_00262.jpg,1 56 359 183 460 8 309 288 562 580 8 194 424 303 596
test_Numazu_00207.jpg,7 194 264 460 341
test_Adachi_00215.jpg,2 347 200 523 595
test_Muroran_00412.jpg,5 21 361 479 600 5 220 383 580 600
test_Adachi_00324.jpg,2 167 377 280 595 2 415 396 590 542
test_Numazu_00141.jpg,2 239 342 336 591 8 295 325 519 600
test_Sumida_00122.jpg,7 63 440 528 524
test_Sumida_00116.jpg,2 0 183 272 517
test_Nagakute_00258.jpg,5 354 450 491 563
test_Adachi_00002.jpg,2 76 193 301 600 2 149 196 292 493
test_Sumida_00200.jpg,1 259 439 368 561
test_Numazu_00198.jpg,1 243 298 383 533 5 123 334 600 586 5 239 318 380 597
test_Numazu_00059.jpg,7 13 362 577 583
test_Muroran_00258.jpg,1 12 353 171 600 1 247 383 383 599 1 222 336 330 556 5 10 338 176 599 8 357 412 537 596
test_Numazu_00016.jpg,2 294 312 465 565
test_Muroran_00044.jpg,5 50 367 600 600 5 12 404 358 597
test_Sumida_00104.jpg,2 243 409 383 534 2 366 402 414 500
test_Nagakute_00261.jpg,1 32 434 144 560 8 7 330 206 526
test_Sumida_00211.jpg,8 339 403 547 559
test_Adachi_00022.jpg,1 185 346 275 485 1 288 487 400 598
test_Adachi_00095.jpg,2 192 346 287 594
test_Muroran_00272.jpg,1 65 337 285 586 2 369 393 534 573 8 370 399 539 567
test_Adachi_00294.jpg,2 347 239 509 553 2 395 313 536 586 2 357 245 462 439 7 188 189 521 249
test_Adachi_00084.jpg,1 382 474 489 597 8 47 406 267 598
test_Muroran_00127.jpg,5 266 460 398 591 8 419 338 588 455
test_Adachi_00019.jpg,8 350 437 478 598
test_Adachi_00136.jpg,2 290 85 464 251 7 0 241 542 600
test_Sumida_00154.jpg,8 249 406 344 452
test_Numazu_00188.jpg,1 391 369 550 500
test_Nagakute_00141.jpg,3 144 372 319 432
test_Adachi_00091.jpg,1 138 380 313 600
test_Chiba_00044.jpg,2 0 183 272 517
test_Muroran_00082.jpg,5 0 315 518 597
test_Muroran_00050.jpg,5 197 362 600 595
test_Nagakute_00105.jpg,2 340 451 488 599
test_Muroran_00167.jpg,5 0 331 409 594
test_Sumida_00017.jpg,1 196 427 311 528
test_Adachi_00063.jpg,2 477 284 596 441
test_Numazu_00387.jpg,1 266 384 321 585
test_Numazu_00399.jpg,5 354 376 575 569 6 0 311 291 510
test_Sumida_00103.jpg,7 138 468 600 568
test_Muroran_00057.jpg,5 221 382 518 567 6 264 374 464 539
test_Muroran_00061.jpg,1 427 336 594 529 2 282 417 339 597 2 239 350 351 600 8 72 6 482 161
test_Muroran_00077.jpg,5 31 378 349 600
test_Nagakute_00028.jpg,2 114 447 193 596
test_Muroran_00331.jpg,5 0 325 93 517 7 104 356 587 520
test_Numazu_00040.jpg,8 23 272 212 600
test_Ichihara_00032.jpg,7 45 476 600 600
test_Muroran_00170.jpg,2 0 183 272 517
test_Muroran_00185.jpg,5 66 330 571 600 5 7 315 334 591
test_Nagakute_00110.jpg,2 326 227 574 507 8 17 273 234 555
test_Nagakute_00210.jpg,8 60 399 282 507
test_Muroran_00250.jpg,2 390 372 509 562 5 148 404 288 593 5 89 400 557 596 8 273 471 336 599
test_Chiba_00037.jpg,7 160 493 600 593
test_Sumida_00221.jpg,2 0 183 272 517
test_Numazu_00152.jpg,2 0 183 272 517
test_Muroran_00182.jpg,1 186 415 273 592
test_Sumida_00089.jpg,7 73 443 600 543
test_Muroran_00288.jpg,5 127 339 512 592
test_Muroran_00150.jpg,5 266 294 465 446 5 231 427 574 600
test_Chiba_00031.jpg,2 72 462 193 595
test_Sumida_00075.jpg,2 215 401 289 546
test_Numazu_00075.jpg,5 91 397 265 590
test_Numazu_00234.jpg,1 241 375 306 580
test_Numazu_00091.jpg,1 187 404 267 595 1 284 439 444 595 8 17 277 211 600
test_Chiba_00094.jpg,2 0 183 272 517
test_Adachi_00078.jpg,1 369 305 515 462 8 375 248 598 434
test_Sumida_00012.jpg,2 370 440 503 591
test_Muroran_00306.jpg,2 286 341 335 600
test_Sumida_00073.jpg,2 256 403 350 537
test_Muroran_00171.jpg,5 62 356 600 596
test_Muroran_00105.jpg,8 374 504 521 598
test_Nagakute_00263.jpg,1 295 355 482 559
test_Adachi_00062.jpg,7 61 359 534 495 8 4 374 207 595
test_Adachi_00122.jpg,1 132 251 368 562
test_Sumida_00121.jpg,8 4 436 227 571
test_Muroran_00380.jpg,1 125 458 242 596 5 123 458 242 599 8 394 413 593 599
test_Adachi_00016.jpg,1 379 339 501 598
test_Muroran_00187.jpg,5 4 375 442 599 5 228 359 416 587
test_Adachi_00221.jpg,1 382 415 480 534 8 394 376 557 552
test_Adachi_00317.jpg,2 0 342 154 493 8 445 366 597 492
test_Adachi_00207.jpg,1 414 214 591 440
test_Adachi_00218.jpg,2 449 206 560 534 7 0 227 353 523
test_Adachi_00015.jpg,1 107 112 254 516
test_Adachi_00209.jpg,1 397 285 510 445 2 3 168 170 496
test_Numazu_00186.jpg,5 247 338 557 520 5 263 337 431 471
test_Numazu_00304.jpg,2 281 245 584 582 8 286 259 600 599
test_Sumida_00222.jpg,2 0 183 272 517
test_Numazu_00153.jpg,8 395 392 599 600
test_Nagakute_00273.jpg,1 75 474 158 596 2 240 223 312 503 5 312 318 576 592 8 7 234 208 586
test_Muroran_00032.jpg,5 42 336 475 594 5 313 377 600 582 8 382 376 600 567
test_Numazu_00377.jpg,2 79 346 253 590
test_Adachi_00234.jpg,2 0 183 272 517
test_Nagakute_00272.jpg,1 444 417 578 526
test_Chiba_00060.jpg,8 198 474 327 591
test_Numazu_00182.jpg,1 63 508 156 599 1 292 442 428 600 2 287 423 422 600 5 285 444 427 600
test_Adachi_00293.jpg,2 0 183 272 517
test_Ichihara_00005.jpg,2 471 431 598 555 8 21 409 246 597
test_Nagakute_00118.jpg,8 328 361 588 600
test_Sumida_00054.jpg,2 0 183 272 517
test_Numazu_00054.jpg,2 249 368 346 600
test_Nagakute_00188.jpg,8 288 375 502 598
test_Numazu_00058.jpg,5 66 424 347 595
test_Adachi_00082.jpg,2 89 264 264 450 2 501 236 598 375
test_Muroran_00307.jpg,5 88 404 570 600 5 0 464 68 593
test_Adachi_00003.jpg,2 0 320 174 472
test_Muroran_00010.jpg,2 140 378 276 600 2 302 364 352 600
test_Numazu_00404.jpg,6 216 359 498 583
test_Numazu_00227.jpg,5 74 405 588 600 5 306 432 588 591 8 46 356 224 591
test_Nagakute_00011.jpg,5 106 321 549 546 7 66 322 537 567 8 217 312 516 548
test_Muroran_00254.jpg,1 376 382 587 579 1 352 360 534 515 1 99 368 191 471 8 342 387 434 525 8 7 380 166 568
test_Nagakute_00033.jpg,1 76 489 160 600 2 229 355 500 600
test_Muroran_00175.jpg,5 65 393 538 596
test_Sumida_00057.jpg,7 186 434 577 542
test_Numazu_00122.jpg,1 2 389 134 579
test_Sumida_00127.jpg,2 0 183 272 517
test_Sumida_00149.jpg,2 0 183 272 517
test_Numazu_00024.jpg,2 182 383 247 591 3 226 427 477 484 8 376 341 600 563 8 1 335 152 523
test_Nagakute_00005.jpg,5 44 417 305 599
test_Chiba_00093.jpg,5 295 456 375 595
test_Muroran_00358.jpg,2 0 183 272 517
test_Sumida_00092.jpg,2 0 183 272 517
test_Adachi_00093.jpg,2 213 347 271 599 2 220 288 287 528 2 366 276 447 568 8 158 341 600 557 8 112 335 520 471
test_Numazu_00106.jpg,5 103 409 600 586
test_Muroran_00051.jpg,1 8 442 164 597 5 255 320 526 600 5 5 374 154 533
test_Muroran_00209.jpg,5 101 347 600 594
test_Nagakute_00024.jpg,5 0 447 351 598
test_Sumida_00183.jpg,2 0 183 272 517
test_Numazu_00079.jpg,1 211 411 279 580 8 279 393 563 592
test_Adachi_00056.jpg,2 347 240 505 545 2 390 309 533 587 2 357 246 462 446 7 183 191 518 251
test_Numazu_00158.jpg,2 312 285 473 576
test_Nagakute_00269.jpg,5 3 334 413 583
test_Sumida_00177.jpg,8 452 432 597 552
test_Numazu_00050.jpg,7 43 390 600 582
test_Nagakute_00223.jpg,5 178 387 429 543
test_Numazu_00236.jpg,5 0 342 479 600 6 41 372 276 589
test_Muroran_00362.jpg,5 193 367 464 600 8 473 464 600 585
test_Muroran_00316.jpg,5 69 354 291 600
test_Numazu_00167.jpg,7 0 377 525 600
test_Nagakute_00207.jpg,2 257 242 465 566 2 309 261 592 520 3 358 408 543 476
test_Numazu_00253.jpg,2 286 289 542 593
test_Chiba_00003.jpg,2 401 447 571 580 8 90 493 299 598
test_Muroran_00118.jpg,2 299 377 361 597 5 327 414 600 600
test_Nagakute_00082.jpg,1 407 376 514 475 1 408 364 600 517 2 105 354 284 600
test_Adachi_00202.jpg,2 101 373 312 585
test_Muroran_00411.jpg,5 0 360 438 597
test_Adachi_00076.jpg,8 195 279 514 552 8 64 273 318 520 8 304 204 586 539
test_Muroran_00369.jpg,7 0 435 529 600
test_Muroran_00400.jpg,2 344 434 438 598 6 0 418 277 595
test_Adachi_00316.jpg,1 175 395 239 594
test_Ichihara_00016.jpg,2 0 183 272 517
test_Nagakute_00271.jpg,1 327 360 571 596 1 425 430 570 596 2 319 460 406 595 8 84 260 222 600
test_Muroran_00166.jpg,5 32 405 538 591
test_Nagakute_00107.jpg,2 138 376 224 600 8 269 340 499 586
test_Chiba_00032.jpg,1 408 457 583 591
test_Muroran_00191.jpg,1 1 449 350 590 5 81 452 600 599
test_Adachi_00278.jpg,8 359 303 600 533
test_Numazu_00392.jpg,2 272 320 349 576
test_Numazu_00314.jpg,2 262 387 331 600
test_Numazu_00015.jpg,5 24 292 403 585
test_Adachi_00310.jpg,2 308 101 421 517 2 328 211 448 586
test_Nagakute_00018.jpg,1 7 376 122 497
test_Chiba_00009.jpg,8 222 507 391 595
test_Sumida_00178.jpg,2 0 183 272 517
test_Nagakute_00050.jpg,8 258 399 382 599
test_Numazu_00026.jpg,1 263 314 381 448
test_Muroran_00393.jpg,5 45 402 535 600
test_Numazu_00044.jpg,2 127 283 231 592
test_Muroran_00291.jpg,1 227 344 297 600
test_Muroran_00363.jpg,1 170 480 260 599 2 412 385 584 559 8 399 378 582 560
test_Adachi_00169.jpg,1 182 313 306 575 2 344 293 600 423
test_Adachi_00267.jpg,2 389 282 468 517
test_Chiba_00028.jpg,2 0 183 272 517
test_Sumida_00214.jpg,8 74 458 203 563
test_Adachi_00044.jpg,2 92 146 228 428 2 5 154 155 284 2 57 199 191 526
test_Muroran_00203.jpg,5 142 362 600 569 5 191 354 516 512
test_Numazu_00305.jpg,1 16 457 198 598 1 0 424 310 582 8 0 420 369 539
test_Muroran_00168.jpg,5 239 363 600 594
test_Numazu_00140.jpg,8 195 519 600 600
test_Numazu_00008.jpg,2 0 183 272 517
test_Chiba_00062.jpg,2 0 183 272 517
test_Nagakute_00165.jpg,2 5 363 182 593 4 27 368 583 457 4 174 479 600 583
test_Sumida_00155.jpg,2 77 421 431 556 2 147 427 284 553
test_Muroran_00129.jpg,2 360 363 573 598 2 103 434 205 600 2 110 348 246 600
test_Sumida_00129.jpg,2 184 446 306 564 2 409 452 568 588
test_Chiba_00024.jpg,2 0 183 272 517
test_Sumida_00189.jpg,1 294 418 373 530
test_Muroran_00114.jpg,2 386 496 487 598
test_Sumida_00163.jpg,2 0 183 272 517
test_Numazu_00156.jpg,2 306 308 484 569 3 240 391 423 449 8 314 315 587 550
test_Numazu_00334.jpg,1 219 457 300 587
test_Muroran_00139.jpg,2 0 183 272 517
test_Sumida_00113.jpg,2 0 183 272 517
test_Ichihara_00018.jpg,8 428 413 600 549
test_Adachi_00011.jpg,2 222 316 471 581 8 4 254 93 426
test_Sumida_00011.jpg,2 111 478 247 576 5 246 440 422 571 8 384 426 514 577
test_Nagakute_00129.jpg,2 226 330 469 600 5 253 374 583 600
test_Adachi_00170.jpg,1 417 349 598 524 5 243 351 533 597
test_Adachi_00239.jpg,1 483 380 597 553
test_Numazu_00300.jpg,2 282 411 363 518 2 88 383 188 501
test_Sumida_00107.jpg,2 0 183 272 517
test_Numazu_00166.jpg,1 65 401 191 595 8 3 288 189 556 8 0 395 90 549
test_Numazu_00319.jpg,2 0 183 272 517
test_Muroran_00146.jpg,5 258 463 599 600
test_Nagakute_00169.jpg,2 226 308 372 593 2 234 309 328 477 3 51 450 331 507
test_Nagakute_00264.jpg,5 53 320 416 592
test_Sumida_00174.jpg,8 405 394 597 567
test_Numazu_00135.jpg,1 170 353 257 583 1 36 338 509 596 2 3 333 142 498
test_Numazu_00345.jpg,2 0 183 272 517
test_Muroran_00327.jpg,2 273 318 332 600 8 461 488 578 599
test_Nagakute_00189.jpg,1 283 425 378 542
test_Chiba_00071.jpg,2 0 183 272 517
test_Muroran_00096.jpg,5 269 460 397 594 8 413 334 590 451
test_Sumida_00153.jpg,8 342 407 426 551
test_Nagakute_00088.jpg,1 0 352 246 581 8 311 347 541 597
test_Numazu_00002.jpg,2 0 183 272 517
test_Numazu_00124.jpg,1 129 409 231 594 2 282 295 492 591 8 421 357 596 507
test_Muroran_00027.jpg,5 206 488 308 600
test_Nagakute_00205.jpg,2 303 384 438 600
test_Numazu_00341.jpg,2 164 283 434 588 8 367 378 536 528
test_Adachi_00175.jpg,2 353 280 450 582
test_Muroran_00157.jpg,2 202 305 281 566
test_Adachi_00057.jpg,2 0 183 272 517
test_Adachi_00306.jpg,2 252 267 422 575
test_Muroran_00087.jpg,5 214 392 497 599
test_Adachi_00119.jpg,7 70 320 600 560
test_Muroran_00225.jpg,1 219 399 353 584 8 4 370 289 580
test_Adachi_00144.jpg,7 0 309 439 398 8 307 375 561 580
test_Muroran_00237.jpg,1 179 372 315 584 1 434 382 595 586 8 362 406 512 587
test_Adachi_00254.jpg,2 321 142 454 528 2 333 181 425 428 8 8 153 177 368
test_Nagakute_00060.jpg,2 0 183 272 517
test_Adachi_00325.jpg,2 11 321 200 475
test_Numazu_00121.jpg,4 80 377 566 472
test_Sumida_00179.jpg,2 357 423 474 535
test_Muroran_00094.jpg,2 311 497 352 600
test_Adachi_00300.jpg,1 259 498 352 599
test_Muroran_00043.jpg,1 0 311 367 554 1 228 323 456 590 5 40 315 495 592
test_Adachi_00188.jpg,2 0 183 272 517
test_Nagakute_00131.jpg,1 52 346 212 495 1 282 357 389 525 8 0 345 184 519
test_Chiba_00087.jpg,1 350 499 447 587 2 487 475 599 574 8 187 478 325 559
test_Adachi_00042.jpg,8 387 212 600 554
test_Nagakute_00270.jpg,1 47 350 201 520 1 245 355 333 539 8 0 295 211 463
test_Muroran_00320.jpg,5 252 366 600 600
test_Adachi_00210.jpg,8 82 364 395 599
test_Muroran_00124.jpg,1 238 385 303 558 3 25 482 290 541 5 322 340 485 596 8 367 409 454 593
test_Nagakute_00179.jpg,7 303 391 597 594
test_Numazu_00270.jpg,7 290 416 600 543
test_Chiba_00091.jpg,2 0 183 272 517
test_Muroran_00165.jpg,1 157 367 273 542 5 302 315 600 585 8 411 394 565 564
test_Numazu_00074.jpg,2 269 271 472 586 8 270 284 455 551
test_Ichihara_00039.jpg,7 167 444 600 599
test_Adachi_00229.jpg,1 422 460 575 598 2 433 456 576 597
test_Sumida_00187.jpg,2 347 398 508 546
test_Nagakute_00006.jpg,5 0 384 312 600
test_Adachi_00118.jpg,2 0 183 272 517
test_Sumida_00039.jpg,7 0 436 454 530
test_Adachi_00272.jpg,2 353 204 532 548 8 1 176 261 595 8 374 208 575 352 8 266 173 346 213
test_Adachi_00235.jpg,7 38 156 575 285
test_Sumida_00065.jpg,2 0 183 272 517
test_Numazu_00287.jpg,1 5 442 148 590
test_Sumida_00219.jpg,2 343 391 444 539 2 230 392 312 531 8 369 396 600 567
test_Sumida_00132.jpg,2 393 443 501 557
test_Nagakute_00119.jpg,5 293 393 452 564
test_Adachi_00280.jpg,2 0 183 272 517
test_Nagakute_00231.jpg,1 172 347 275 467 2 300 306 348 475 8 122 315 266 472
test_Muroran_00280.jpg,2 268 352 331 540 5 244 432 600 600 8 421 507 536 600
test_Sumida_00220.jpg,2 206 399 287 542
test_Numazu_00329.jpg,1 191 324 268 455 1 221 308 363 475 8 38 253 230 580
test_Muroran_00215.jpg,5 205 445 600 598
test_Adachi_00186.jpg,2 39 228 207 521 2 160 233 226 512 3 113 226 535 331
test_Numazu_00245.jpg,6 167 287 321 595
test_Chiba_00059.jpg,2 0 183 272 517
test_Nagakute_00069.jpg,8 302 367 568 600
test_Numazu_00362.jpg,2 236 364 317 578 5 451 453 597 593
test_Sumida_00066.jpg,5 54 432 363 556
test_Sumida_00157.jpg,8 140 409 271 548 8 349 426 460 549
test_Numazu_00162.jpg,1 285 330 439 506 8 0 282 199 600
test_Muroran_00325.jpg,1 235 381 290 586 1 54 373 187 554
test_Sumida_00218.jpg,2 243 401 298 531
test_Muroran_00274.jpg,2 0 183 272 517
test_Numazu_00085.jpg,5 99 369 529 591
test_Nagakute_00195.jpg,2 0 183 272 517
test_Sumida_00172.jpg,7 119 449 571 549
test_Nagakute_00253.jpg,8 345 477 501 600
test_Numazu_00145.jpg,1 319 337 489 584 2 312 334 486 589
test_Ichihara_00036.jpg,7 86 430 600 596
test_Ichihara_00015.jpg,2 0 183 272 517
test_Numazu_00367.jpg,5 91 424 233 590 5 91 421 431 587
test_Numazu_00031.jpg,1 323 334 526 565 5 317 334 528 567 8 2 242 216 587
test_Numazu_00402.jpg,2 0 183 272 517
test_Nagakute_00211.jpg,2 0 183 272 517
test_Adachi_00023.jpg,2 82 280 243 578 8 281 240 494 297
test_Muroran_00081.jpg,2 391 396 557 581
test_Nagakute_00098.jpg,8 297 303 600 582
test_Adachi_00047.jpg,1 117 311 272 537
test_Numazu_00019.jpg,5 117 468 453 596 5 282 416 546 600 8 298 421 522 600 8 2 448 119 567
test_Adachi_00097.jpg,1 0 318 115 464 1 6 316 168 541
test_Nagakute_00200.jpg,2 295 392 560 597
test_Numazu_00012.jpg,1 21 286 187 453 5 441 356 594 521 8 7 279 197 465
test_Adachi_00071.jpg,2 328 297 406 422
test_Numazu_00200.jpg,5 214 342 529 600
test_Sumida_00090.jpg,8 260 433 343 579
test_Numazu_00322.jpg,2 366 354 599 587
test_Muroran_00097.jpg,5 136 458 428 540 8 345 358 504 551 8 401 429 558 599
test_Muroran_00372.jpg,1 348 383 600 600
test_Adachi_00037.jpg,2 0 183 272 517
test_Muroran_00301.jpg,2 0 183 272 517
test_Muroran_00355.jpg,2 179 342 311 598 5 333 316 566 600 5 170 352 311 547
test_Sumida_00158.jpg,2 140 392 257 527
test_Numazu_00043.jpg,2 299 456 385 598
test_Nagakute_00037.jpg,7 7 376 577 564
test_Numazu_00213.jpg,1 113 360 554 579 3 113 393 520 559 8 2 262 287 474 8 469 303 594 546
test_Numazu_00195.jpg,5 0 416 323 595
test_Sumida_00032.jpg,7 114 497 600 591
test_Muroran_00267.jpg,5 80 318 526 565 5 279 320 600 600
test_Numazu_00289.jpg,5 174 407 600 600 5 165 399 351 600 5 357 444 600 600
test_Numazu_00199.jpg,8 338 335 596 560 8 1 317 121 463
test_Nagakute_00051.jpg,1 86 410 211 596 8 281 339 590 600 8 9 315 178 531
test_Nagakute_00106.jpg,7 113 374 385 428
test_Numazu_00283.jpg,2 114 424 195 582 5 130 416 269 587 5 70 309 592 590
test_Numazu_00109.jpg,1 109 309 384 591 1 223 400 369 581 1 144 331 328 516
test_Muroran_00064.jpg,5 106 371 600 594 5 0 445 330 595 5 0 413 538 543
test_Muroran_00330.jpg,5 178 325 347 414 5 36 393 592 589
test_Nagakute_00063.jpg,2 0 314 191 495 2 226 306 304 600 5 160 401 289 600
test_Adachi_00304.jpg,2 472 408 600 566
test_Muroran_00049.jpg,5 36 341 292 596
test_Numazu_00150.jpg,5 249 363 600 528
test_Nagakute_00251.jpg,8 366 336 592 548
test_Adachi_00156.jpg,7 0 236 508 444 7 0 269 577 579
test_Ichihara_00010.jpg,8 286 416 334 596
test_Numazu_00242.jpg,5 287 373 586 590 8 90 279 259 598
test_Adachi_00038.jpg,2 381 389 594 556
test_Muroran_00259.jpg,2 0 183 272 517
test_Numazu_00068.jpg,1 404 438 569 599 5 147 396 417 598
test_Muroran_00266.jpg,5 76 366 579 600
test_Adachi_00171.jpg,2 346 316 600 561 8 426 391 597 555
test_Chiba_00077.jpg,1 269 462 549 590 2 388 455 549 593 3 64 477 495 582 5 85 469 524 585
test_Muroran_00220.jpg,5 150 382 600 599 6 353 441 519 586
test_Numazu_00264.jpg,2 355 410 460 579 5 29 377 213 581 8 198 322 346 470
test_Sumida_00139.jpg,2 0 183 272 517
test_Sumida_00083.jpg,2 405 419 578 532 2 53 444 213 557 8 58 439 217 555
test_Adachi_00184.jpg,1 187 192 272 435
test_Nagakute_00237.jpg,1 61 395 184 581 1 200 405 284 536
test_Adachi_00028.jpg,2 308 178 536 598 2 302 171 461 464
test_Numazu_00005.jpg,1 391 478 594 595 5 74 482 537 597 5 145 485 361 600
test_Adachi_00212.jpg,1 71 371 239 537
test_Ichihara_00040.jpg,1 190 439 306 596 8 483 446 599 544
test_Sumida_00112.jpg,7 122 449 600 560
test_Nagakute_00056.jpg,2 10 259 222 549
test_Numazu_00142.jpg,5 426 374 589 551 8 0 275 204 534
test_Nagakute_00143.jpg,5 263 321 550 600 8 5 282 185 489
test_Ichihara_00008.jpg,1 189 435 317 600 8 468 448 597 562
test_Numazu_00351.jpg,3 234 391 600 494
test_Adachi_00108.jpg,2 12 89 180 356
test_Numazu_00111.jpg,8 8 414 182 580 8 293 332 369 567 8 0 289 171 427
test_Chiba_00042.jpg,1 319 440 404 542 2 77 442 195 538
test_Nagakute_00148.jpg,8 441 459 586 596
test_Numazu_00382.jpg,7 146 327 549 449
test_Muroran_00072.jpg,5 0 380 164 560 5 240 332 480 590
test_Numazu_00179.jpg,2 319 304 600 585 6 216 489 354 587
test_Muroran_00428.jpg,5 113 327 576 593
test_Numazu_00037.jpg,2 34 405 114 600 5 3 426 140 600
test_Muroran_00230.jpg,2 0 183 272 517
test_Chiba_00005.jpg,8 429 457 600 574 8 187 471 312 589
test_Muroran_00177.jpg,5 128 348 566 596 5 284 367 554 540 6 339 393 525 487 8 353 388 501 538
test_Sumida_00130.jpg,2 351 410 425 546
test_Nagakute_00222.jpg,2 295 374 596 530
test_Chiba_00047.jpg,2 108 509 271 592 2 487 474 592 550
test_Adachi_00101.jpg,2 388 299 490 432
test_Muroran_00173.jpg,2 0 183 272 517
test_Muroran_00042.jpg,2 410 374 583 600
test_Numazu_00276.jpg,7 104 380 600 563
test_Sumida_00097.jpg,7 9 421 453 548
test_Ichihara_00007.jpg,1 138 417 299 589 8 385 389 597 583 8 27 405 275 596
test_Numazu_00295.jpg,2 318 395 411 587 8 3 301 160 464 8 339 356 527 572 8 278 272 427 481
test_Numazu_00209.jpg,2 325 414 437 599
test_Nagakute_00145.jpg,8 45 402 181 600
test_Adachi_00125.jpg,7 136 338 559 427 8 414 431 587 599 8 1 382 166 580
test_Numazu_00252.jpg,1 12 473 169 578 5 4 472 168 590
test_Muroran_00065.jpg,5 194 358 595 598
test_Adachi_00100.jpg,7 0 415 471 600 7 69 445 600 593
test_Sumida_00148.jpg,2 0 183 272 517
test_Muroran_00218.jpg,2 201 318 257 562 2 30 362 161 531 8 3 320 148 472
test_Nagakute_00249.jpg,2 168 332 250 600
test_Chiba_00072.jpg,2 186 504 327 595
test_Numazu_00104.jpg,5 134 359 573 588 5 35 310 356 600
test_Numazu_00298.jpg,1 66 438 322 600 8 363 369 555 600 8 3 298 221 499
test_Sumida_00207.jpg,2 0 183 272 517
test_Sumida_00191.jpg,2 0 183 272 517
test_Adachi_00281.jpg,2 3 295 205 592 8 433 309 600 457
test_Ichihara_00027.jpg,1 154 385 293 578 8 390 381 598 532 8 0 403 240 593
test_Numazu_00066.jpg,2 315 328 499 581 2 285 274 444 484 5 299 312 505 578
test_Sumida_00215.jpg,2 0 183 272 517
test_Sumida_00114.jpg,8 403 467 598 598
test_Numazu_00073.jpg,7 0 426 470 600
test_Nagakute_00151.jpg,8 303 352 600 597
test_Numazu_00129.jpg,5 274 420 550 588 6 241 279 414 384
test_Numazu_00102.jpg,5 193 361 578 600 5 152 343 390 595
test_Muroran_00169.jpg,1 444 492 533 599 5 0 381 275 527
test_Numazu_00035.jpg,2 248 324 328 584 8 51 323 196 600
test_Chiba_00040.jpg,8 306 476 384 595
test_Adachi_00147.jpg,2 312 317 391 600
test_Muroran_00395.jpg,8 386 371 502 456
test_Nagakute_00215.jpg,1 37 384 153 591 1 322 437 470 540 8 0 328 118 511
test_Chiba_00012.jpg,2 0 183 272 517
test_Muroran_00192.jpg,1 270 359 341 554 8 369 376 590 590
test_Numazu_00279.jpg,2 294 423 375 595 2 69 430 188 595 8 336 417 489 596 8 11 443 166 587
test_Numazu_00018.jpg,7 0 373 504 600
test_Muroran_00019.jpg,5 30 356 553 590 5 10 398 191 600 5 468 363 597 572
test_Muroran_00317.jpg,1 121 374 290 600
test_Adachi_00148.jpg,1 445 444 592 599
test_Muroran_00396.jpg,5 86 346 575 600
test_Ichihara_00006.jpg,5 137 394 591 596 5 44 423 370 598
test_Adachi_00232.jpg,8 394 446 529 600
test_Muroran_00403.jpg,5 157 390 482 600
test_Sumida_00049.jpg,2 332 423 400 541 8 377 423 535 553
test_Muroran_00123.jpg,2 0 183 272 517
test_Adachi_00279.jpg,1 331 303 536 600 1 315 305 430 444 2 2 304 204 488
test_Nagakute_00232.jpg,5 79 401 518 600 5 296 421 478 592
test_Adachi_00189.jpg,2 488 369 596 527 2 122 179 274 548 2 0 233 131 361
test_Chiba_00083.jpg,8 472 495 596 583 8 200 462 329 589
test_Muroran_00202.jpg,5 219 359 504 496
test_Numazu_00098.jpg,1 399 478 593 598 6 155 438 411 598
test_Adachi_00055.jpg,2 0 241 292 536 7 6 208 332 496 8 0 205 322 527
test_Muroran_00264.jpg,2 104 352 228 600 2 153 301 253 537
test_Numazu_00371.jpg,5 55 342 525 591 5 0 390 265 600
test_Chiba_00066.jpg,2 0 183 272 517
test_Numazu_00320.jpg,2 362 370 587 589 2 70 351 191 600
test_Muroran_00145.jpg,2 0 183 272 517
test_Muroran_00152.jpg,5 63 405 501 600
test_Chiba_00014.jpg,7 115 511 600 593
test_Sumida_00223.jpg,2 315 391 383 537 8 339 393 518 549
test_Numazu_00001.jpg,5 25 466 259 598
test_Numazu_00022.jpg,5 424 334 599 600
test_Muroran_00265.jpg,5 204 348 430 591 8 443 360 551 456
test_Numazu_00358.jpg,1 220 425 287 591 8 263 379 513 597
test_Numazu_00025.jpg,2 336 340 492 587 5 238 325 561 589
test_Muroran_00308.jpg,2 0 183 272 517
test_Ichihara_00011.jpg,3 261 534 449 600
test_Numazu_00247.jpg,5 17 483 475 600
test_Adachi_00048.jpg,7 83 156 557 264 8 482 246 600 377 8 141 487 600 600
test_Adachi_00233.jpg,1 301 170 438 354
test_Nagakute_00193.jpg,2 314 306 502 560 5 145 360 275 542 8 5 327 247 600
test_Sumida_00099.jpg,2 136 424 272 547
test_Adachi_00194.jpg,2 412 361 588 568
test_Chiba_00043.jpg,1 437 485 582 581 8 224 477 326 594
test_Muroran_00392.jpg,5 111 370 600 600
test_Nagakute_00166.jpg,2 201 340 262 600
test_Nagakute_00101.jpg,5 174 311 600 577 8 210 233 262 554
test_Nagakute_00077.jpg,2 333 320 455 598 2 333 319 411 512 8 44 350 266 600
test_Sumida_00119.jpg,7 7 443 560 555
test_Numazu_00089.jpg,5 214 357 494 592
test_Nagakute_00177.jpg,5 39 348 513 600
test_Muroran_00188.jpg,2 0 183 272 517
test_Numazu_00130.jpg,5 1 394 265 562 5 70 393 413 600
test_Muroran_00034.jpg,2 405 367 592 590 5 53 357 574 598
test_Chiba_00054.jpg,8 59 433 207 600
test_Adachi_00193.jpg,2 387 365 538 592
test_Ichihara_00012.jpg,5 124 423 600 593
test_Muroran_00161.jpg,5 320 387 600 597
test_Muroran_00281.jpg,5 261 331 600 595 8 430 358 547 436 8 222 311 275 600
test_Muroran_00106.jpg,2 1 395 130 560 5 260 354 463 499
test_Numazu_00194.jpg,1 111 381 248 590 8 333 344 473 495 8 4 332 140 488
test_Muroran_00337.jpg,2 0 183 272 517
test_Muroran_00196.jpg,5 22 349 548 598
test_Sumida_00162.jpg,2 136 406 271 547
test_Numazu_00330.jpg,5 22 341 198 600 5 216 348 469 590 5 0 329 428 595
test_Nagakute_00002.jpg,2 271 378 408 597
test_Muroran_00285.jpg,2 318 332 513 600 5 68 359 548 595
test_Sumida_00084.jpg,2 0 183 272 517
test_Nagakute_00094.jpg,7 0 466 472 596
test_Numazu_00318.jpg,2 311 380 531 600 2 216 365 264 599 8 71 380 224 600
test_Chiba_00085.jpg,8 420 490 522 594
test_Sumida_00133.jpg,2 184 377 290 504
test_Adachi_00146.jpg,2 352 362 450 555
test_Numazu_00291.jpg,5 62 434 307 597
test_Muroran_00208.jpg,3 127 391 286 450 8 286 323 584 505
test_Nagakute_00042.jpg,1 260 410 406 600 8 354 370 591 533
test_Nagakute_00045.jpg,5 191 328 600 598
test_Nagakute_00103.jpg,5 139 466 357 600 8 247 375 389 600
test_Muroran_00121.jpg,5 3 408 495 600 5 168 464 587 596
test_Adachi_00043.jpg,2 404 222 593 492 2 237 178 312 427 8 429 254 600 530
test_Numazu_00205.jpg,2 0 183 272 517
test_Sumida_00146.jpg,2 212 415 276 543 8 102 431 233 551 8 392 435 591 565
test_Muroran_00017.jpg,5 54 363 534 571 5 389 374 596 597
test_Muroran_00231.jpg,5 167 289 562 565 5 17 384 191 599 5 231 505 428 596
test_Muroran_00427.jpg,2 0 183 272 517
test_Muroran_00324.jpg,2 0 183 272 517
test_Sumida_00109.jpg,7 463 466 580 563 8 461 469 583 569
test_Numazu_00266.jpg,1 226 466 288 598
test_Muroran_00048.jpg,5 0 416 523 598 5 4 423 139 585 5 176 451 576 600
test_Muroran_00134.jpg,1 184 425 264 598 8 386 403 536 600 8 0 380 175 563
test_Adachi_00116.jpg,2 208 237 284 506
test_Sumida_00069.jpg,8 431 467 594 599
test_Muroran_00076.jpg,2 0 183 272 517
test_Adachi_00230.jpg,7 0 267 500 579 7 0 208 527 444
test_Adachi_00205.jpg,2 0 183 272 517
test_Nagakute_00230.jpg,2 278 312 407 590 5 88 411 298 590
test_Numazu_00112.jpg,1 134 444 283 585 5 308 455 506 600 5 142 443 487 595
test_Nagakute_00053.jpg,2 0 183 272 517
test_Numazu_00100.jpg,5 265 425 439 597
test_Adachi_00041.jpg,2 378 263 546 558 2 145 236 243 419 2 80 407 171 573 2 124 201 259 511
test_Adachi_00143.jpg,1 365 362 472 539
test_Numazu_00084.jpg,2 0 183 272 517
test_Muroran_00314.jpg,5 33 384 545 600 5 295 390 600 600 8 346 393 429 509
test_Muroran_00302.jpg,1 252 511 411 600 8 72 502 247 599
test_Chiba_00073.jpg,1 301 483 395 589
test_Muroran_00002.jpg,5 0 416 445 600
test_Muroran_00311.jpg,2 0 183 272 517
test_Muroran_00004.jpg,2 278 379 337 597 5 27 384 238 594
test_Muroran_00276.jpg,5 193 410 499 583
test_Nagakute_00137.jpg,1 185 428 272 584
test_Muroran_00054.jpg,5 276 278 439 414 5 146 482 531 600
test_Sumida_00185.jpg,8 216 399 295 536
test_Muroran_00181.jpg,2 361 406 476 534
test_Adachi_00007.jpg,5 0 230 393 549 5 179 269 600 507
test_Nagakute_00219.jpg,1 93 488 173 600 8 226 360 579 593
test_Adachi_00027.jpg,2 0 183 272 517
test_Sumida_00126.jpg,2 0 183 272 517
test_Chiba_00067.jpg,2 0 447 109 562
test_Nagakute_00035.jpg,1 334 434 433 562 1 88 341 208 570
test_Nagakute_00079.jpg,1 37 379 180 597
test_Adachi_00214.jpg,1 34 406 147 551 2 373 345 597 600 8 354 321 576 595
test_Muroran_00360.jpg,5 114 385 600 598
test_Adachi_00065.jpg,8 451 413 600 594
test_Sumida_00010.jpg,2 249 370 294 540
test_Muroran_00390.jpg,2 366 368 490 591
test_Adachi_00126.jpg,2 436 254 598 494
test_Adachi_00050.jpg,2 377 362 589 600
test_Adachi_00152.jpg,2 206 357 261 553
test_Nagakute_00234.jpg,2 247 326 300 593
test_Numazu_00219.jpg,5 134 373 600 591
test_Muroran_00368.jpg,5 59 397 555 600 5 437 363 595 445 8 514 439 599 543
test_Nagakute_00156.jpg,5 68 403 252 587 8 4 363 207 583
test_Sumida_00014.jpg,7 69 452 578 552
test_Adachi_00009.jpg,2 355 326 570 600 8 354 332 558 597
test_Muroran_00233.jpg,2 164 345 224 600
test_Nagakute_00245.jpg,2 166 316 239 589 2 286 344 600 598 8 5 288 138 461 8 292 356 597 596
test_Adachi_00133.jpg,2 417 269 591 520 2 328 266 382 570
test_Muroran_00239.jpg,5 15 420 541 599
test_Adachi_00192.jpg,2 233 105 339 512 8 466 354 600 538
test_Numazu_00038.jpg,5 263 433 600 594
test_Adachi_00297.jpg,2 0 117 173 458
test_Muroran_00253.jpg,5 90 381 573 599
test_Sumida_00175.jpg,2 0 183 272 517
test_Numazu_00257.jpg,5 72 294 414 406
test_Muroran_00140.jpg,5 136 327 573 595
test_Numazu_00004.jpg,1 186 437 259 566 3 179 506 600 595
test_Muroran_00001.jpg,8 54 402 225 598
test_Numazu_00307.jpg,8 0 264 197 559
test_Numazu_00327.jpg,2 102 424 188 565 7 268 431 600 566
test_Adachi_00012.jpg,2 395 389 577 597
test_Numazu_00127.jpg,2 121 395 188 599 5 139 460 449 600
test_Numazu_00394.jpg,5 49 390 582 596 6 143 333 228 536 8 147 351 206 595
test_Adachi_00301.jpg,2 335 177 425 343 2 398 298 548 588
test_Chiba_00017.jpg,8 99 503 267 595
test_Sumida_00160.jpg,2 398 440 560 592
test_Sumida_00008.jpg,2 0 183 272 517
test_Muroran_00236.jpg,5 69 369 410 600
test_Muroran_00329.jpg,2 0 183 272 517
test_Muroran_00200.jpg,2 48 371 228 600 5 175 364 585 599 8 226 395 271 598
test_Muroran_00242.jpg,5 152 411 589 597 5 365 440 598 600
test_Ichihara_00033.jpg,1 211 462 310 585 8 474 442 596 565 8 5 481 179 595
test_Sumida_00025.jpg,2 329 397 419 521
test_Muroran_00184.jpg,2 0 183 272 517
test_Sumida_00026.jpg,2 0 183 272 517
test_Adachi_00159.jpg,8 224 310 276 587 8 449 327 600 440
test_Muroran_00102.jpg,1 461 414 593 578 8 0 365 244 597 8 436 447 582 592 8 65 335 272 523
test_Muroran_00268.jpg,1 381 359 501 486
test_Nagakute_00138.jpg,8 351 322 588 600
test_Numazu_00316.jpg,1 5 292 204 522 3 132 395 559 480 3 326 418 575 479 5 6 293 213 516
test_Nagakute_00064.jpg,1 297 491 410 600
test_Ichihara_00044.jpg,2 0 183 272 517
test_Muroran_00347.jpg,5 269 367 600 597
test_Muroran_00338.jpg,5 99 352 366 594
test_Sumida_00204.jpg,2 0 183 272 517
test_Numazu_00269.jpg,5 62 301 521 576
test_Numazu_00143.jpg,1 311 364 478 577 8 2 314 178 503
test_Muroran_00339.jpg,1 135 456 315 600 5 135 358 596 597
test_Adachi_00006.jpg,2 32 369 121 530
test_Muroran_00377.jpg,5 157 365 600 597
test_Nagakute_00095.jpg,5 28 407 246 597 8 464 434 600 571
test_Sumida_00171.jpg,2 0 183 272 517
test_Chiba_00056.jpg,5 439 498 577 585
test_Muroran_00210.jpg,5 97 384 493 600
test_Muroran_00046.jpg,5 214 388 468 600
test_Sumida_00188.jpg,1 197 443 300 534 2 107 404 224 548
test_Muroran_00040.jpg,5 4 392 141 596 5 160 378 312 586
test_Numazu_00191.jpg,5 287 372 445 591
test_Chiba_00030.jpg,2 449 475 600 578 8 220 481 339 593
test_Nagakute_00136.jpg,1 135 323 295 595 5 146 344 290 593
test_Nagakute_00046.jpg,2 228 303 320 592
test_Sumida_00050.jpg,2 338 405 405 544
test_Nagakute_00268.jpg,3 368 401 600 459 5 86 280 348 600 8 81 246 232 591
test_Chiba_00022.jpg,1 478 488 592 576
test_Muroran_00394.jpg,5 109 365 600 600 5 64 403 391 600
test_Numazu_00331.jpg,2 0 183 272 517
test_Adachi_00049.jpg,3 150 278 369 401
test_Ichihara_00050.jpg,7 125 424 600 554 7 0 420 475 528
test_Numazu_00046.jpg,2 257 297 376 595
test_Muroran_00164.jpg,5 17 349 249 566
test_Chiba_00081.jpg,2 305 493 414 598
test_Ichihara_00009.jpg,1 246 422 353 597 2 43 434 248 587 5 141 430 597 600 8 185 388 327 567
test_Chiba_00013.jpg,2 0 183 272 517
test_Numazu_00369.jpg,2 246 295 323 577 5 259 333 517 587 5 94 404 193 532
test_Numazu_00014.jpg,6 82 388 496 587
test_Adachi_00137.jpg,1 422 287 599 439
test_Muroran_00018.jpg,1 251 428 359 597
test_Nagakute_00203.jpg,2 329 349 600 600 5 1 419 184 599 8 325 350 590 597
test_Numazu_00363.jpg,1 123 321 185 447 2 193 274 267 534 3 223 436 452 505
test_Adachi_00222.jpg,1 475 291 596 466 5 171 438 463 580 5 198 460 600 586
test_Muroran_00359.jpg,5 239 351 572 573 5 167 324 491 514 5 397 378 590 591 8 482 403 595 527
test_Sumida_00077.jpg,2 0 183 272 517
test_Adachi_00311.jpg,2 387 347 463 537
test_Adachi_00255.jpg,2 350 370 423 599 8 138 372 291 513
test_Numazu_00041.jpg,2 1 289 195 535 2 304 357 392 587
test_Muroran_00249.jpg,5 6 338 263 499
test_Sumida_00070.jpg,7 98 436 571 523
test_Numazu_00133.jpg,2 352 465 436 597
test_Adachi_00158.jpg,5 146 370 583 600
test_Adachi_00114.jpg,3 231 452 478 525
test_Adachi_00284.jpg,2 251 383 366 595
test_Muroran_00361.jpg,5 33 370 331 600 8 258 388 572 540
test_Muroran_00199.jpg,8 416 393 577 594
test_Adachi_00174.jpg,8 391 137 600 304
test_Adachi_00173.jpg,2 346 345 559 600
test_Numazu_00139.jpg,2 38 399 211 572 2 506 502 599 586
test_Adachi_00187.jpg,1 123 347 242 509 2 421 263 585 547 8 135 207 296 405
test_Sumida_00003.jpg,1 163 415 305 533 5 160 414 304 534
test_Muroran_00101.jpg,5 38 326 453 588
test_Muroran_00323.jpg,5 45 365 551 600
test_Chiba_00015.jpg,1 22 513 172 595 7 0 510 490 598 7 176 505 600 595
test_Muroran_00367.jpg,5 381 319 596 591
test_Nagakute_00052.jpg,2 29 350 183 596
test_Muroran_00351.jpg,2 120 380 206 542
test_Adachi_00282.jpg,1 341 198 506 471 1 41 220 260 508 1 158 208 278 355
test_Adachi_00045.jpg,2 354 223 508 550 8 187 286 391 541
test_Ichihara_00020.jpg,7 95 434 600 590
test_Muroran_00038.jpg,5 24 383 514 600 8 401 483 498 594
test_Numazu_00177.jpg,1 127 411 218 577 6 129 462 540 597
test_Nagakute_00218.jpg,2 176 313 301 595
test_Adachi_00111.jpg,1 302 240 494 497 2 295 235 490 508 7 82 151 367 294
test_Sumida_00199.jpg,2 167 411 284 558 8 371 426 586 578
test_Numazu_00196.jpg,1 8 322 156 508 1 301 302 540 579 8 262 257 549 548
test_Adachi_00034.jpg,7 38 412 594 596 8 8 412 153 598 8 275 387 587 600
test_Numazu_00057.jpg,5 38 406 525 597 8 17 368 198 597 8 431 469 599 595
test_Numazu_00123.jpg,2 21 319 190 556 5 229 392 441 598 8 17 316 194 594
test_Adachi_00182.jpg,2 342 172 563 590
test_Nagakute_00115.jpg,7 0 397 411 491
test_Muroran_00039.jpg,1 488 437 600 600 5 273 441 600 596
test_Sumida_00210.jpg,2 0 183 272 517
test_Adachi_00010.jpg,2 426 215 587 411 2 245 259 333 600
test_Muroran_00099.jpg,5 7 369 408 594 5 199 357 461 600
test_Muroran_00056.jpg,5 72 375 305 599
test_Muroran_00350.jpg,5 21 313 300 595 5 441 435 600 596
test_Ichihara_00004.jpg,1 287 461 385 596
test_Adachi_00181.jpg,2 13 263 233 536
test_Adachi_00323.jpg,2 0 183 272 517
test_Numazu_00032.jpg,1 128 387 208 499 1 137 324 226 490 8 3 280 177 440 8 302 309 600 553
test_Nagakute_00075.jpg,2 368 321 597 573 5 116 339 285 599 8 267 325 320 587
test_Sumida_00071.jpg,8 110 421 283 553
test_Numazu_00007.jpg,2 332 368 588 570
test_Numazu_00172.jpg,1 178 316 250 448 8 337 297 598 525
test_Muroran_00235.jpg,2 325 388 482 573 2 308 401 382 598
test_Adachi_00112.jpg,2 0 183 272 517
test_Nagakute_00212.jpg,2 0 183 272 517
test_Muroran_00095.jpg,5 59 376 514 595
test_Muroran_00062.jpg,5 375 342 600 598
test_Numazu_00238.jpg,2 301 322 496 590
test_Adachi_00026.jpg,1 200 442 419 598
test_Numazu_00151.jpg,2 271 295 397 586 8 374 394 600 598
test_Chiba_00080.jpg,1 420 478 508 588
test_Numazu_00116.jpg,1 192 360 285 560
test_Numazu_00398.jpg,5 123 352 309 451 8 9 266 200 472 8 341 338 485 522
test_Sumida_00120.jpg,2 0 183 272 517
test_Adachi_00177.jpg,8 426 292 570 590
test_Sumida_00136.jpg,7 91 462 564 553
test_Adachi_00298.jpg,2 357 332 501 600
test_Nagakute_00255.jpg,5 35 378 287 600 5 0 373 503 598 5 298 389 464 505
test_Chiba_00023.jpg,2 0 183 272 517
test_Numazu_00224.jpg,5 59 421 443 600
test_Sumida_00093.jpg,8 142 437 274 551
test_Muroran_00147.jpg,5 299 353 515 600
test_Numazu_00278.jpg,2 0 183 272 517
test_Nagakute_00065.jpg,2 163 403 230 600 2 177 344 240 559
test_Numazu_00027.jpg,2 0 183 272 517
test_Muroran_00382.jpg,2 7 330 185 517 2 276 280 341 433 5 276 416 442 496
test_Sumida_00184.jpg,2 322 413 381 550
test_Numazu_00335.jpg,2 5 286 215 531 2 212 406 263 599 5 341 331 587 596 5 328 304 469 416
test_Sumida_00085.jpg,1 417 447 598 563
test_Numazu_00299.jpg,1 301 318 551 573 1 93 452 188 587 2 11 343 189 560 5 298 315 479 485 8 282 319 537 555
test_Muroran_00303.jpg,5 15 305 267 587
test_Numazu_00265.jpg,2 264 377 488 600 8 5 386 188 600
test_Nagakute_00164.jpg,1 355 361 578 579 2 230 241 338 600
test_Numazu_00214.jpg,5 0 351 474 600 5 0 335 220 591 5 140 463 569 600
test_Adachi_00211.jpg,1 86 219 265 506 1 346 203 523 455
test_Muroran_00197.jpg,2 426 347 594 515 8 52 396 231 592 8 109 373 252 546
test_Muroran_00159.jpg,1 292 413 376 597 2 105 373 225 593 8 370 392 472 492
test_Sumida_00159.jpg,2 179 433 310 562
test_Numazu_00217.jpg,5 190 419 599 599
test_Ichihara_00041.jpg,1 168 421 296 593 8 389 396 600 596 8 8 407 270 599
test_Ichihara_00031.jpg,2 464 427 600 556
test_Nagakute_00071.jpg,1 409 411 583 594
test_Muroran_00189.jpg,5 8 360 251 600
test_Adachi_00066.jpg,7 0 396 563 600
test_Muroran_00178.jpg,1 96 436 271 596 8 1 352 205 511
test_Numazu_00042.jpg,2 0 183 272 517
test_Nagakute_00020.jpg,5 0 328 512 597 5 197 315 493 556 8 0 249 194 424 8 0 273 164 553
test_Adachi_00244.jpg,8 378 487 471 600
test_Numazu_00061.jpg,1 478 473 590 590 1 303 446 428 574
test_Adachi_00274.jpg,1 217 319 485 600 2 168 282 422 556
test_Numazu_00337.jpg,2 248 403 376 600 8 23 381 194 596 8 367 475 597 600
test_Chiba_00053.jpg,2 257 485 420 580
test_Sumida_00062.jpg,2 0 183 272 517
test_Numazu_00271.jpg,2 294 318 551 571 8 283 299 589 561 8 79 294 539 507
test_Nagakute_00160.jpg,8 59 326 230 599
test_Adachi_00053.jpg,2 90 341 302 578 8 395 299 530 534
test_Nagakute_00247.jpg,2 267 338 330 572 8 4 313 267 554 8 359 344 587 600
test_Muroran_00021.jpg,5 331 508 473 600
test_Muroran_00374.jpg,2 357 389 497 574
test_Nagakute_00068.jpg,7 20 354 576 546
test_Sumida_00101.jpg,2 0 183 272 517
test_Adachi_00295.jpg,2 353 308 577 594
test_Numazu_00181.jpg,2 252 281 407 598 2 369 347 593 544
test_Numazu_00406.jpg,2 14 315 212 592 5 290 337 564 593
test_Numazu_00203.jpg,5 335 389 564 577 5 138 302 486 576
test_Sumida_00142.jpg,8 320 396 419 540
test_Numazu_00346.jpg,5 211 434 348 507
test_Muroran_00229.jpg,1 249 415 378 591 5 306 344 552 600
test_Numazu_00332.jpg,2 317 330 386 451 2 2 328 107 421
test_Muroran_00414.jpg,5 42 343 526 597
test_Numazu_00047.jpg,2 308 306 542 584
test_Nagakute_00172.jpg,2 255 327 313 591
test_Muroran_00073.jpg,1 427 492 549 599 2 456 389 600 480
test_Muroran_00287.jpg,1 201 438 355 600
test_Adachi_00162.jpg,2 409 241 598 539 2 66 235 244 452
test_Chiba_00057.jpg,2 194 496 292 592 8 433 456 600 572
test_Numazu_00146.jpg,1 308 334 497 584 2 307 330 492 574
test_Nagakute_00238.jpg,1 397 349 590 513 5 109 378 600 581
test_Numazu_00376.jpg,5 66 389 490 600 5 34 396 233 600 8 160 425 459 600
test_Numazu_00216.jpg,5 67 331 237 600
test_Adachi_00140.jpg,8 428 390 591 600
test_Adachi_00058.jpg,1 305 119 541 408
test_Numazu_00297.jpg,5 293 443 460 600
test_Muroran_00084.jpg,2 232 362 331 600
test_Sumida_00147.jpg,2 0 183 272 517
test_Muroran_00217.jpg,5 109 422 279 595
test_Nagakute_00158.jpg,2 286 313 585 600 8 315 308 591 530
test_Adachi_00080.jpg,1 89 319 232 545 2 315 316 537 600 2 89 312 231 538 8 327 320 568 586
test_Adachi_00256.jpg,1 175 447 316 596 8 487 348 600 488
test_Numazu_00011.jpg,5 0 331 494 600 5 218 320 578 588
test_Sumida_00182.jpg,1 361 462 454 576
test_Muroran_00119.jpg,1 179 378 445 596 5 19 365 290 600 5 26 406 555 600 5 208 366 464 594
test_Nagakute_00206.jpg,1 286 419 376 524 8 0 303 206 519
test_Adachi_00252.jpg,1 285 331 389 443 1 328 422 570 582 8 327 309 600 459
test_Nagakute_00184.jpg,1 149 462 205 598 2 320 407 541 598 8 42 344 170 594
test_Numazu_00365.jpg,2 0 183 272 517
test_Nagakute_00142.jpg,1 338 341 502 526 2 200 296 305 597 5 334 335 501 517
test_Muroran_00075.jpg,8 78 373 246 600
test_Adachi_00305.jpg,8 38 240 125 600 8 73 160 141 438
test_Nagakute_00257.jpg,5 318 317 503 600 8 138 254 289 592
test_Muroran_00093.jpg,2 186 382 253 595 5 130 400 545 597
test_Numazu_00048.jpg,7 0 336 485 524
test_Adachi_00145.jpg,3 28 466 524 574 5 110 384 600 587
test_Sumida_00048.jpg,8 375 442 476 549
test_Nagakute_00133.jpg,5 13 468 532 599
test_Muroran_00356.jpg,1 494 336 595 494 1 156 373 361 579 8 365 352 440 583
test_Muroran_00289.jpg,5 240 368 593 600 8 429 439 524 595
test_Muroran_00336.jpg,8 488 434 600 600
test_Numazu_00056.jpg,7 33 412 600 600
test_Muroran_00009.jpg,5 70 401 526 594 5 323 436 600 586
test_Numazu_00137.jpg,1 184 373 276 574 1 362 347 594 594
test_Muroran_00089.jpg,5 262 474 460 595 5 0 406 102 530
test_Numazu_00301.jpg,2 303 276 502 564 5 0 332 408 584
test_Muroran_00271.jpg,2 301 355 445 600 5 325 363 583 556
test_Muroran_00133.jpg,6 278 325 410 600
test_Nagakute_00100.jpg,2 0 183 272 517
test_Sumida_00020.jpg,2 206 384 283 527
test_Nagakute_00243.jpg,2 358 459 513 596
test_Nagakute_00111.jpg,5 93 380 503 598
test_Muroran_00227.jpg,2 349 306 592 600 2 342 281 519 512
test_Sumida_00203.jpg,8 243 477 492 534
test_Sumida_00022.jpg,7 195 433 583 543
test_Chiba_00055.jpg,2 404 455 591 566 8 195 494 309 595
test_Sumida_00038.jpg,2 273 433 346 543
test_Adachi_00163.jpg,2 381 327 561 543
test_Sumida_00061.jpg,2 368 439 440 554 8 410 399 597 532 8 38 462 189 561
test_Muroran_00037.jpg,5 206 353 600 597
test_Sumida_00034.jpg,1 340 401 392 459 7 150 442 560 537
test_Adachi_00178.jpg,2 32 274 256 600 7 12 272 409 427
test_Numazu_00051.jpg,5 0 357 485 581
test_Nagakute_00001.jpg,2 24 337 249 600 2 409 370 600 534
test_Numazu_00232.jpg,2 275 314 416 600
test_Nagakute_00267.jpg,2 52 332 238 600 5 423 353 589 578 5 250 292 364 399 8 10 314 235 597
test_Sumida_00152.jpg,2 368 423 507 552
test_Adachi_00001.jpg,2 0 212 239 592 2 5 201 170 458
test_Numazu_00052.jpg,2 130 366 214 579 2 61 344 218 598
test_Adachi_00102.jpg,5 30 173 198 483
test_Adachi_00309.jpg,2 5 156 178 392 3 53 301 500 387 3 6 318 243 390
test_Sumida_00181.jpg,7 114 504 600 589
test_Nagakute_00186.jpg,1 219 463 296 598 1 152 445 420 593 2 324 424 516 596
test_Numazu_00260.jpg,2 0 183 272 517
test_Numazu_00248.jpg,2 232 307 302 583 5 126 407 260 504
test_Adachi_00052.jpg,3 145 310 600 411 3 130 342 440 389
test_Adachi_00092.jpg,2 201 325 309 589
test_Numazu_00286.jpg,5 41 374 260 600
test_Nagakute_00097.jpg,8 0 356 152 471
test_Sumida_00074.jpg,7 69 451 513 569
test_Adachi_00303.jpg,2 2 335 176 600
test_Nagakute_00104.jpg,2 321 324 600 569 8 320 314 600 560
test_Adachi_00115.jpg,2 296 324 344 592 8 516 422 600 535
test_Muroran_00426.jpg,5 43 427 584 600
test_Muroran_00370.jpg,1 0 354 235 590 1 157 466 286 600 8 416 488 511 600
test_Numazu_00187.jpg,1 364 440 507 592
test_Nagakute_00090.jpg,2 411 323 597 412 7 98 373 600 595
test_Adachi_00142.jpg,8 371 348 588 597
test_Numazu_00328.jpg,5 84 496 239 598 6 54 498 235 600 8 261 275 523 585 8 2 315 162 516 8 373 400 559 596
test_Muroran_00162.jpg,5 0 403 521 599 6 165 388 588 592
test_Chiba_00033.jpg,8 11 415 212 580
test_Numazu_00280.jpg,2 253 313 340 557
test_Muroran_00304.jpg,5 214 346 569 592
test_Muroran_00086.jpg,2 0 183 272 517
test_Muroran_00025.jpg,2 6 372 199 593 5 278 433 407 600 8 317 467 397 595
test_Numazu_00148.jpg,1 75 310 207 600 1 78 299 140 557 3 172 415 465 477
test_Numazu_00263.jpg,5 190 378 442 586 8 156 313 234 436
test_Adachi_00033.jpg,2 0 183 272 517
test_Nagakute_00039.jpg,1 83 410 206 599 8 1 300 198 525
test_Numazu_00020.jpg,1 24 422 201 600 2 165 406 221 600 5 23 415 226 599
test_Muroran_00378.jpg,5 103 367 587 565 5 261 386 600 522
test_Nagakute_00150.jpg,2 217 360 270 600 4 25 455 431 561
test_Nagakute_00102.jpg,2 375 334 429 597 8 18 370 254 600
test_Nagakute_00171.jpg,1 78 359 202 502
test_Chiba_00027.jpg,1 67 475 154 584
test_Numazu_00293.jpg,1 331 373 600 584 5 208 350 461 588
test_Numazu_00296.jpg,6 73 384 268 600
test_Adachi_00285.jpg,8 441 321 589 466
test_Muroran_00190.jpg,1 72 459 187 600 1 46 385 217 595 8 347 364 578 600 8 8 341 217 595
test_Muroran_00193.jpg,1 452 515 537 600 8 13 313 230 600
test_Numazu_00215.jpg,5 76 337 565 579 5 98 369 342 587 5 289 298 600 555 8 0 246 210 488 8 282 279 600 558
test_Ichihara_00035.jpg,1 386 438 495 600
test_Adachi_00259.jpg,5 68 276 600 545 5 4 226 556 436
test_Adachi_00064.jpg,2 0 183 272 517
test_Nagakute_00009.jpg,8 316 309 538 527 8 355 381 600 600 8 0 345 75 599
test_Adachi_00288.jpg,2 374 254 558 590
test_Nagakute_00224.jpg,2 86 342 176 432 2 256 434 321 592
test_Adachi_00206.jpg,2 0 183 272 517
test_Numazu_00347.jpg,2 135 402 204 551
test_Sumida_00004.jpg,2 0 183 272 517
test_Sumida_00023.jpg,2 318 393 405 535 8 317 398 404 532
test_Muroran_00277.jpg,5 178 382 383 586 5 445 483 600 597 5 148 352 579 595 5 215 412 377 511 8 439 483 586 600
test_Muroran_00155.jpg,5 221 514 406 600 5 0 418 488 598 5 415 524 592 599
test_Adachi_00200.jpg,2 432 346 600 518 8 445 358 600 508
test_Adachi_00166.jpg,2 146 296 206 597
test_Nagakute_00055.jpg,5 26 389 535 594
test_Numazu_00077.jpg,1 270 399 364 581
test_Adachi_00104.jpg,7 0 189 498 547
test_Adachi_00226.jpg,2 270 302 600 532 2 269 293 487 453
test_Nagakute_00124.jpg,1 309 392 576 600 1 100 387 273 576 8 4 366 162 573
test_Nagakute_00076.jpg,2 241 317 409 594 5 102 380 511 598
test_Muroran_00136.jpg,5 101 346 445 596
test_Numazu_00082.jpg,1 262 428 406 598 8 14 391 202 600
test_Muroran_00011.jpg,2 0 183 272 517
test_Muroran_00030.jpg,2 374 356 511 600 5 0 360 371 584
test_Sumida_00002.jpg,2 316 441 396 550
test_Adachi_00039.jpg,2 234 180 339 510 8 359 203 594 393 8 318 330 566 531 8 2 196 185 396
test_Adachi_00132.jpg,2 3 418 185 546 2 331 313 386 592 8 168 303 319 430
test_Sumida_00005.jpg,7 142 456 567 537
test_Nagakute_00026.jpg,5 137 412 282 599 8 4 342 136 444
test_Numazu_00282.jpg,2 0 183 272 517
test_Numazu_00349.jpg,8 121 311 294 387
test_Sumida_00108.jpg,2 0 183 272 517
test_Numazu_00173.jpg,2 163 267 250 474
test_Adachi_00079.jpg,8 154 305 228 582
test_Sumida_00161.jpg,8 327 393 574 550
test_Chiba_00086.jpg,2 0 183 272 517
test_Muroran_00406.jpg,7 86 383 591 522
test_Sumida_00173.jpg,1 5 460 150 564 2 149 409 263 553
test_Numazu_00255.jpg,8 302 366 429 597
test_Sumida_00115.jpg,2 199 406 317 555 8 465 428 596 537
test_Muroran_00256.jpg,5 14 345 462 581 5 51 383 195 598 5 213 351 402 552
test_Muroran_00429.jpg,5 31 360 275 597
test_Numazu_00125.jpg,7 57 434 600 597
test_Numazu_00069.jpg,2 165 374 248 476 5 474 463 594 598
test_Adachi_00067.jpg,2 189 390 252 600 2 349 326 493 509 8 345 312 567 600 8 340 322 494 507
test_Chiba_00090.jpg,7 25 508 584 600
test_Numazu_00223.jpg,1 307 424 404 600
test_Sumida_00206.jpg,2 0 183 272 517
test_Muroran_00248.jpg,5 273 383 600 600
test_Sumida_00140.jpg,2 0 183 272 517
test_Nagakute_00014.jpg,5 0 403 478 600 5 312 399 497 593 8 22 465 225 592
test_Nagakute_00059.jpg,8 331 402 589 598 8 0 335 180 525
test_Numazu_00094.jpg,5 211 327 387 413
test_Muroran_00296.jpg,2 0 183 272 517
test_Adachi_00283.jpg,1 383 293 591 483 1 386 320 517 445
test_Numazu_00045.jpg,1 273 434 402 595 2 76 351 223 600
test_Numazu_00055.jpg,2 269 369 448 600
test_Chiba_00050.jpg,2 403 456 600 567
test_Muroran_00340.jpg,2 50 370 125 529 3 423 383 586 441
test_Numazu_00375.jpg,3 0 489 461 589 5 254 451 413 600
test_Numazu_00021.jpg,1 201 343 346 557 2 37 306 187 551 8 249 320 357 445
test_Numazu_00149.jpg,5 0 392 502 598 5 227 413 576 599
test_Numazu_00190.jpg,1 82 356 192 472 2 352 385 560 600 2 244 314 321 485
test_Numazu_00099.jpg,1 174 496 288 599 2 452 469 586 550 5 173 494 293 598
test_Nagakute_00054.jpg,1 75 383 211 516
test_Muroran_00158.jpg,5 0 508 511 600 5 0 524 142 597
test_Numazu_00067.jpg,5 295 335 593 596 8 0 293 191 584
test_Adachi_00008.jpg,2 427 354 599 496
test_Muroran_00222.jpg,7 144 356 598 457 8 92 493 214 597
test_Muroran_00319.jpg,1 226 466 339 587 2 318 288 400 462 3 240 457 600 549
test_Adachi_00149.jpg,2 231 314 284 600
test_Muroran_00088.jpg,1 332 314 430 600
test_Nagakute_00209.jpg,5 116 490 444 600
test_Chiba_00064.jpg,8 357 423 563 579
test_Numazu_00120.jpg,5 228 319 461 594
test_Adachi_00241.jpg,2 113 444 214 595
test_Nagakute_00117.jpg,2 224 359 479 600
test_Adachi_00245.jpg,1 442 329 557 515
test_Numazu_00244.jpg,2 290 390 336 600 8 338 397 498 600
test_Nagakute_00081.jpg,1 93 400 197 531
test_Muroran_00309.jpg,5 289 433 600 595
test_Sumida_00216.jpg,7 82 436 599 528
test_Muroran_00036.jpg,2 27 408 199 592
test_Adachi_00307.jpg,5 72 418 280 548 8 386 347 600 551
test_Adachi_00248.jpg,5 180 285 600 566 5 391 297 596 520 8 443 281 597 449
test_Adachi_00191.jpg,1 491 244 599 432
test_Sumida_00228.jpg,2 0 183 272 517
test_Adachi_00167.jpg,2 369 335 445 536
test_Adachi_00258.jpg,2 379 366 569 600
test_Numazu_00243.jpg,8 2 309 169 519
test_Numazu_00115.jpg,2 0 183 272 517
test_Muroran_00270.jpg,3 0 491 460 594 5 67 342 478 586 5 171 332 385 528 8 321 336 473 555
test_Muroran_00092.jpg,5 0 338 309 599
test_Nagakute_00044.jpg,1 354 455 436 565 8 271 365 407 467
test_Ichihara_00017.jpg,7 164 413 600 520 7 0 426 484 523
test_Ichihara_00043.jpg,5 195 398 600 600 5 151 401 368 600
test_Numazu_00324.jpg,1 251 375 578 524 8 116 370 292 475
test_Sumida_00138.jpg,2 0 183 272 517
test_Adachi_00183.jpg,1 440 267 599 465
test_Muroran_00399.jpg,5 91 326 342 596
test_Muroran_00214.jpg,1 276 344 415 589 1 523 441 596 568 8 5 355 296 600 8 71 312 365 536
test_Numazu_00189.jpg,5 139 327 600 600
test_Adachi_00312.jpg,1 11 128 216 383
test_Muroran_00063.jpg,1 364 372 591 544 1 298 366 468 517
test_Muroran_00375.jpg,1 204 350 270 564 1 200 440 264 600
test_Muroran_00341.jpg,8 2 344 254 536 8 368 447 437 593
test_Numazu_00326.jpg,5 258 285 599 589 8 322 272 600 504
test_Numazu_00274.jpg,2 414 392 581 580
test_Adachi_00017.jpg,2 241 274 313 556
test_Adachi_00227.jpg,8 105 219 211 306
test_Nagakute_00108.jpg,2 180 397 284 596
test_Adachi_00024.jpg,2 42 209 276 600
test_Adachi_00326.jpg,2 371 177 595 452 8 2 155 166 448
test_Chiba_00051.jpg,1 419 494 501 587
test_Numazu_00169.jpg,5 73 293 215 584
test_Muroran_00332.jpg,5 345 357 600 600
test_Adachi_00168.jpg,1 358 461 433 600 2 356 450 436 598 8 19 299 254 484
test_Muroran_00033.jpg,1 263 430 357 600 5 122 372 600 589 8 416 446 512 600
test_Numazu_00096.jpg,5 12 443 146 581
test_Muroran_00234.jpg,5 179 380 600 600 5 201 416 457 599
test_Adachi_00271.jpg,7 139 336 600 588 7 13 337 425 561
test_Muroran_00279.jpg,1 326 446 445 600 2 52 387 188 591 2 281 372 345 598 8 333 461 438 596 8 4 383 113 492
test_Numazu_00231.jpg,5 68 364 508 591 5 1 414 310 597
test_Nagakute_00157.jpg,1 386 423 561 599
test_Adachi_00129.jpg,2 424 245 586 420 8 1 227 215 417
test_Nagakute_00266.jpg,1 236 321 298 492 1 17 378 160 481
test_Numazu_00228.jpg,1 281 408 366 558 8 272 415 354 554
test_Muroran_00387.jpg,1 250 387 328 581 2 29 364 172 600 2 268 402 351 591
test_Numazu_00070.jpg,5 18 421 391 584 8 292 390 446 595
test_Nagakute_00175.jpg,5 162 363 466 558
test_Nagakute_00192.jpg,2 310 330 583 593 8 337 341 600 595
test_Muroran_00282.jpg,5 278 417 552 558
test_Muroran_00080.jpg,2 217 364 344 599 2 383 349 472 599
test_Chiba_00008.jpg,1 276 477 368 572 2 432 428 563 589
test_Numazu_00226.jpg,5 47 353 502 599
test_Nagakute_00080.jpg,5 181 389 369 600
test_Numazu_00355.jpg,2 242 394 314 591 5 267 438 600 597
test_Muroran_00421.jpg,1 223 400 292 599
test_Numazu_00009.jpg,5 61 358 546 592
test_Chiba_00065.jpg,1 194 485 300 598
test_Sumida_00192.jpg,1 287 431 416 533
test_Adachi_00077.jpg,2 405 411 453 596
test_Nagakute_00236.jpg,1 269 386 348 541 1 273 425 370 592
test_Numazu_00081.jpg,1 279 339 450 584 8 41 256 226 585
test_Adachi_00176.jpg,2 403 307 499 459
test_Chiba_00007.jpg,8 367 427 506 577
test_Numazu_00383.jpg,2 413 328 541 590 2 293 305 369 585
test_Sumida_00150.jpg,8 395 431 555 565
test_Numazu_00275.jpg,2 320 288 416 588
test_Chiba_00016.jpg,1 325 474 405 580 2 468 482 600 574
test_Nagakute_00194.jpg,2 199 322 293 582
test_Numazu_00313.jpg,2 110 323 178 472 8 1 268 110 420
test_Nagakute_00126.jpg,1 243 383 416 596 2 286 342 600 591
test_Numazu_00136.jpg,2 127 378 215 573
test_Muroran_00107.jpg,5 45 375 479 599
test_Adachi_00319.jpg,2 490 338 597 496 2 372 190 476 341
test_Numazu_00138.jpg,5 90 429 600 595 5 0 378 198 507
test_Muroran_00151.jpg,1 436 440 594 599 1 323 434 425 597 1 192 407 252 597 5 441 444 598 599
test_Sumida_00117.jpg,2 342 421 431 526 8 124 437 239 556 8 459 445 597 524
test_Adachi_00328.jpg,1 379 209 577 561 1 439 333 583 555 1 141 280 249 402
test_Muroran_00016.jpg,1 477 427 568 598
test_Numazu_00175.jpg,1 170 430 250 595 8 270 405 533 597 8 2 390 199 561
test_Muroran_00110.jpg,1 225 361 517 590 2 330 395 547 600
test_Adachi_00025.jpg,2 301 268 394 462 2 297 293 361 560
test_Nagakute_00252.jpg,8 256 304 535 595 8 366 444 548 596
test_Numazu_00010.jpg,8 38 314 196 594
test_Numazu_00023.jpg,2 277 316 332 447 8 94 327 206 455
test_Adachi_00094.jpg,2 406 301 597 494 8 398 279 600 499
test_Adachi_00264.jpg,1 301 348 500 526 5 292 355 464 519
test_Adachi_00292.jpg,2 282 237 334 518
test_Sumida_00110.jpg,2 0 183 272 517
test_Nagakute_00220.jpg,2 239 294 456 600 3 169 466 360 519
test_Muroran_00135.jpg,5 302 359 600 600 5 154 358 509 596
test_Numazu_00183.jpg,5 199 347 486 598 5 37 370 381 507
test_Numazu_00294.jpg,5 138 376 256 592 8 0 286 172 472
test_Numazu_00163.jpg,1 261 392 550 592
test_Nagakute_00155.jpg,1 340 432 555 599 5 333 422 571 594
test_Numazu_00154.jpg,7 60 409 522 517 7 0 400 394 552 8 0 394 405 563
test_Muroran_00408.jpg,5 205 352 600 599 8 457 386 596 561
test_Numazu_00273.jpg,2 214 276 347 600
test_Nagakute_00214.jpg,2 20 297 192 572
test_Nagakute_00161.jpg,2 266 319 546 580
test_Numazu_00003.jpg,1 303 322 392 415 7 0 376 528 600
test_Muroran_00015.jpg,1 163 420 305 595 5 184 411 505 598
test_Muroran_00126.jpg,2 355 390 426 590
test_Adachi_00113.jpg,2 0 183 272 517
test_Nagakute_00123.jpg,5 68 354 467 600 5 286 362 462 586
test_Sumida_00001.jpg,2 0 183 272 517
test_Numazu_00174.jpg,1 293 338 480 552 8 5 249 213 569
test_Muroran_00423.jpg,1 344 433 516 600 5 113 393 548 600
test_Ichihara_00051.jpg,1 434 406 594 600 5 53 391 491 600 5 324 389 598 600 8 25 389 314 598
test_Adachi_00123.jpg,2 0 183 272 517
test_Adachi_00109.jpg,2 481 426 599 559
test_Nagakute_00208.jpg,1 28 408 160 600 8 309 489 418 598
test_Numazu_00017.jpg,2 0 183 272 517
test_Numazu_00039.jpg,2 261 345 501 584 2 395 505 488 599 2 259 348 386 491
test_Adachi_00036.jpg,2 429 244 600 438
test_Sumida_00213.jpg,2 331 399 439 530 8 323 397 433 529
test_Sumida_00225.jpg,8 389 430 565 560
test_Nagakute_00228.jpg,5 0 329 344 596 5 2 384 132 595
test_Muroran_00371.jpg,2 282 390 435 596 2 128 395 206 600
test_Nagakute_00015.jpg,7 0 420 511 600
test_Nagakute_00225.jpg,7 120 342 598 442 8 481 425 597 560 8 1 428 121 566
test_Muroran_00221.jpg,5 109 313 566 597
test_Adachi_00290.jpg,2 317 306 475 582 2 332 325 440 475 8 368 340 467 452
test_Numazu_00352.jpg,5 84 418 574 598 5 71 429 325 595 5 295 412 529 575
test_Chiba_00004.jpg,7 32 514 489 600
test_Muroran_00108.jpg,5 91 365 418 600
test_Numazu_00118.jpg,1 88 346 189 509 2 214 280 269 587 8 306 298 514 547
test_Sumida_00079.jpg,2 271 398 403 550 8 66 413 208 562
test_Adachi_00107.jpg,2 358 186 566 517 2 453 344 598 579 8 37 161 273 589 8 389 198 598 353 8 270 165 352 211
test_Adachi_00291.jpg,1 390 367 590 581 8 381 366 593 587
test_Numazu_00128.jpg,5 224 401 480 593 6 0 304 406 599
test_Sumida_00009.jpg,8 53 446 241 537 8 332 435 524 564
test_Numazu_00134.jpg,1 208 357 292 491 8 4 283 206 599 8 322 287 599 468
test_Nagakute_00047.jpg,5 86 373 546 598
test_Muroran_00212.jpg,5 128 345 425 594
test_Adachi_00060.jpg,2 0 183 272 517
test_Numazu_00249.jpg,2 270 366 535 600
test_Nagakute_00022.jpg,1 110 363 227 483 3 199 409 528 470
test_Adachi_00121.jpg,2 0 183 272 517
test_Numazu_00241.jpg,2 267 277 366 595 2 263 262 339 481
test_Adachi_00004.jpg,8 134 257 235 568
test_Numazu_00144.jpg,5 0 322 463 598 5 218 308 500 599 5 8 293 248 591 8 292 312 460 596
test_Chiba_00078.jpg,2 0 183 272 517
test_Muroran_00028.jpg,5 92 317 537 587
test_Nagakute_00191.jpg,1 28 426 152 583 5 201 511 352 600
test_Adachi_00155.jpg,2 387 312 600 529
test_Muroran_00410.jpg,1 402 430 558 597 5 397 417 562 600
test_Numazu_00028.jpg,1 238 348 401 514 2 144 303 261 596 2 452 491 558 596 2 216 311 274 546
test_Numazu_00034.jpg,5 243 355 445 596
test_Sumida_00094.jpg,2 147 418 256 541
test_Nagakute_00036.jpg,7 36 432 543 520
test_Ichihara_00013.jpg,2 0 183 272 517
test_Muroran_00373.jpg,8 126 365 256 498
test_Adachi_00216.jpg,1 457 350 600 459 1 160 327 250 451
test_Adachi_00110.jpg,1 278 420 359 599
test_Chiba_00074.jpg,7 125 496 600 596
test_Sumida_00198.jpg,2 369 412 524 562
test_Ichihara_00025.jpg,8 199 460 461 600 8 393 377 600 592
test_Muroran_00207.jpg,5 11 382 435 600
test_Sumida_00164.jpg,2 0 183 272 517
test_Adachi_00213.jpg,2 370 361 584 580
test_Ichihara_00037.jpg,1 366 405 494 589 8 2 407 239 592 8 401 383 591 588
test_Numazu_00117.jpg,2 232 300 281 592
test_Numazu_00107.jpg,5 222 311 473 563 8 121 286 264 495
test_Nagakute_00003.jpg,1 208 393 275 567
test_Sumida_00176.jpg,2 0 183 272 517
test_Muroran_00090.jpg,5 172 398 553 599
test_Chiba_00036.jpg,8 16 416 201 584
test_Sumida_00196.jpg,2 0 183 272 517
test_Adachi_00075.jpg,2 0 183 272 517
test_Adachi_00151.jpg,1 309 266 591 536 1 200 387 370 549
test_Numazu_00184.jpg,5 162 454 600 600
test_Muroran_00226.jpg,2 0 183 272 517
test_Ichihara_00003.jpg,1 325 415 473 597 1 373 404 589 574 2 364 396 600 561
test_Muroran_00160.jpg,2 17 381 248 600 2 350 335 408 594
test_Muroran_00149.jpg,5 66 374 481 600
test_Muroran_00251.jpg,8 1 346 216 595
test_Muroran_00122.jpg,2 0 183 272 517
test_Nagakute_00128.jpg,5 0 286 459 598 5 161 319 502 558
test_Nagakute_00049.jpg,1 49 400 432 586 2 278 316 451 579 2 327 383 479 600 5 32 405 477 593
test_Muroran_00292.jpg,5 123 340 547 595
test_Nagakute_00256.jpg,2 0 183 272 517
test_Sumida_00072.jpg,7 225 432 600 520
test_Muroran_00205.jpg,5 236 394 592 599
test_Muroran_00366.jpg,5 254 347 410 596
test_Numazu_00368.jpg,1 363 409 502 595 8 316 337 536 582 8 14 391 357 595 8 19 334 237 550
test_Adachi_00313.jpg,2 0 183 272 517
test_Nagakute_00233.jpg,1 347 382 527 599 2 171 329 281 589 2 337 332 581 600
test_Adachi_00322.jpg,1 387 218 467 335 8 334 325 528 409
test_Adachi_00083.jpg,2 329 183 427 563 8 0 227 206 511 8 241 176 334 309
test_Nagakute_00204.jpg,7 87 483 600 599
test_Numazu_00407.jpg,8 109 401 388 597 8 300 344 587 593 8 0 318 160 491
test_Adachi_00089.jpg,2 461 403 547 600 5 370 455 520 595 8 277 368 446 538 8 468 432 552 598
test_Numazu_00303.jpg,2 0 342 169 533
test_Chiba_00029.jpg,8 25 476 172 600
