test_Numazu_00321.jpg,7 29 331 600 538
test_Numazu_00126.jpg,2 206 406 260 599
test_Adachi_00249.jpg,8 144 351 477 590
test_Numazu_00119.jpg,2 269 360 529 597
test_Muroran_00176.jpg,5 168 420 600 600 8 358 427 511 599
test_Numazu_00373.jpg,7 76 327 581 471
test_Sumida_00209.jpg,2 408 454 516 552
test_Nagakute_00089.jpg,2 236 351 305 596 8 463 477 597 599 8 197 374 296 484
test_Muroran_00284.jpg,5 45 374 565 576
test_Ichihara_00022.jpg,5 353 432 561 600 8 130 391 545 596
test_Muroran_00385.jpg,5 353 388 600 596 5 47 384 383 595
test_Muroran_00389.jpg,1 455 386 600 580 1 369 315 592 578 2 367 309 600 583
test_Numazu_00157.jpg,2 0 183 272 517
test_Adachi_00134.jpg,2 1 284 122 555 8 361 378 600 568 8 324 348 541 501
test_Sumida_00086.jpg,2 0 183 272 517
test_Adachi_00199.jpg,1 127 208 277 439 1 335 198 474 372 8 2 296 136 432
test_Chiba_00046.jpg,8 316 409 480 570 8 1 415 194 585
test_Sumida_00102.jpg,2 317 406 394 557
test_Muroran_00024.jpg,1 472 507 600 599 2 354 483 437 595
test_Numazu_00379.jpg,2 247 290 322 426
test_Sumida_00051.jpg,8 373 422 567 558
test_Muroran_00402.jpg,5 150 392 571 481 5 69 383 600 543 8 444 356 600 486
test_Adachi_00150.jpg,2 0 183 272 517
test_Chiba_00006.jpg,1 415 450 573 564 8 134 489 285 589 8 415 444 584 573
test_Nagakute_00040.jpg,1 251 429 339 598 1 442 413 551 526
test_Sumida_00208.jpg,2 278 440 414 540 2 268 417 530 553 8 485 398 593 571
test_Adachi_00141.jpg,2 285 302 422 561
test_Chiba_00092.jpg,2 187 474 301 588 8 428 463 597 568
test_Numazu_00290.jpg,1 501 468 596 586 1 205 385 308 509 1 259 234 320 393 7 41 289 524 400
test_Ichihara_00001.jpg,2 6 397 259 588
test_Sumida_00180.jpg,8 437 445 600 547 8 129 471 226 564
test_Ichihara_00048.jpg,2 453 463 564 600
test_Numazu_00211.jpg,5 0 402 188 593
test_Nagakute_00013.jpg,8 151 351 273 525
test_Nagakute_00027.jpg,2 299 327 595 553 8 5 317 180 528 8 299 322 589 555
test_Chiba_00001.jpg,2 0 183 272 517
test_Chiba_00084.jpg,2 407 482 585 582
test_Adachi_00103.jpg,1 315 394 477 535
test_Numazu_00165.jpg,2 0 183 272 517
test_Nagakute_00112.jpg,1 49 380 180 569
test_Muroran_00069.jpg,5 355 489 522 600 8 143 406 201 600
test_Chiba_00049.jpg,8 335 397 518 574
test_Muroran_00103.jpg,1 440 446 521 598
test_Adachi_00040.jpg,1 9 275 215 536 1 0 262 453 472 3 136 310 580 423
test_Nagakute_00087.jpg,1 135 428 229 597 8 5 378 187 560
test_Numazu_00267.jpg,5 479 481 600 600 7 118 407 534 488
test_Ichihara_00034.jpg,1 433 453 593 595 1 214 439 577 598 1 68 417 272 600 5 81 414 276 599
test_Numazu_00087.jpg,2 327 352 518 597 5 72 337 290 600
test_Muroran_00041.jpg,2 0 388 169 556 5 156 368 600 597
test_Muroran_00346.jpg,8 0 299 209 555 8 408 438 545 600
test_Sumida_00169.jpg,2 55 401 277 524
test_Nagakute_00023.jpg,8 42 305 270 600
test_Sumida_00125.jpg,2 309 419 375 543
test_Numazu_00312.jpg,5 19 331 319 600
test_Adachi_00157.jpg,2 384 347 468 594
test_Muroran_00313.jpg,2 351 323 396 600
test_Muroran_00290.jpg,2 468 444 600 580 8 16 344 224 600
test_Numazu_00256.jpg,5 46 347 533 595
test_Adachi_00247.jpg,2 454 403 600 556 7 268 321 564 374
test_Muroran_00232.jpg,5 161 340 553 599
test_Adachi_00266.jpg,1 75 306 238 480 2 379 175 472 277 8 1 216 133 415
test_Chiba_00048.jpg,8 229 480 328 589 8 472 481 596 559
test_Nagakute_00132.jpg,8 1 352 189 600 8 305 322 600 580
test_Adachi_00031.jpg,2 293 457 399 580 2 167 266 426 455
test_Adachi_00046.jpg,2 0 209 260 499 8 370 221 502 564
test_Nagakute_00017.jpg,1 413 429 490 582
test_Adachi_00203.jpg,2 274 369 336 597 2 287 303 349 556
test_Chiba_00035.jpg,2 393 450 561 580
test_Nagakute_00092.jpg,5 38 350 600 594 5 47 363 330 582
test_Numazu_00344.jpg,5 24 416 429 552
test_Muroran_00305.jpg,1 54 401 249 591 5 430 441 584 599 8 459 468 589 600
test_Nagakute_00120.jpg,5 0 362 204 600 8 317 370 474 504
test_Muroran_00223.jpg,5 361 294 596 504 5 214 326 594 564
test_Adachi_00242.jpg,1 15 314 235 518 2 20 313 234 512 8 434 313 592 513
test_Sumida_00124.jpg,8 373 422 523 574
test_Numazu_00060.jpg,5 0 436 460 598
test_Numazu_00049.jpg,1 270 356 354 449 2 47 292 205 592 8 374 331 594 500
test_Sumida_00194.jpg,7 192 432 581 543
test_Numazu_00101.jpg,2 273 298 443 572 5 232 308 437 580
test_Nagakute_00170.jpg,8 0 353 577 597
test_Numazu_00080.jpg,1 398 459 589 588 8 295 408 470 600
test_Numazu_00311.jpg,5 29 404 548 595
test_Chiba_00018.jpg,2 148 472 331 592
test_Numazu_00309.jpg,5 316 392 427 507
test_Numazu_00386.jpg,1 130 354 209 576 2 362 372 577 573 8 354 357 591 577 8 0 325 131 536
test_Numazu_00359.jpg,2 98 386 254 599 5 142 390 573 597 5 134 406 303 600
test_Adachi_00090.jpg,3 424 410 600 466
test_Sumida_00143.jpg,7 42 437 514 561
test_Sumida_00047.jpg,2 357 385 537 518
test_Sumida_00078.jpg,2 243 408 305 560
test_Nagakute_00034.jpg,2 233 313 290 592 8 28 335 226 600
test_Muroran_00275.jpg,1 428 439 591 570 1 423 423 553 520 8 26 307 184 600 8 447 474 590 600
test_Numazu_00378.jpg,1 6 363 187 572 8 309 300 600 578 8 0 290 174 471
test_Nagakute_00152.jpg,1 484 430 595 541 1 133 490 252 600 8 2 401 121 545
test_Numazu_00380.jpg,7 46 384 600 600
test_Nagakute_00213.jpg,2 296 370 597 589 8 1 402 138 547
test_Numazu_00155.jpg,5 289 338 560 593 5 0 375 150 580 8 3 333 140 517 8 303 346 566 586
test_Chiba_00019.jpg,7 0 476 558 592
test_Sumida_00067.jpg,2 0 183 272 517
test_Numazu_00065.jpg,2 301 325 398 469
test_Sumida_00201.jpg,2 359 441 428 559
test_Numazu_00364.jpg,2 241 347 428 600
test_Numazu_00354.jpg,1 373 392 527 564 1 223 413 540 571 3 144 461 586 566 8 0 323 159 531 8 130 359 274 584
test_Numazu_00086.jpg,2 279 416 371 584 2 58 385 197 595 8 0 377 172 558 8 376 420 561 536
test_Chiba_00088.jpg,1 297 474 380 578 8 459 474 600 566
test_Chiba_00025.jpg,2 258 454 383 561
test_Chiba_00075.jpg,2 0 183 272 517
test_Nagakute_00163.jpg,1 57 274 167 418
test_Muroran_00195.jpg,1 205 402 272 600 1 137 321 393 587 5 2 397 171 600 5 0 357 457 599
test_Adachi_00106.jpg,2 372 283 558 600
test_Chiba_00070.jpg,2 454 497 542 583
test_Nagakute_00070.jpg,2 0 183 272 517
test_Adachi_00204.jpg,2 0 183 272 517
test_Muroran_00415.jpg,5 315 416 600 599
test_Adachi_00032.jpg,7 0 337 549 520
test_Adachi_00243.jpg,8 156 468 483 598
test_Sumida_00040.jpg,2 0 183 272 517
test_Nagakute_00162.jpg,1 104 435 246 600 8 313 368 600 592 8 0 365 149 561
test_Numazu_00403.jpg,8 2 280 185 470 8 329 308 600 555
test_Nagakute_00178.jpg,1 150 376 235 574 8 20 368 185 595
test_Muroran_00404.jpg,2 263 323 312 600
test_Numazu_00185.jpg,1 2 312 118 508 1 164 410 259 564 8 10 281 157 597 8 429 401 600 594
test_Numazu_00164.jpg,1 2 345 192 548 2 213 295 268 578 8 338 333 599 587
test_Muroran_00079.jpg,1 497 424 596 532 1 209 415 293 596 2 328 349 487 595
test_Nagakute_00012.jpg,2 106 401 274 596
test_Nagakute_00010.jpg,2 268 341 325 599
test_Adachi_00051.jpg,2 295 122 493 251 5 0 251 500 539
test_Muroran_00386.jpg,2 167 353 282 600 8 406 415 555 600
test_Nagakute_00083.jpg,5 56 338 494 595
test_Muroran_00029.jpg,2 340 378 445 550
test_Adachi_00190.jpg,8 253 428 365 599
test_Sumida_00058.jpg,2 29 418 212 518 8 374 455 560 560 8 339 452 487 546
test_Numazu_00033.jpg,5 157 335 312 580 5 61 360 600 578
test_Muroran_00125.jpg,2 334 387 523 586 6 56 355 489 583
test_Numazu_00356.jpg,5 152 435 600 597 5 4 510 126 600
test_Adachi_00005.jpg,3 108 487 600 581
test_Nagakute_00174.jpg,7 58 499 549 598
test_Chiba_00010.jpg,1 124 483 227 587 8 303 439 469 599 8 4 472 169 599
test_Nagakute_00062.jpg,1 234 384 437 600 2 216 375 452 600 5 283 379 440 598
test_Nagakute_00085.jpg,5 74 483 426 595 5 296 406 596 581 8 318 403 598 570
test_Nagakute_00058.jpg,1 277 419 366 583 8 4 331 159 462
test_Muroran_00055.jpg,5 460 391 592 502
test_Nagakute_00084.jpg,1 93 298 257 600 8 92 299 268 600
test_Sumida_00037.jpg,2 150 417 291 566
test_Nagakute_00240.jpg,1 205 326 300 421 8 264 288 598 532
test_Muroran_00141.jpg,5 81 441 483 600
test_Numazu_00204.jpg,3 169 473 559 587 5 0 371 535 591 8 4 279 181 478
test_Nagakute_00180.jpg,2 69 358 210 587
test_Adachi_00253.jpg,1 159 283 417 483 5 22 192 322 435
test_Adachi_00081.jpg,7 9 302 491 420
test_Numazu_00381.jpg,2 232 302 319 476
test_Muroran_00156.jpg,1 261 340 563 579 1 224 369 431 598 1 333 459 478 600 5 222 332 590 577 8 25 361 193 597
test_Sumida_00134.jpg,2 133 420 224 522
test_Numazu_00076.jpg,2 0 183 272 517
test_Ichihara_00049.jpg,8 0 475 121 581 8 478 467 599 581
test_Sumida_00190.jpg,2 0 183 272 517
test_Muroran_00201.jpg,1 322 376 498 600 1 38 388 190 599 2 311 311 510 542 5 284 310 497 593 8 2 364 182 586
test_Adachi_00286.jpg,1 14 372 300 550 1 26 322 509 543 3 3 381 532 508
test_Numazu_00092.jpg,2 170 372 244 552 5 91 414 242 600
test_Numazu_00218.jpg,5 275 418 555 556
test_Nagakute_00167.jpg,1 350 439 459 595 2 261 233 344 600 8 24 233 276 480
test_Numazu_00114.jpg,2 35 299 205 578 5 31 325 359 582
test_Adachi_00135.jpg,1 37 409 197 570
test_Chiba_00076.jpg,2 93 518 208 595
test_Muroran_00020.jpg,1 299 376 600 551 2 259 369 324 600 4 155 437 600 561
test_Muroran_00383.jpg,5 56 393 337 597
test_Numazu_00171.jpg,5 95 306 279 445 8 348 293 575 537
test_Numazu_00285.jpg,5 262 410 600 598 8 139 401 222 600
test_Sumida_00098.jpg,7 5 445 444 534
test_Muroran_00312.jpg,2 350 402 600 593 8 207 349 378 427
test_Nagakute_00146.jpg,5 196 408 600 600 5 346 420 600 591 8 99 418 600 595
test_Adachi_00308.jpg,2 0 183 272 517
test_Muroran_00014.jpg,2 298 355 456 599 5 342 353 600 548
test_Muroran_00333.jpg,2 0 183 272 517
test_Muroran_00174.jpg,1 153 389 281 596 2 160 382 293 598
test_Adachi_00014.jpg,2 200 377 331 598
test_Numazu_00230.jpg,2 282 413 481 582 8 82 305 215 472
test_Nagakute_00114.jpg,1 224 336 306 579 2 36 365 162 593 8 263 321 548 579
test_Muroran_00299.jpg,5 270 375 583 599
test_Nagakute_00196.jpg,1 210 353 327 524 1 51 347 175 463 8 4 320 172 456
test_Muroran_00240.jpg,1 166 420 269 594 8 436 384 598 557 8 69 386 262 599
test_Sumida_00033.jpg,2 327 405 422 517
test_Muroran_00112.jpg,2 341 350 542 587 5 58 405 344 600
test_Sumida_00105.jpg,2 0 183 272 517
test_Numazu_00338.jpg,5 408 468 600 582 8 253 423 374 547
test_Numazu_00202.jpg,8 446 479 570 600 8 4 269 213 477
test_Adachi_00069.jpg,5 27 176 195 442
test_Ichihara_00021.jpg,1 153 407 296 598 8 408 400 598 581 8 50 399 280 597
test_Numazu_00160.jpg,7 0 414 515 600
test_Adachi_00299.jpg,2 10 381 190 595
test_Muroran_00345.jpg,1 102 319 420 600 5 64 318 376 596 5 5 313 129 588
test_Muroran_00163.jpg,5 195 371 600 599 5 354 342 600 549 5 198 448 401 600
test_Numazu_00390.jpg,2 460 481 600 595 5 69 401 260 598 5 31 410 535 596 5 301 466 600 597
test_Adachi_00068.jpg,1 113 318 466 569 3 28 322 565 528 3 202 348 600 499 5 118 300 437 563
test_Chiba_00026.jpg,8 193 492 300 589 8 458 483 595 565
test_Adachi_00072.jpg,8 489 300 598 442
test_Nagakute_00125.jpg,3 199 400 600 526 3 0 382 458 549 3 8 414 305 568 5 372 386 600 533
test_Muroran_00260.jpg,1 393 483 584 600 5 0 421 554 597
test_Numazu_00176.jpg,2 293 349 596 595 2 230 312 341 595 3 1 407 147 506
test_Muroran_00005.jpg,2 95 370 214 578 5 140 415 600 595
test_Adachi_00329.jpg,2 382 363 586 595
test_Numazu_00333.jpg,7 32 427 600 600
test_Sumida_00081.jpg,7 15 456 563 570
test_Numazu_00310.jpg,2 282 351 412 593 5 430 364 590 524 8 444 363 600 507
test_Numazu_00284.jpg,2 241 331 298 600
test_Numazu_00357.jpg,2 314 380 560 588 8 295 375 536 583
test_Nagakute_00185.jpg,5 256 344 418 592
test_Muroran_00322.jpg,2 191 363 313 582
test_Nagakute_00091.jpg,5 40 286 202 523 5 341 251 496 361
test_Nagakute_00159.jpg,2 179 271 241 501 2 53 483 129 599
test_Adachi_00180.jpg,2 327 171 411 600
test_Adachi_00130.jpg,2 119 297 263 502 2 420 334 581 598 2 53 366 216 594 2 40 253 279 600 8 373 212 600 546
test_Numazu_00317.jpg,2 359 439 564 600
test_Numazu_00388.jpg,2 58 275 218 583 5 78 287 255 587
test_Numazu_00374.jpg,2 261 303 381 600 5 14 305 275 586 6 13 283 350 587
test_Nagakute_00029.jpg,2 364 275 422 439 7 0 420 510 593 8 105 292 306 432
test_Muroran_00006.jpg,2 386 358 557 566 8 429 387 558 525 8 12 330 292 600
test_Muroran_00397.jpg,7 287 293 562 354
test_Numazu_00396.jpg,2 297 451 383 597
test_Sumida_00060.jpg,2 0 183 272 517
test_Adachi_00164.jpg,5 37 308 372 565
test_Adachi_00236.jpg,8 400 268 597 492
test_Muroran_00131.jpg,1 410 454 495 598 1 195 450 281 595 8 65 376 277 599 8 137 370 280 531
test_Nagakute_00199.jpg,2 338 322 590 590 8 7 280 180 557
test_Muroran_00238.jpg,5 106 289 246 440
test_Sumida_00217.jpg,2 0 183 272 517
test_Muroran_00045.jpg,5 0 387 448 600 5 2 403 192 600
test_Nagakute_00254.jpg,8 1 321 202 519
test_Sumida_00226.jpg,8 207 427 311 578
test_Ichihara_00024.jpg,1 156 460 284 600 2 436 379 559 452
test_Adachi_00265.jpg,1 184 234 444 457
test_Adachi_00021.jpg,2 169 175 278 539
test_Muroran_00104.jpg,1 299 345 368 487 2 194 391 284 598 8 476 462 600 600 8 0 377 234 594
test_Sumida_00168.jpg,2 261 441 298 535
test_Nagakute_00099.jpg,5 129 347 482 596 5 354 402 599 600
test_Nagakute_00086.jpg,7 0 409 499 600
test_Nagakute_00121.jpg,1 76 433 187 600 1 214 423 288 593 8 0 393 139 579 8 318 420 512 598
test_Nagakute_00154.jpg,4 128 466 597 579
test_Numazu_00340.jpg,5 363 411 577 571 8 0 325 143 575
test_Numazu_00222.jpg,2 0 183 272 517
test_Muroran_00283.jpg,5 5 343 189 579 5 83 395 545 600
test_Sumida_00100.jpg,2 0 183 272 517
test_Numazu_00029.jpg,5 16 395 431 599 5 180 416 556 598
test_Numazu_00393.jpg,5 340 282 595 423
test_Adachi_00251.jpg,1 346 411 467 537
test_Nagakute_00216.jpg,5 13 465 140 594 5 219 476 521 597
test_Numazu_00405.jpg,8 340 266 600 535 8 4 253 167 446
test_Muroran_00071.jpg,5 352 396 453 562 5 0 410 591 600
test_Sumida_00227.jpg,2 353 411 458 552
test_Numazu_00131.jpg,5 31 360 292 586
test_Muroran_00198.jpg,5 0 370 496 591 5 41 366 422 504
test_Sumida_00042.jpg,1 381 425 442 472 8 247 404 339 454
test_Numazu_00348.jpg,5 87 443 454 593 5 433 452 596 594 8 441 461 600 592
test_Chiba_00020.jpg,2 0 183 272 517
test_Muroran_00261.jpg,1 135 386 218 589
test_Adachi_00224.jpg,2 185 362 276 579 2 193 185 314 574 2 448 306 593 480 2 263 148 321 313
test_Adachi_00195.jpg,1 352 499 508 600 3 97 434 339 500
test_Adachi_00124.jpg,2 406 376 600 586
test_Adachi_00131.jpg,1 322 360 502 515 5 322 356 486 492
test_Numazu_00254.jpg,1 41 380 260 598
test_Nagakute_00229.jpg,1 107 435 201 572 2 260 322 334 600 5 342 390 544 598
test_Nagakute_00144.jpg,1 14 380 247 567 2 56 380 243 542
test_Nagakute_00073.jpg,2 346 306 600 589 8 33 338 274 600
test_Nagakute_00021.jpg,2 88 256 224 600
test_Sumida_00029.jpg,2 366 440 452 550
test_Muroran_00365.jpg,1 453 407 593 562 8 0 378 214 579 8 401 424 552 598
test_Sumida_00030.jpg,8 357 416 529 558
test_Sumida_00165.jpg,2 0 418 213 551 2 56 436 165 519 8 417 452 577 562
test_Muroran_00023.jpg,5 89 310 528 599 5 279 345 595 599 5 23 307 325 600
test_Numazu_00361.jpg,2 0 183 272 517
test_Muroran_00295.jpg,5 234 471 393 579
test_Muroran_00179.jpg,2 370 440 483 597
test_Adachi_00219.jpg,5 328 397 466 502
test_Nagakute_00241.jpg,1 108 414 236 594 2 308 328 385 600 8 13 332 259 593 8 405 349 600 502
test_Numazu_00180.jpg,8 283 411 496 595
test_Ichihara_00046.jpg,2 135 411 306 577
test_Sumida_00123.jpg,2 0 388 219 545 8 6 418 172 519
test_Numazu_00108.jpg,5 450 410 596 560
test_Numazu_00288.jpg,2 302 422 439 589
test_Numazu_00258.jpg,2 0 183 272 517
test_Sumida_00096.jpg,2 0 408 171 523 2 225 427 311 548 8 424 433 590 575 8 478 497 586 583
test_Adachi_00262.jpg,7 57 399 589 564
test_Numazu_00372.jpg,2 118 303 257 600 5 169 296 577 595 6 224 278 503 570
test_Sumida_00118.jpg,2 0 183 272 517
test_Numazu_00385.jpg,5 10 350 206 587
test_Adachi_00327.jpg,8 441 378 600 534 8 16 400 251 556
test_Nagakute_00202.jpg,8 272 372 585 591
test_Numazu_00339.jpg,8 0 297 196 559 8 319 301 568 556
test_Nagakute_00217.jpg,1 161 388 277 599
test_Nagakute_00008.jpg,2 300 382 374 546 5 36 407 559 593
test_Chiba_00069.jpg,2 0 183 272 517
test_Numazu_00168.jpg,5 0 362 457 598 5 224 330 573 600 5 50 349 229 593 8 282 311 490 600 8 0 323 127 478
test_Chiba_00045.jpg,1 279 477 365 584 8 207 469 318 585 8 443 480 596 566
test_Sumida_00111.jpg,8 418 475 587 563
test_Numazu_00302.jpg,1 410 439 522 587 2 0 340 121 510
test_Muroran_00194.jpg,1 185 440 267 592 2 266 382 585 525 5 13 401 168 576
test_Numazu_00292.jpg,2 311 297 580 547
test_Numazu_00225.jpg,2 148 296 225 549 5 153 348 476 585
test_Sumida_00045.jpg,7 193 432 579 543
test_Sumida_00068.jpg,2 334 404 403 536
test_Muroran_00407.jpg,2 14 364 268 592 5 243 370 523 594
test_Muroran_00293.jpg,2 311 362 560 600 4 0 426 422 518
test_Muroran_00418.jpg,5 36 385 476 585 5 17 355 269 576
test_Ichihara_00030.jpg,5 70 394 309 599 5 125 391 593 598
test_Adachi_00117.jpg,2 0 183 272 517
test_Sumida_00106.jpg,8 430 420 600 522
test_Muroran_00153.jpg,1 105 435 262 593 1 448 342 594 445 8 3 338 254 577
test_Nagakute_00187.jpg,1 304 424 484 595 2 177 381 265 600 2 277 380 524 588
test_Adachi_00018.jpg,2 338 331 424 599
test_Muroran_00354.jpg,2 317 385 470 592
test_Numazu_00210.jpg,5 96 464 502 600 6 73 439 455 595
test_Ichihara_00026.jpg,8 442 484 559 599
test_Ichihara_00047.jpg,2 468 420 595 535
test_Adachi_00269.jpg,2 383 316 485 400 7 24 391 598 600
test_Adachi_00276.jpg,2 418 293 598 530
test_Nagakute_00190.jpg,1 33 345 218 562 2 307 283 595 600
test_Muroran_00425.jpg,8 278 322 342 600
test_Muroran_00074.jpg,2 0 183 272 517
test_Muroran_00130.jpg,5 138 379 451 596
test_Adachi_00153.jpg,1 266 445 365 595
test_Numazu_00395.jpg,2 55 377 231 597
test_Numazu_00366.jpg,2 291 372 433 584 2 3 391 107 577 7 89 270 388 339 8 409 373 599 573 8 246 438 321 581
test_Sumida_00166.jpg,2 328 388 392 539
test_Numazu_00259.jpg,1 335 451 420 600 1 464 429 571 529
test_Muroran_00315.jpg,5 84 344 588 600
test_Nagakute_00078.jpg,1 266 339 446 510 1 287 351 407 462 8 2 279 183 520 8 286 233 598 524
test_Numazu_00246.jpg,2 262 395 402 596 5 227 398 600 600 5 69 508 235 600 8 381 409 592 571
test_Chiba_00079.jpg,2 0 183 272 517
test_Numazu_00323.jpg,7 131 354 600 485
test_Numazu_00397.jpg,2 234 387 324 600
test_Numazu_00235.jpg,1 45 328 199 562 1 335 366 556 577 8 344 331 587 559
test_Numazu_00315.jpg,1 303 424 423 572 8 4 376 109 516 8 338 304 583 592
test_Chiba_00089.jpg,8 286 462 479 595
test_Adachi_00263.jpg,1 399 358 589 600
test_Adachi_00128.jpg,1 0 315 270 589 5 3 312 234 515
test_Muroran_00007.jpg,5 12 355 514 600
test_Numazu_00277.jpg,2 69 388 188 524 8 306 397 563 600 8 6 388 179 532
test_Nagakute_00109.jpg,2 237 295 417 543 2 297 379 467 600 3 79 432 331 492
test_Numazu_00281.jpg,5 11 343 243 581 8 389 327 598 449
test_Ichihara_00045.jpg,7 66 443 600 598
test_Muroran_00132.jpg,5 37 369 587 594
test_Muroran_00213.jpg,5 18 377 491 597
test_Muroran_00120.jpg,1 351 501 472 600 5 0 471 380 599
test_Numazu_00105.jpg,2 331 338 557 583
test_Nagakute_00201.jpg,5 208 398 386 597 8 23 405 187 600
test_Adachi_00096.jpg,2 292 309 412 591 8 274 331 465 404
test_Adachi_00270.jpg,2 190 339 250 600
test_Muroran_00419.jpg,5 34 340 556 595 5 270 332 543 556
test_Adachi_00289.jpg,8 0 300 258 600
test_Muroran_00298.jpg,2 381 392 583 596
test_Numazu_00036.jpg,2 6 273 211 600 5 56 322 302 576 8 356 403 549 586
test_Ichihara_00028.jpg,7 0 459 522 600 7 152 449 600 599
test_Numazu_00391.jpg,5 0 365 450 585
test_Nagakute_00244.jpg,1 304 411 408 536 8 0 318 195 507
test_Muroran_00294.jpg,5 137 419 346 593
test_Sumida_00193.jpg,2 188 406 287 543
test_Ichihara_00029.jpg,1 392 409 567 600
test_Muroran_00143.jpg,3 39 451 218 514 8 371 394 475 600
test_Sumida_00197.jpg,2 0 183 272 517
test_Sumida_00141.jpg,1 172 453 291 560 8 390 449 596 593
test_Muroran_00047.jpg,2 177 359 252 596 8 422 399 600 534
test_Muroran_00085.jpg,1 365 373 530 596 5 33 330 332 593 5 81 356 578 599 5 372 384 531 600
test_Muroran_00244.jpg,5 438 418 593 576 8 498 460 600 563 8 72 328 253 598
test_Muroran_00348.jpg,5 233 345 575 585
test_Nagakute_00250.jpg,7 4 384 600 600
test_Adachi_00154.jpg,1 399 397 564 586 2 390 396 563 599
test_Nagakute_00274.jpg,1 328 425 544 596 5 11 465 217 600 5 0 479 381 596 5 151 482 512 594 8 327 394 550 599
test_Adachi_00085.jpg,2 151 307 263 600 8 0 278 77 425
test_Adachi_00261.jpg,2 7 157 158 485 5 334 132 570 405
test_Sumida_00031.jpg,7 290 426 572 571
test_Muroran_00100.jpg,2 0 183 272 517
test_Nagakute_00198.jpg,2 251 404 306 600
test_Nagakute_00139.jpg,1 39 383 157 600 5 275 408 527 599 8 2 303 123 497
test_Numazu_00229.jpg,2 0 312 99 517
test_Adachi_00073.jpg,2 414 462 535 595 8 352 426 546 486
test_Muroran_00031.jpg,5 13 359 522 599
test_Muroran_00257.jpg,5 56 356 414 594 5 94 337 267 501
test_Muroran_00357.jpg,5 43 400 535 597
test_Numazu_00370.jpg,2 251 363 329 584
test_Nagakute_00168.jpg,4 14 458 467 566 8 362 371 498 514 8 10 328 172 467
test_Adachi_00165.jpg,7 19 196 580 398
test_Adachi_00208.jpg,2 117 401 212 511 5 360 334 576 598 5 156 385 600 596 8 420 387 571 600
test_Adachi_00086.jpg,1 151 327 254 510 1 315 299 420 411
test_Adachi_00273.jpg,2 138 244 291 600 8 218 284 395 421
test_Adachi_00225.jpg,8 30 289 259 528 8 52 152 388 398 8 125 195 468 479 8 18 230 202 455
test_Adachi_00030.jpg,7 0 173 550 377
test_Muroran_00204.jpg,1 395 388 546 600 5 108 325 508 573
test_Numazu_00240.jpg,2 256 372 411 597
test_Muroran_00328.jpg,1 311 400 372 599 1 169 430 282 600
test_Sumida_00043.jpg,2 331 460 384 555
test_Adachi_00228.jpg,7 35 334 600 599
test_Muroran_00008.jpg,5 151 337 563 593 5 1 434 159 598 5 0 378 437 600
test_Adachi_00029.jpg,8 418 223 595 351 8 2 207 199 358
test_Muroran_00384.jpg,2 387 357 583 600 5 380 375 598 600 5 434 493 567 593
test_Numazu_00250.jpg,2 105 327 250 583 2 299 317 569 595 2 378 398 543 594
test_Adachi_00240.jpg,2 0 183 272 517
test_Nagakute_00227.jpg,5 165 331 334 540
test_Ichihara_00038.jpg,1 407 385 504 574
test_Nagakute_00127.jpg,1 282 525 397 598
test_Adachi_00197.jpg,2 346 233 420 419 8 395 413 490 586
test_Muroran_00420.jpg,1 322 362 398 473 8 363 389 592 599 8 4 426 171 600
test_Adachi_00105.jpg,1 105 187 235 584 2 498 226 599 344 2 95 93 239 387
test_Numazu_00095.jpg,5 242 312 392 588 7 6 412 318 584 8 12 410 261 590
test_Muroran_00297.jpg,2 360 343 592 545 5 158 420 287 538
test_Nagakute_00226.jpg,1 90 357 173 471 8 274 336 522 590
test_Chiba_00052.jpg,2 0 183 272 517
test_Muroran_00115.jpg,2 297 350 362 600
test_Muroran_00058.jpg,1 323 520 511 597 8 0 507 104 599
test_Muroran_00381.jpg,2 119 348 193 580
test_Sumida_00151.jpg,2 367 388 506 546 2 414 431 500 533
test_Nagakute_00173.jpg,1 105 473 457 600 5 48 454 600 600 7 217 332 600 458 7 90 330 600 540
test_Chiba_00034.jpg,2 288 399 412 551
test_Muroran_00059.jpg,7 0 474 562 600
test_Numazu_00097.jpg,5 111 409 295 597
test_Numazu_00233.jpg,1 146 362 324 571 8 349 294 598 495
test_Chiba_00038.jpg,8 311 452 495 595
test_Adachi_00314.jpg,2 373 363 553 600
test_Sumida_00059.jpg,2 325 408 410 544
test_Sumida_00205.jpg,8 376 415 591 574
test_Muroran_00321.jpg,5 119 376 584 597 8 409 503 524 600
test_Nagakute_00016.jpg,5 51 366 557 596 5 281 394 600 597
test_Numazu_00268.jpg,8 125 364 301 599
test_Adachi_00246.jpg,7 0 140 476 326 7 95 142 585 278
test_Numazu_00384.jpg,7 38 300 581 463
test_Adachi_00087.jpg,2 344 435 415 595
test_Numazu_00170.jpg,7 118 348 530 510
test_Adachi_00127.jpg,1 136 465 215 596 8 364 307 599 565
test_Adachi_00172.jpg,1 140 213 283 466
test_Sumida_00041.jpg,2 0 183 272 517
test_Numazu_00193.jpg,1 49 415 158 569 8 348 284 595 524
test_Sumida_00028.jpg,2 359 417 482 556
test_Muroran_00376.jpg,5 58 351 411 510
test_Adachi_00237.jpg,8 263 309 596 512
test_Nagakute_00239.jpg,1 230 417 324 598 8 286 388 500 600
test_Ichihara_00042.jpg,1 394 401 514 474 8 2 478 156 598
test_Nagakute_00181.jpg,5 46 365 522 600
test_Sumida_00135.jpg,8 451 483 595 596
test_Numazu_00083.jpg,5 0 349 393 595 8 225 350 495 589
test_Muroran_00180.jpg,2 161 397 260 559
test_Muroran_00269.jpg,5 9 370 573 598
test_Numazu_00030.jpg,8 184 299 344 551
test_Chiba_00002.jpg,7 0 509 385 597
test_Numazu_00336.jpg,8 304 326 486 516 8 378 455 594 597 8 284 354 567 598 8 62 282 225 586
test_Adachi_00035.jpg,2 0 183 272 517
test_Nagakute_00030.jpg,1 352 451 580 596 2 266 355 358 600
test_Muroran_00035.jpg,1 62 405 221 597 8 442 381 597 540 8 389 440 490 557
test_Muroran_00424.jpg,5 43 413 600 598
test_Muroran_00186.jpg,1 271 337 330 544 1 130 377 250 600 8 1 341 216 563 8 356 359 472 506
test_Muroran_00326.jpg,5 55 369 289 600
test_Muroran_00417.jpg,2 390 335 598 596 8 187 383 338 551
test_Muroran_00398.jpg,5 361 420 595 592
test_Nagakute_00260.jpg,1 67 358 223 590 2 258 300 502 597 3 350 409 573 473
test_Muroran_00053.jpg,5 179 441 509 597
test_Sumida_00091.jpg,5 164 383 285 479
test_Sumida_00170.jpg,2 312 389 403 534
test_Muroran_00413.jpg,2 418 370 531 598 2 418 297 590 431 7 76 301 263 406 8 87 306 254 402
test_Muroran_00388.jpg,5 85 382 584 594 5 10 337 287 600 5 290 431 595 596
test_Adachi_00061.jpg,1 423 255 600 450 2 0 361 155 589
test_Nagakute_00074.jpg,5 113 341 289 600 8 457 365 598 479
test_Nagakute_00043.jpg,1 122 432 210 595 1 297 391 428 571 8 2 313 206 506
test_Adachi_00196.jpg,2 328 304 573 600
test_Muroran_00078.jpg,2 0 183 272 517
test_Adachi_00013.jpg,2 426 404 543 588
test_Numazu_00064.jpg,6 178 400 416 596
test_Muroran_00273.jpg,2 14 329 193 595
test_Nagakute_00041.jpg,1 238 494 385 600
test_Nagakute_00057.jpg,2 391 477 477 595
test_Ichihara_00002.jpg,1 378 424 529 591 8 23 450 200 597
test_Nagakute_00221.jpg,1 337 458 589 597 3 28 484 273 534
test_Muroran_00109.jpg,5 54 360 553 596
test_Numazu_00161.jpg,8 355 302 593 524 8 8 280 208 464
test_Adachi_00250.jpg,2 301 305 441 598
test_Muroran_00138.jpg,5 115 370 569 595
test_Muroran_00211.jpg,5 463 437 594 599
test_Nagakute_00061.jpg,7 0 443 529 599
test_Numazu_00006.jpg,2 0 183 272 517
test_Numazu_00353.jpg,2 308 353 469 600
test_Numazu_00201.jpg,2 319 465 388 593
test_Muroran_00391.jpg,2 338 376 436 600
test_Muroran_00219.jpg,2 345 351 599 567 2 274 360 356 600
test_Sumida_00018.jpg,8 439 488 599 577
test_Numazu_00147.jpg,5 0 422 412 596 5 197 405 459 597
test_Muroran_00344.jpg,5 27 362 581 596
test_Numazu_00013.jpg,5 136 309 226 406
test_Numazu_00261.jpg,2 80 271 228 593 2 85 369 182 585 2 139 269 219 472 5 36 372 212 573
test_Adachi_00098.jpg,1 394 409 481 516 2 163 372 259 588 7 200 301 600 389
test_Nagakute_00113.jpg,2 85 258 250 578
test_Numazu_00110.jpg,2 297 327 580 584 5 161 358 317 593 8 324 334 547 574 8 156 355 297 560
test_Adachi_00321.jpg,2 308 341 484 600
test_Chiba_00061.jpg,2 0 183 272 517
test_Adachi_00217.jpg,7 0 326 492 537
test_Nagakute_00116.jpg,1 319 386 502 598 1 302 382 424 511 1 166 436 247 575
test_Chiba_00011.jpg,2 366 443 595 576
test_Muroran_00310.jpg,1 472 428 596 537
test_Numazu_00178.jpg,5 153 495 330 598
test_Ichihara_00023.jpg,8 393 390 599 593
test_Adachi_00275.jpg,2 437 296 600 587 2 342 166 430 279
test_Numazu_00306.jpg,1 197 308 278 438 8 383 308 593 477
test_Nagakute_00140.jpg,2 236 395 417 599
test_Muroran_00098.jpg,2 382 408 595 592 8 6 477 121 596
test_Nagakute_00031.jpg,7 0 417 589 600
test_Numazu_00063.jpg,5 0 351 447 574 5 15 353 272 529 5 180 322 378 505
test_Muroran_00137.jpg,1 286 392 427 592 1 372 409 482 563
test_Nagakute_00038.jpg,5 136 460 256 556 8 397 350 587 555 8 5 403 188 599
test_Nagakute_00262.jpg,1 283 364 432 569 8 3 348 168 509
test_Adachi_00201.jpg,2 313 450 390 597 8 374 383 480 467
test_Muroran_00111.jpg,5 246 400 455 598 8 343 446 449 600
test_Muroran_00416.jpg,5 284 417 504 502 5 66 396 320 486
test_Chiba_00058.jpg,1 304 439 385 538
test_Nagakute_00149.jpg,2 373 407 524 509
test_Adachi_00318.jpg,7 116 142 570 261
test_Sumida_00056.jpg,7 43 456 562 553
test_Adachi_00161.jpg,8 144 342 448 593
test_Nagakute_00093.jpg,8 17 352 195 597 8 327 412 590 599
test_Nagakute_00147.jpg,1 52 423 180 600
test_Numazu_00093.jpg,2 0 183 272 517
test_Numazu_00192.jpg,2 118 279 210 430 2 15 293 194 600 5 343 322 596 577
test_Nagakute_00072.jpg,1 223 433 276 600 2 221 405 274 595
test_Adachi_00020.jpg,1 98 197 255 460 1 80 325 165 535 8 259 118 340 448 8 341 161 596 392
test_Sumida_00015.jpg,8 323 408 462 555
test_Muroran_00068.jpg,5 67 342 295 592 5 408 471 594 597 5 191 464 559 599 5 451 333 594 440 8 416 374 549 503
test_Numazu_00071.jpg,8 27 354 179 591
test_Adachi_00054.jpg,2 0 183 272 517
test_Sumida_00006.jpg,8 13 464 184 566
test_Numazu_00132.jpg,5 53 332 351 593
test_Muroran_00246.jpg,1 312 350 425 600
test_Numazu_00401.jpg,1 137 400 238 560 1 264 395 350 482 8 276 366 600 600
test_Numazu_00103.jpg,5 236 373 562 526
test_Sumida_00016.jpg,2 0 183 272 517
test_Muroran_00255.jpg,5 7 324 463 596 5 219 347 600 594
test_Numazu_00078.jpg,6 137 385 353 598
test_Muroran_00343.jpg,2 0 183 272 517
test_Nagakute_00066.jpg,2 277 340 323 598
test_Muroran_00060.jpg,1 128 450 220 577 1 426 447 597 584
test_Numazu_00350.jpg,2 308 327 360 584
test_Chiba_00021.jpg,5 328 460 600 581 5 306 468 396 577
test_Nagakute_00197.jpg,2 0 183 272 517
test_Adachi_00268.jpg,1 247 323 366 433
test_Muroran_00245.jpg,2 242 356 314 600
test_Numazu_00220.jpg,6 246 352 484 591
test_Muroran_00117.jpg,2 194 422 284 598 2 0 406 180 560
test_Adachi_00088.jpg,2 189 281 273 485
test_Numazu_00308.jpg,5 44 472 232 600 8 210 409 375 537
test_Muroran_00183.jpg,5 108 294 507 600
test_Sumida_00055.jpg,2 336 432 405 547 8 384 431 540 562
test_Nagakute_00265.jpg,2 353 425 590 600 2 146 320 269 531
test_Sumida_00195.jpg,8 417 446 597 583
test_Nagakute_00135.jpg,1 166 503 341 595 8 14 381 204 600 8 337 370 600 590
test_Sumida_00063.jpg,2 387 416 600 524 2 254 423 354 551
test_Adachi_00099.jpg,8 24 315 202 600
test_Adachi_00257.jpg,7 23 172 504 311
test_Numazu_00088.jpg,5 33 397 540 600 5 282 435 600 595 8 6 363 194 595 8 412 473 588 597
test_Chiba_00068.jpg,2 0 183 272 517
test_Muroran_00070.jpg,2 147 339 267 600
test_Sumida_00224.jpg,7 162 433 600 556
test_Nagakute_00007.jpg,2 48 327 246 600 5 147 331 600 589
test_Muroran_00286.jpg,5 58 373 503 599
test_Numazu_00090.jpg,2 282 347 411 600
test_Numazu_00251.jpg,8 331 416 449 535
test_Muroran_00012.jpg,5 327 392 592 592
test_Nagakute_00025.jpg,1 53 400 162 548 8 267 346 580 591
test_Muroran_00352.jpg,5 110 364 600 593 5 127 398 415 591
test_Muroran_00278.jpg,8 227 403 305 600
test_Muroran_00116.jpg,6 64 380 600 588
test_Numazu_00113.jpg,1 340 340 581 580 5 331 340 584 575 8 7 298 189 486
test_Muroran_00262.jpg,5 111 326 579 600
test_Muroran_00243.jpg,2 410 392 516 521 5 174 322 543 589 5 53 297 403 589 8 5 273 231 596
test_Sumida_00044.jpg,2 353 411 466 546
test_Sumida_00052.jpg,2 107 405 251 564 2 122 445 221 542
test_Sumida_00095.jpg,1 163 399 261 493
test_Muroran_00422.jpg,2 0 183 272 517
test_Adachi_00120.jpg,2 381 241 563 534
test_Muroran_00342.jpg,2 391 409 589 591 5 0 368 377 593 5 135 393 487 598
test_Nagakute_00004.jpg,1 428 454 577 600 1 269 445 571 595 1 108 462 435 596 5 74 460 264 600
test_Sumida_00035.jpg,2 325 407 409 540 8 474 443 594 513
test_Adachi_00287.jpg,2 430 336 576 514
test_Adachi_00139.jpg,1 453 421 588 596 8 431 208 600 357
test_Adachi_00070.jpg,2 347 366 512 599
test_Muroran_00022.jpg,5 39 445 289 600 5 33 420 538 594 8 319 384 382 546
test_Nagakute_00134.jpg,1 2 425 252 600 2 241 313 401 585
test_Sumida_00046.jpg,2 318 408 378 543
test_Sumida_00087.jpg,2 376 421 479 563
test_Numazu_00221.jpg,2 271 372 341 595 2 247 313 357 600 8 309 332 395 436
test_Nagakute_00096.jpg,1 339 373 472 541 1 195 491 334 594 2 13 283 141 393
test_Sumida_00027.jpg,1 341 422 408 555
test_Adachi_00296.jpg,2 373 314 597 560
test_Ichihara_00014.jpg,1 159 499 266 600 2 417 422 600 579
test_Muroran_00091.jpg,1 11 420 170 600 1 32 413 147 537 2 306 352 481 592 2 299 338 420 491 8 313 355 416 478
test_Adachi_00330.jpg,5 155 220 352 346 5 391 223 594 362 5 162 214 600 359 7 102 259 590 600
test_Adachi_00315.jpg,7 57 181 546 270
test_Sumida_00082.jpg,2 283 398 326 507
test_Muroran_00247.jpg,8 75 370 206 596
test_Nagakute_00032.jpg,2 129 356 225 600
test_Sumida_00053.jpg,8 337 422 431 538
test_Adachi_00277.jpg,2 14 347 105 469
test_Sumida_00128.jpg,8 71 393 172 542
test_Muroran_00172.jpg,5 0 402 462 600
test_Nagakute_00248.jpg,1 68 460 190 593 8 232 308 600 591
test_Numazu_00062.jpg,5 279 414 529 590 5 76 398 204 538 8 268 308 580 536
test_Muroran_00083.jpg,5 229 313 352 512 5 174 326 600 579 5 375 344 591 588
test_Nagakute_00259.jpg,1 314 386 500 596 8 0 316 217 600
test_Numazu_00239.jpg,6 225 425 376 520
test_Muroran_00335.jpg,5 358 412 599 600 5 22 347 228 596 5 0 358 491 584
test_Nagakute_00235.jpg,1 198 441 476 590 3 36 479 504 586 8 1 333 190 508
test_Numazu_00212.jpg,8 285 404 569 600
test_Numazu_00342.jpg,1 104 364 270 599
test_Nagakute_00176.jpg,2 399 443 508 597 8 0 350 521 599
test_Muroran_00003.jpg,5 135 363 452 593
test_Muroran_00409.jpg,5 35 372 550 596
test_Nagakute_00246.jpg,2 254 378 339 600
test_Numazu_00206.jpg,2 0 183 272 517
test_Sumida_00212.jpg,2 0 183 272 517
test_Numazu_00053.jpg,1 352 387 492 579 2 353 376 495 574 8 400 351 595 541
test_Sumida_00156.jpg,2 199 450 272 558
test_Muroran_00142.jpg,2 0 183 272 517
test_Nagakute_00130.jpg,1 177 436 246 600
test_Numazu_00389.jpg,5 0 355 600 597
test_Adachi_00185.jpg,1 243 351 406 598
test_Sumida_00007.jpg,5 153 432 338 526 8 4 415 94 556
test_Muroran_00052.jpg,1 77 396 323 584 1 399 372 595 506 3 67 401 345 578 5 46 400 353 589
test_Chiba_00041.jpg,2 0 183 272 517
test_Numazu_00072.jpg,8 320 322 494 460 8 174 270 253 386 8 369 360 527 468
test_Sumida_00076.jpg,2 341 425 411 557
test_Sumida_00186.jpg,8 420 456 595 596
test_Sumida_00088.jpg,2 0 183 272 517
test_Sumida_00080.jpg,8 329 396 426 537
test_Sumida_00019.jpg,7 113 462 600 568
test_Sumida_00131.jpg,8 141 432 260 561
test_Muroran_00206.jpg,5 0 360 343 592
test_Adachi_00238.jpg,2 225 195 285 498
test_Muroran_00263.jpg,1 281 394 462 600 5 0 389 70 598 5 289 390 476 600
test_Muroran_00128.jpg,2 427 381 586 522 8 27 414 193 600
test_Numazu_00272.jpg,5 211 322 360 598 8 300 315 395 439
test_Muroran_00300.jpg,3 331 528 524 587
test_Adachi_00220.jpg,2 0 183 272 517
test_Sumida_00137.jpg,2 0 418 193 543 2 328 426 412 539 2 62 423 436 528
test_Muroran_00318.jpg,2 301 371 355 599 5 3 433 225 600
test_Numazu_00343.jpg,7 0 399 532 599
test_Adachi_00198.jpg,2 344 297 591 544
test_Muroran_00252.jpg,2 299 309 369 553
test_Sumida_00145.jpg,8 382 430 547 565
test_Muroran_00224.jpg,5 19 361 227 563 8 323 402 409 594
test_Muroran_00334.jpg,2 274 350 509 547 2 249 325 443 489
test_Numazu_00360.jpg,1 171 305 246 569 5 0 302 247 585 8 308 283 584 580 8 0 284 165 479
test_Muroran_00401.jpg,3 79 443 492 570 8 315 435 413 594
test_Nagakute_00067.jpg,1 155 396 347 594
test_Nagakute_00019.jpg,2 392 304 591 477
test_Numazu_00197.jpg,2 0 183 272 517
test_Muroran_00113.jpg,5 111 361 324 600 5 403 353 596 559
test_Nagakute_00153.jpg,7 0 428 572 600
test_Sumida_00064.jpg,2 114 404 199 525
test_Muroran_00216.jpg,5 17 361 499 599 5 0 368 229 600
test_Numazu_00208.jpg,1 258 453 332 597 5 179 409 600 600 8 326 424 433 513
test_Sumida_00013.jpg,2 407 443 599 597
test_Nagakute_00183.jpg,8 1 356 125 507 8 172 364 293 447
test_Muroran_00379.jpg,5 135 431 313 599
test_Adachi_00223.jpg,5 356 363 506 410
test_Nagakute_00048.jpg,1 54 426 189 598 2 258 381 417 597 8 268 388 412 595
test_Muroran_00241.jpg,2 177 286 252 432 7 0 423 504 598 8 39 304 202 458
test_Adachi_00059.jpg,2 123 291 289 584
test_Sumida_00144.jpg,2 0 183 272 517
test_Adachi_00160.jpg,2 315 339 397 571
test_Muroran_00154.jpg,5 116 384 453 593
test_Adachi_00138.jpg,2 434 298 595 550
test_Numazu_00400.jpg,2 112 419 197 600 2 271 388 351 597 2 130 393 338 600
test_Muroran_00067.jpg,5 180 391 600 595 8 107 356 309 600
test_Muroran_00026.jpg,2 325 324 505 600 2 118 349 279 600
test_Adachi_00179.jpg,5 259 341 528 597 5 0 423 524 598 8 297 311 499 582
test_Chiba_00063.jpg,8 462 486 594 574
test_Sumida_00167.jpg,8 412 462 593 600
test_Adachi_00231.jpg,1 160 122 289 506 1 367 166 595 469
test_Adachi_00260.jpg,2 447 351 595 485
test_Sumida_00024.jpg,2 209 395 288 523 8 347 426 445 536
test_Nagakute_00122.jpg,2 235 319 357 524 3 111 377 283 429
test_Adachi_00320.jpg,1 143 264 232 431 2 347 171 469 540 2 310 130 423 427 2 303 122 381 307 8 300 170 383 368
test_Numazu_00159.jpg,1 6 411 177 599
test_Adachi_00074.jpg,1 425 417 565 600
test_Muroran_00405.jpg,2 265 321 428 595 2 373 359 600 552
test_Chiba_00039.jpg,5 138 470 528 571
test_Muroran_00066.jpg,5 0 371 491 595 6 251 417 533 582
test_Muroran_00148.jpg,2 313 389 367 530 8 500 471 597 592 8 84 390 275 600
test_Muroran_00144.jpg,5 82 447 472 595
test_Muroran_00013.jpg,2 0 183 272 517
test_Sumida_00036.jpg,2 26 436 208 566
test_Muroran_00228.jpg,5 195 440 487 599
test_Muroran_00349.jpg,2 134 332 210 598 8 313 379 417 481
test_Muroran_00364.jpg,8 127 392 272 597 8 379 341 589 497
test_Sumida_00202.jpg,2 261 423 313 561
test_Adachi_00302.jpg,2 0 183 272 517
test_Nagakute_00182.jpg,8 297 330 528 579
test_Nagakute_00242.jpg,2 0 377 183 600 2 292 356 427 600
test_Chiba_00082.jpg,8 314 471 587 599
test_Ichihara_00019.jpg,8 6 439 231 596
test_Numazu_00237.jpg,5 55 399 420 598
test_Muroran_00353.jpg,2 0 183 272 517
test_Sumida_00021.jpg,2 0 183 272 517
test_Numazu_00325.jpg,1 329 460 498 538 1 76 419 171 588 8 9 400 152 566
test_Numazu_00262.jpg,1 51 358 184 466 8 289 287 543 588 8 197 427 299 594
test_Numazu_00207.jpg,1 359 359 544 546 7 190 266 462 343 8 367 356 562 557
test_Adachi_00215.jpg,2 360 223 530 583
test_Muroran_00412.jpg,5 21 359 486 600
test_Adachi_00324.jpg,2 394 387 589 537 2 167 381 277 594
test_Numazu_00141.jpg,2 245 355 343 598 8 298 328 516 594
test_Sumida_00122.jpg,7 67 434 526 524
test_Sumida_00116.jpg,2 0 183 272 517
test_Nagakute_00258.jpg,5 353 451 490 563 7 103 368 545 456
test_Adachi_00002.jpg,2 76 190 301 600 2 147 195 291 496
test_Sumida_00200.jpg,5 250 444 351 551
test_Numazu_00198.jpg,1 243 304 383 532 5 121 349 600 581 5 242 321 380 580
test_Numazu_00059.jpg,7 0 377 522 584 7 153 382 600 600
test_Muroran_00258.jpg,1 246 380 383 599 1 10 364 153 600 1 225 342 335 569 5 9 333 182 600 8 359 414 535 597
test_Numazu_00016.jpg,2 306 328 446 533
test_Muroran_00044.jpg,5 40 369 600 600
test_Sumida_00104.jpg,2 249 409 382 532 2 364 405 413 503
test_Nagakute_00261.jpg,1 30 432 144 555 8 7 331 207 529
test_Sumida_00211.jpg,8 348 408 535 556
test_Adachi_00022.jpg,1 289 486 401 598 1 190 351 272 485
test_Adachi_00095.jpg,2 191 350 288 597
test_Muroran_00272.jpg,8 377 408 529 561
test_Adachi_00294.jpg,2 346 238 512 564 2 396 328 540 594 2 360 250 465 454 7 203 189 522 251
test_Adachi_00084.jpg,1 386 477 490 598
test_Muroran_00127.jpg,5 273 461 373 592 8 406 326 593 451
test_Adachi_00019.jpg,8 355 441 474 600 8 231 374 368 456
test_Adachi_00136.jpg,2 286 78 476 250 7 60 246 600 599
test_Sumida_00154.jpg,1 381 425 442 472 8 246 404 343 455
test_Numazu_00188.jpg,1 391 387 529 492
test_Nagakute_00141.jpg,3 141 370 309 434
test_Adachi_00091.jpg,1 136 381 316 598
test_Chiba_00044.jpg,8 321 452 430 589 8 175 462 271 598
test_Muroran_00082.jpg,5 0 316 540 600
test_Muroran_00050.jpg,5 217 365 600 593
test_Nagakute_00105.jpg,2 338 447 498 598 8 382 524 591 599
test_Muroran_00167.jpg,5 0 329 390 595
test_Sumida_00017.jpg,1 183 426 311 527
test_Adachi_00063.jpg,2 475 285 596 438
test_Numazu_00387.jpg,2 0 183 272 517
test_Numazu_00399.jpg,5 0 300 284 513 5 364 381 573 541
test_Sumida_00103.jpg,7 139 463 600 569
test_Muroran_00057.jpg,5 238 378 514 565 6 267 381 470 533
test_Muroran_00061.jpg,1 427 339 592 514 2 278 390 342 600 2 240 355 346 600
test_Muroran_00077.jpg,2 191 370 238 600 5 54 380 392 600
test_Nagakute_00028.jpg,2 117 453 190 596 5 294 434 444 533
test_Muroran_00331.jpg,7 97 357 585 521
test_Numazu_00040.jpg,8 22 280 209 600 8 337 298 597 477
test_Ichihara_00032.jpg,7 62 479 588 598
test_Muroran_00170.jpg,8 0 383 188 567
test_Muroran_00185.jpg,5 52 353 544 598
test_Nagakute_00110.jpg,2 335 234 600 493 8 13 263 238 562
test_Nagakute_00210.jpg,2 349 429 597 499 8 58 398 282 505
test_Muroran_00250.jpg,2 387 370 509 563 5 147 407 291 592 5 90 398 558 598 8 273 472 335 600
test_Chiba_00037.jpg,7 166 495 600 587
test_Sumida_00221.jpg,2 0 183 272 517
test_Numazu_00152.jpg,2 0 183 272 517
test_Muroran_00182.jpg,1 188 418 274 595
test_Sumida_00089.jpg,7 72 443 600 543
test_Muroran_00288.jpg,5 130 342 507 591
test_Muroran_00150.jpg,5 269 297 488 442 5 227 445 564 598
test_Chiba_00031.jpg,2 70 462 193 596
test_Sumida_00075.jpg,2 216 399 288 545
test_Numazu_00075.jpg,5 24 390 271 596
test_Numazu_00234.jpg,1 238 358 301 570
test_Numazu_00091.jpg,1 188 408 264 591 8 20 267 216 600 8 376 320 600 484
test_Chiba_00094.jpg,4 102 439 328 484
test_Adachi_00078.jpg,1 373 311 508 471 8 362 247 600 427
test_Sumida_00012.jpg,2 370 441 497 589
test_Muroran_00306.jpg,2 288 337 337 600
test_Sumida_00073.jpg,2 249 401 347 538 2 248 428 287 544
test_Muroran_00171.jpg,5 89 367 600 595
test_Muroran_00105.jpg,8 365 487 520 600
test_Nagakute_00263.jpg,1 287 348 485 552
test_Adachi_00062.jpg,7 64 360 543 494 8 0 424 210 587
test_Adachi_00122.jpg,1 147 253 386 565
test_Sumida_00121.jpg,8 3 440 223 566
test_Muroran_00380.jpg,1 127 458 246 596 8 394 415 595 599
test_Adachi_00016.jpg,1 364 348 478 518
test_Muroran_00187.jpg,5 17 372 414 596 5 221 367 423 586
test_Adachi_00221.jpg,1 389 419 483 540 8 400 381 551 549
test_Adachi_00317.jpg,2 0 342 154 494 8 454 362 594 482
test_Adachi_00207.jpg,1 419 248 579 422
test_Adachi_00218.jpg,1 441 191 559 541 2 446 220 558 538 7 0 221 363 521
test_Adachi_00015.jpg,1 115 111 253 514
test_Adachi_00209.jpg,1 403 275 527 468 1 379 276 583 543 2 3 199 158 515
test_Numazu_00186.jpg,5 246 339 537 512 5 263 342 399 466
test_Numazu_00304.jpg,2 281 257 570 571 8 298 270 595 575
test_Sumida_00222.jpg,2 0 183 272 517
test_Numazu_00153.jpg,6 181 394 399 592 8 409 405 600 600 8 142 384 376 593 8 112 384 261 598
test_Nagakute_00273.jpg,1 64 467 157 597 2 241 224 326 600 5 304 311 578 569 8 24 244 215 559
test_Muroran_00032.jpg,5 66 347 549 595 5 309 374 600 579 8 371 370 600 575 8 392 375 540 482
test_Numazu_00377.jpg,2 75 348 253 582
test_Adachi_00234.jpg,2 0 183 272 517
test_Nagakute_00272.jpg,1 457 426 590 531
test_Chiba_00060.jpg,8 215 464 328 591 8 413 458 599 571
test_Numazu_00182.jpg,1 62 509 157 600 1 292 441 424 593 2 291 414 423 600 5 286 438 432 600
test_Adachi_00293.jpg,2 0 183 272 517
test_Ichihara_00005.jpg,2 469 428 600 567
test_Nagakute_00118.jpg,3 406 419 599 466 8 302 333 572 595
test_Sumida_00054.jpg,2 0 183 272 517
test_Numazu_00054.jpg,2 250 377 344 600 8 352 436 564 600
test_Nagakute_00188.jpg,8 291 379 504 596
test_Numazu_00058.jpg,5 67 427 337 596
test_Adachi_00082.jpg,2 94 268 262 443
test_Muroran_00307.jpg,5 99 402 553 599 5 0 472 69 595
test_Adachi_00003.jpg,2 0 321 178 467
test_Muroran_00010.jpg,2 144 378 273 600
test_Numazu_00404.jpg,5 221 351 524 572 6 213 361 502 580
test_Numazu_00227.jpg,5 99 405 594 598 8 44 362 216 593
test_Nagakute_00011.jpg,5 115 316 531 535 7 66 325 535 562 8 222 320 529 546
test_Muroran_00254.jpg,1 369 380 587 584 1 345 353 524 512 1 101 369 195 470 1 28 383 187 567 8 341 389 436 523
test_Nagakute_00033.jpg,1 72 487 154 599 1 87 434 216 596 2 227 361 495 598
test_Muroran_00175.jpg,5 75 396 562 594
test_Sumida_00057.jpg,7 194 433 580 542
test_Numazu_00122.jpg,1 1 389 134 581
test_Sumida_00127.jpg,7 0 480 576 569
test_Sumida_00149.jpg,2 0 183 272 517
test_Numazu_00024.jpg,2 185 384 246 588 3 231 431 474 483 8 371 343 600 559 8 1 333 160 519
test_Nagakute_00005.jpg,5 46 417 310 599
test_Chiba_00093.jpg,5 299 460 373 593 8 451 471 595 554
test_Muroran_00358.jpg,2 0 183 272 517
test_Sumida_00092.jpg,2 0 183 272 517
test_Adachi_00093.jpg,2 217 297 281 549 8 189 339 600 575 8 153 339 532 468
test_Numazu_00106.jpg,5 81 409 567 580
test_Muroran_00051.jpg,1 9 440 163 596 5 3 373 155 527 5 259 338 548 600
test_Muroran_00209.jpg,5 89 349 600 595
test_Nagakute_00024.jpg,5 0 457 359 598 5 166 493 556 595
test_Sumida_00183.jpg,2 0 183 272 517
test_Numazu_00079.jpg,1 215 415 276 581 8 302 414 570 599
test_Adachi_00056.jpg,2 345 237 511 563 2 397 328 538 595 2 360 248 467 463 7 203 191 523 252
test_Numazu_00158.jpg,2 307 273 479 586
test_Nagakute_00269.jpg,5 70 343 350 582
test_Sumida_00177.jpg,8 433 423 594 555
test_Numazu_00050.jpg,7 0 393 525 591
test_Nagakute_00223.jpg,8 66 351 600 583
test_Numazu_00236.jpg,5 0 353 490 600
test_Muroran_00362.jpg,5 185 363 479 600 8 474 464 600 584
test_Muroran_00316.jpg,5 82 348 289 598
test_Numazu_00167.jpg,7 0 376 491 600
test_Nagakute_00207.jpg,2 275 222 510 600 2 319 259 600 504 3 360 411 546 477
test_Numazu_00253.jpg,2 294 302 533 584
test_Chiba_00003.jpg,2 399 448 568 577
test_Muroran_00118.jpg,2 299 365 359 593 5 322 403 600 598
test_Nagakute_00082.jpg,1 404 361 521 484 2 115 335 286 593
test_Adachi_00202.jpg,2 119 384 290 522
test_Muroran_00411.jpg,5 0 365 480 597
test_Adachi_00076.jpg,8 169 282 519 548 8 63 255 333 517
test_Muroran_00369.jpg,7 0 433 543 600
test_Muroran_00400.jpg,2 428 449 576 597 6 0 433 253 592
test_Adachi_00316.jpg,1 175 401 225 578
test_Ichihara_00016.jpg,2 0 183 272 517
test_Nagakute_00271.jpg,1 411 416 568 597 2 318 460 407 595 8 83 267 223 600
test_Muroran_00166.jpg,1 129 413 281 597 5 93 407 325 596
test_Nagakute_00107.jpg,2 138 383 220 600 8 254 313 594 577
test_Chiba_00032.jpg,1 391 449 579 584 5 393 456 588 585
test_Muroran_00191.jpg,1 0 448 367 593 5 75 456 600 597
test_Adachi_00278.jpg,8 367 308 600 528
test_Numazu_00392.jpg,2 273 320 344 548
test_Numazu_00314.jpg,2 265 395 328 600
test_Numazu_00015.jpg,5 27 297 367 578
test_Adachi_00310.jpg,2 305 106 417 550 2 331 186 448 600
test_Nagakute_00018.jpg,1 6 378 120 495
test_Chiba_00009.jpg,2 15 471 82 594
test_Sumida_00178.jpg,2 0 183 272 517
test_Nagakute_00050.jpg,8 258 398 377 599
test_Numazu_00026.jpg,1 254 311 392 502
test_Muroran_00393.jpg,5 25 399 510 600
test_Numazu_00044.jpg,2 127 289 230 583 8 372 303 597 490
test_Muroran_00291.jpg,1 232 347 295 597 8 84 408 216 600
test_Muroran_00363.jpg,1 167 480 263 599 2 406 380 580 555 5 352 529 554 595 8 0 370 227 532 8 396 374 579 557
test_Adachi_00169.jpg,1 196 315 301 568
test_Adachi_00267.jpg,2 389 289 470 534
test_Chiba_00028.jpg,2 0 183 272 517
test_Sumida_00214.jpg,8 69 467 196 566
test_Adachi_00044.jpg,2 3 154 150 279 2 85 154 223 438 2 53 202 190 524
test_Muroran_00203.jpg,5 124 361 600 569 5 197 351 517 517
test_Numazu_00305.jpg,1 19 461 202 598 1 0 423 300 584 8 0 422 374 532
test_Muroran_00168.jpg,5 234 365 600 594
test_Numazu_00140.jpg,8 147 516 600 596
test_Numazu_00008.jpg,2 0 183 272 517
test_Chiba_00062.jpg,8 285 463 454 600
test_Nagakute_00165.jpg,2 8 393 167 594 4 20 366 579 459 4 167 481 600 583
test_Sumida_00155.jpg,2 139 438 256 552
test_Muroran_00129.jpg,2 112 433 205 600 2 117 354 251 600 2 353 351 577 599
test_Sumida_00129.jpg,2 185 445 305 564 2 430 470 558 582
test_Chiba_00024.jpg,2 0 183 272 517
test_Sumida_00189.jpg,1 293 422 372 535
test_Muroran_00114.jpg,2 376 493 480 597 5 165 391 315 552
test_Sumida_00163.jpg,2 0 183 272 517
test_Numazu_00156.jpg,2 299 302 463 478 3 240 393 435 451 8 364 330 594 542
test_Numazu_00334.jpg,1 221 466 296 583
test_Muroran_00139.jpg,2 0 183 272 517
test_Sumida_00113.jpg,2 0 183 272 517
test_Ichihara_00018.jpg,8 432 410 600 557
test_Adachi_00011.jpg,2 214 313 481 579 8 3 255 94 424
test_Sumida_00011.jpg,5 250 450 412 560 8 383 426 514 580
test_Nagakute_00129.jpg,2 231 336 454 594 5 266 403 548 595
test_Adachi_00170.jpg,1 418 349 597 528 5 155 397 566 599
test_Adachi_00239.jpg,1 482 381 594 542
test_Numazu_00300.jpg,2 279 410 365 522
test_Sumida_00107.jpg,2 0 183 272 517
test_Numazu_00166.jpg,1 70 409 174 588 8 4 294 183 547 8 0 395 94 547
test_Numazu_00319.jpg,2 0 183 272 517
test_Muroran_00146.jpg,5 267 453 600 600
test_Nagakute_00169.jpg,2 230 314 368 582 2 238 310 328 483 3 48 450 322 505
test_Nagakute_00264.jpg,5 66 320 438 586
test_Sumida_00174.jpg,8 407 386 600 558
test_Numazu_00135.jpg,1 173 354 256 587 1 279 339 431 471 1 40 344 493 596 2 1 331 144 496
test_Numazu_00345.jpg,2 0 183 272 517
test_Muroran_00327.jpg,2 271 317 331 600 8 460 489 578 599
test_Nagakute_00189.jpg,1 278 431 378 541 8 332 389 590 600
test_Chiba_00071.jpg,8 300 431 454 590
test_Muroran_00096.jpg,5 273 458 372 592 8 406 326 593 450
test_Sumida_00153.jpg,8 342 410 424 554
test_Nagakute_00088.jpg,1 8 356 257 570 1 70 324 276 502 8 314 345 534 600
test_Numazu_00002.jpg,6 9 447 219 595
test_Numazu_00124.jpg,1 127 422 226 594 2 284 300 494 589 8 426 360 600 502
test_Muroran_00027.jpg,5 204 488 313 600
test_Nagakute_00205.jpg,2 301 385 434 600
test_Numazu_00341.jpg,2 162 285 431 585 2 241 387 456 590 8 367 377 536 521
test_Adachi_00175.jpg,2 369 320 436 590 3 166 371 330 438
test_Muroran_00157.jpg,2 201 312 282 568
test_Adachi_00057.jpg,2 0 183 272 517
test_Adachi_00306.jpg,2 255 274 420 580
test_Muroran_00087.jpg,5 198 396 494 597
test_Adachi_00119.jpg,7 87 324 600 560
test_Muroran_00225.jpg,1 214 395 352 592 6 446 381 597 510 8 18 374 275 574
test_Adachi_00144.jpg,7 0 309 444 398 8 307 376 559 577
test_Muroran_00237.jpg,1 180 372 314 585 1 445 376 598 548 1 389 405 548 587 8 373 414 532 584
test_Adachi_00254.jpg,2 317 143 460 545 8 11 154 178 361
test_Nagakute_00060.jpg,2 0 183 272 517
test_Adachi_00325.jpg,2 9 328 197 472
test_Numazu_00121.jpg,2 0 183 272 517
test_Sumida_00179.jpg,2 356 424 470 534
test_Muroran_00094.jpg,2 311 492 353 600
test_Adachi_00300.jpg,1 255 497 354 598
test_Muroran_00043.jpg,5 20 321 508 595
test_Adachi_00188.jpg,2 0 183 272 517
test_Nagakute_00131.jpg,1 45 348 211 492 1 285 360 384 514 8 0 343 190 510
test_Chiba_00087.jpg,1 351 503 446 583 2 486 473 597 570 8 194 472 337 558
test_Adachi_00042.jpg,8 390 217 597 548
test_Nagakute_00270.jpg,1 47 344 218 518 1 245 361 327 513 8 0 293 219 467 8 278 315 569 534
test_Muroran_00320.jpg,5 250 368 589 598
test_Adachi_00210.jpg,8 89 365 411 588
test_Muroran_00124.jpg,1 238 396 301 559 3 27 484 317 538 5 324 351 492 593 5 3 369 525 582 8 365 397 456 594
test_Nagakute_00179.jpg,7 311 395 598 600
test_Numazu_00270.jpg,7 296 416 600 543
test_Chiba_00091.jpg,2 0 183 272 517
test_Muroran_00165.jpg,1 110 448 222 577 5 305 312 600 583 8 411 398 566 567
test_Numazu_00074.jpg,2 268 282 473 576 8 270 286 464 556
test_Ichihara_00039.jpg,7 163 448 600 597
test_Adachi_00229.jpg,1 424 460 573 598 2 432 457 572 597
test_Sumida_00187.jpg,2 334 394 511 549
test_Nagakute_00006.jpg,5 0 402 304 600
test_Adachi_00118.jpg,3 59 438 494 559
test_Sumida_00039.jpg,7 0 434 497 530
test_Adachi_00272.jpg,2 356 210 533 550 8 6 181 263 583 8 265 173 345 213
test_Adachi_00235.jpg,7 27 155 578 285
test_Sumida_00065.jpg,8 360 414 566 561
test_Numazu_00287.jpg,1 5 442 149 590
test_Sumida_00219.jpg,2 234 390 309 529 2 338 391 432 536 2 221 441 292 534 8 365 393 600 569
test_Sumida_00132.jpg,2 392 444 503 559
test_Nagakute_00119.jpg,5 293 387 460 570
test_Adachi_00280.jpg,2 0 183 272 517
test_Nagakute_00231.jpg,1 178 347 277 468 2 300 307 347 474 8 133 313 268 469
test_Muroran_00280.jpg,2 261 362 333 552 5 200 411 600 600 8 422 509 537 599
test_Sumida_00220.jpg,2 209 396 288 542
test_Numazu_00329.jpg,1 256 328 358 448 8 37 256 228 581 8 387 325 600 496
test_Muroran_00215.jpg,5 215 434 581 599
test_Adachi_00186.jpg,2 31 232 196 502 2 158 232 226 516 3 118 231 581 338
test_Numazu_00245.jpg,6 166 285 325 593
test_Chiba_00059.jpg,8 486 497 600 569
test_Nagakute_00069.jpg,8 237 308 553 596
test_Numazu_00362.jpg,2 231 352 311 573 5 445 442 598 591
test_Sumida_00066.jpg,5 155 439 295 558
test_Sumida_00157.jpg,2 226 425 412 547 8 140 416 267 548 8 334 425 453 546
test_Numazu_00162.jpg,1 289 338 426 504 8 0 302 191 592 8 411 337 598 486
test_Muroran_00325.jpg,1 235 388 285 597 1 54 370 186 554 2 56 365 182 554
test_Sumida_00218.jpg,2 242 393 300 531
test_Muroran_00274.jpg,2 0 183 272 517
test_Numazu_00085.jpg,5 86 368 528 591
test_Nagakute_00195.jpg,8 100 401 600 588
test_Sumida_00172.jpg,7 114 451 583 551
test_Nagakute_00253.jpg,8 345 479 503 600
test_Numazu_00145.jpg,2 316 340 491 586 8 337 318 516 408 8 518 433 598 591
test_Ichihara_00036.jpg,7 69 428 600 596
test_Ichihara_00015.jpg,1 60 434 372 584
test_Numazu_00367.jpg,5 106 428 223 577 5 279 451 456 575
test_Numazu_00031.jpg,1 323 332 527 561 5 314 333 516 558 8 4 241 223 574
test_Numazu_00402.jpg,2 0 183 272 517
test_Nagakute_00211.jpg,2 383 454 596 600 8 0 403 572 597
test_Adachi_00023.jpg,2 86 296 236 558 8 280 238 484 295
test_Muroran_00081.jpg,2 391 397 556 577
test_Nagakute_00098.jpg,8 296 319 600 571
test_Adachi_00047.jpg,1 136 292 243 510
test_Numazu_00019.jpg,5 272 401 530 595 5 115 462 474 597 8 281 404 507 598 8 1 441 126 570
test_Adachi_00097.jpg,1 7 317 171 543
test_Nagakute_00200.jpg,2 306 394 572 598
test_Numazu_00012.jpg,1 27 288 190 455 5 436 357 594 513 8 8 284 192 469
test_Adachi_00071.jpg,2 329 298 405 428
test_Numazu_00200.jpg,5 211 344 522 600
test_Sumida_00090.jpg,8 256 429 342 577
test_Numazu_00322.jpg,2 358 349 600 597
test_Muroran_00097.jpg,5 173 462 490 536 8 346 359 509 554 8 399 425 557 599
test_Muroran_00372.jpg,1 382 384 598 596
test_Adachi_00037.jpg,2 411 208 569 387
test_Muroran_00301.jpg,2 0 183 272 517
test_Muroran_00355.jpg,2 191 347 315 599 5 324 320 564 600 5 179 342 325 531
test_Sumida_00158.jpg,2 137 397 254 529
test_Numazu_00043.jpg,2 302 460 383 597 8 363 439 587 600
test_Nagakute_00037.jpg,7 4 375 572 567
test_Numazu_00213.jpg,1 113 372 556 572 3 117 398 512 559 8 4 266 277 471 8 470 308 599 534
test_Numazu_00195.jpg,5 0 400 319 596
test_Sumida_00032.jpg,7 142 503 600 593
test_Muroran_00267.jpg,5 55 331 552 583 5 302 315 600 600
test_Numazu_00289.jpg,5 196 417 600 597
test_Numazu_00199.jpg,8 344 314 597 550
test_Nagakute_00051.jpg,1 96 399 224 599 8 282 329 593 594 8 6 315 181 524
test_Nagakute_00106.jpg,7 110 373 379 426
test_Numazu_00283.jpg,2 117 423 201 579 5 134 422 261 578 5 78 311 600 579 8 67 269 190 374
test_Numazu_00109.jpg,1 116 306 380 586 1 148 334 325 511 1 223 400 358 576
test_Muroran_00064.jpg,5 110 373 600 591 5 0 444 372 590 5 0 419 545 540
test_Muroran_00330.jpg,5 178 328 353 415
test_Nagakute_00063.jpg,2 0 319 186 502 2 227 298 301 600 5 164 409 291 600
test_Adachi_00304.jpg,2 0 183 272 517
test_Muroran_00049.jpg,5 21 346 300 595
test_Numazu_00150.jpg,5 253 362 600 530
test_Nagakute_00251.jpg,8 345 309 595 555
test_Adachi_00156.jpg,7 0 232 520 440
test_Ichihara_00010.jpg,8 285 416 334 597
test_Numazu_00242.jpg,5 287 375 596 585 8 95 271 259 600
test_Adachi_00038.jpg,2 381 389 592 555
test_Muroran_00259.jpg,2 0 183 272 517
test_Numazu_00068.jpg,1 401 437 572 596 5 141 400 367 592
test_Muroran_00266.jpg,5 73 363 585 600
test_Adachi_00171.jpg,2 332 297 595 545 8 438 397 599 558
test_Chiba_00077.jpg,2 387 471 560 597 3 72 481 476 578
test_Muroran_00220.jpg,5 194 387 600 597 6 368 443 533 587
test_Numazu_00264.jpg,1 58 378 214 569 2 328 372 465 572 5 53 375 213 577 8 199 327 353 483
test_Sumida_00139.jpg,2 0 183 272 517
test_Sumida_00083.jpg,2 392 415 578 531 2 54 442 216 557 8 57 434 219 553
test_Adachi_00184.jpg,1 189 196 268 440 8 18 192 161 384
test_Nagakute_00237.jpg,1 204 406 285 532 1 70 383 190 587
test_Adachi_00028.jpg,2 320 181 546 600 2 295 142 455 474 2 312 181 417 391
test_Numazu_00005.jpg,1 390 482 594 596 5 140 482 353 595 5 98 479 558 595
test_Adachi_00212.jpg,1 90 378 242 535
test_Ichihara_00040.jpg,1 191 442 305 597 8 484 448 600 544
test_Sumida_00112.jpg,7 105 452 600 560
test_Nagakute_00056.jpg,2 13 245 254 541
test_Numazu_00142.jpg,3 170 447 600 568 3 0 493 472 582 5 422 368 591 544 8 4 278 202 518
test_Nagakute_00143.jpg,5 239 297 567 595 8 258 253 600 574 8 6 290 167 498
test_Ichihara_00008.jpg,1 185 444 309 600 8 467 449 597 560
test_Numazu_00351.jpg,2 289 499 405 593
test_Adachi_00108.jpg,2 17 78 182 337
test_Numazu_00111.jpg,8 7 414 181 576 8 286 322 373 600
test_Chiba_00042.jpg,1 313 443 402 540 2 82 444 192 528
test_Nagakute_00148.jpg,1 405 413 575 585
test_Numazu_00382.jpg,7 136 326 559 449
test_Muroran_00072.jpg,1 0 374 179 574 5 89 334 528 583 5 0 376 176 569
test_Numazu_00179.jpg,2 318 295 600 577 6 205 488 356 590
test_Muroran_00428.jpg,5 95 327 566 593
test_Numazu_00037.jpg,2 28 423 124 600 5 3 430 138 600
test_Muroran_00230.jpg,2 0 183 272 517
test_Chiba_00005.jpg,8 433 463 597 567
test_Muroran_00177.jpg,5 121 352 571 597 5 274 366 548 543 8 351 385 502 536
test_Sumida_00130.jpg,2 351 408 425 547
test_Nagakute_00222.jpg,2 299 390 597 530 8 10 266 56 484
test_Chiba_00047.jpg,2 473 469 589 552
test_Adachi_00101.jpg,7 0 397 521 592
test_Muroran_00173.jpg,2 0 183 272 517
test_Muroran_00042.jpg,2 404 368 592 599
test_Numazu_00276.jpg,7 112 383 600 563
test_Sumida_00097.jpg,7 3 420 467 549
test_Ichihara_00007.jpg,1 116 418 292 595 8 404 401 594 574 8 31 402 280 595
test_Numazu_00295.jpg,2 320 398 405 580 8 288 296 466 548 8 336 358 530 558 8 1 303 159 443
test_Numazu_00209.jpg,2 327 422 434 599 3 44 405 346 464
test_Nagakute_00145.jpg,8 48 401 179 599
test_Adachi_00125.jpg,7 129 336 552 427 8 414 434 582 598 8 0 382 158 578
test_Numazu_00252.jpg,1 9 470 171 583 5 5 473 165 587
test_Muroran_00065.jpg,5 187 363 590 599
test_Adachi_00100.jpg,7 0 414 449 600 7 61 450 568 600
test_Sumida_00148.jpg,2 0 183 272 517
test_Muroran_00218.jpg,2 38 359 164 528 2 201 319 256 565 8 391 346 593 520 8 1 327 129 452
test_Nagakute_00249.jpg,2 178 332 249 579
test_Chiba_00072.jpg,2 181 506 315 591
test_Numazu_00104.jpg,5 0 332 476 589 5 270 384 545 577 5 44 303 273 566 8 412 281 600 391
test_Numazu_00298.jpg,1 69 439 287 595 8 2 297 219 485 8 354 354 547 600
test_Sumida_00207.jpg,2 0 183 272 517
test_Sumida_00191.jpg,2 346 442 383 552
test_Adachi_00281.jpg,2 0 317 187 595 8 442 311 599 450
test_Ichihara_00027.jpg,1 146 384 287 585 8 0 400 243 593 8 391 377 600 526
test_Numazu_00066.jpg,2 285 291 465 540 5 300 320 514 573
test_Sumida_00215.jpg,8 402 452 597 593
test_Sumida_00114.jpg,8 428 469 593 598
test_Numazu_00073.jpg,7 0 429 455 600
test_Nagakute_00151.jpg,5 1 344 126 590 8 282 348 594 594
test_Numazu_00129.jpg,5 325 423 529 578 6 242 282 422 383
test_Numazu_00102.jpg,5 180 352 567 600 5 141 354 375 596
test_Muroran_00169.jpg,1 444 491 535 599 5 0 379 316 527
test_Numazu_00035.jpg,2 250 328 325 587 8 52 325 197 600
test_Chiba_00040.jpg,2 304 470 380 596 8 302 468 378 596
test_Adachi_00147.jpg,2 313 323 389 600
test_Muroran_00395.jpg,2 280 314 347 458 8 384 371 498 454 8 121 339 224 463
test_Nagakute_00215.jpg,1 36 386 155 590 8 0 327 114 507
test_Chiba_00012.jpg,2 0 183 272 517
test_Muroran_00192.jpg,1 268 355 338 578 8 360 366 587 589 8 4 368 181 573
test_Numazu_00279.jpg,2 291 419 369 600 2 72 430 193 594 8 339 424 487 597 8 5 443 168 588
test_Numazu_00018.jpg,7 0 378 533 600
test_Muroran_00019.jpg,5 74 372 548 597 5 214 392 444 600 5 450 371 596 549
test_Muroran_00317.jpg,1 123 381 301 600
test_Adachi_00148.jpg,1 446 452 595 593
test_Muroran_00396.jpg,5 90 346 563 598
test_Ichihara_00006.jpg,5 0 388 437 600
test_Adachi_00232.jpg,8 392 443 527 600
test_Muroran_00403.jpg,5 151 363 497 600
test_Sumida_00049.jpg,2 333 424 397 540 8 377 424 534 554
test_Muroran_00123.jpg,2 102 379 231 470
test_Adachi_00279.jpg,1 336 306 543 594 1 314 307 427 438 2 5 302 202 485
test_Nagakute_00232.jpg,5 81 401 552 600
test_Adachi_00189.jpg,2 121 188 271 548 2 484 367 596 527 2 0 234 130 365
test_Chiba_00083.jpg,8 476 495 593 582 8 210 472 325 587
test_Muroran_00202.jpg,5 232 362 501 491
test_Numazu_00098.jpg,6 145 416 379 600
test_Adachi_00055.jpg,2 0 242 295 535 7 20 202 341 400 8 0 202 320 526
test_Muroran_00264.jpg,2 104 353 227 599
test_Numazu_00371.jpg,5 56 347 512 584 5 0 390 274 600
test_Chiba_00066.jpg,2 0 183 272 517
test_Numazu_00320.jpg,2 363 373 586 583 2 71 350 190 598 8 0 317 147 467
test_Muroran_00145.jpg,2 0 183 272 517
test_Muroran_00152.jpg,5 65 404 495 600
test_Chiba_00014.jpg,7 111 509 600 591 8 12 524 195 597
test_Sumida_00223.jpg,2 316 394 382 538 8 342 396 517 550
test_Numazu_00001.jpg,5 47 456 217 594
test_Numazu_00022.jpg,5 435 331 598 586
test_Muroran_00265.jpg,5 202 350 433 586 8 443 360 555 456
test_Numazu_00358.jpg,1 219 427 286 589 8 272 390 508 592 8 162 384 273 454
test_Numazu_00025.jpg,5 236 320 537 571
test_Muroran_00308.jpg,2 0 183 272 517
test_Ichihara_00011.jpg,3 250 537 429 598
test_Numazu_00247.jpg,5 27 484 477 600
test_Adachi_00048.jpg,7 125 155 526 263 8 486 251 600 379
test_Adachi_00233.jpg,1 311 169 419 349 8 0 182 151 437
test_Nagakute_00193.jpg,1 81 365 276 598 2 318 313 546 590 5 153 375 272 527 8 8 328 259 600 8 105 372 270 572
test_Sumida_00099.jpg,2 146 429 271 543
test_Adachi_00194.jpg,2 410 363 589 568
test_Chiba_00043.jpg,8 233 477 329 591 8 422 463 600 565
test_Muroran_00392.jpg,5 93 374 600 599
test_Nagakute_00166.jpg,2 203 361 261 600
test_Nagakute_00101.jpg,3 127 456 546 575 5 227 299 600 577 8 209 233 260 554
test_Nagakute_00077.jpg,2 331 316 453 598 2 332 320 413 511 8 46 354 264 600
test_Sumida_00119.jpg,7 8 440 568 558
test_Numazu_00089.jpg,5 232 380 496 583
test_Nagakute_00177.jpg,5 64 343 499 596
test_Muroran_00188.jpg,2 0 183 272 517
test_Numazu_00130.jpg,5 0 408 254 572 5 86 401 424 599
test_Muroran_00034.jpg,2 391 352 596 591 5 44 358 588 600 5 338 338 600 591
test_Chiba_00054.jpg,8 72 441 201 598 8 295 453 516 594
test_Adachi_00193.jpg,2 392 370 540 591
test_Ichihara_00012.jpg,5 305 440 594 592
test_Muroran_00161.jpg,5 331 384 600 594
test_Muroran_00281.jpg,5 266 325 591 593 8 426 361 546 435 8 223 304 275 576
test_Muroran_00106.jpg,2 0 402 134 570 5 252 372 506 503
test_Numazu_00194.jpg,1 106 388 244 589 8 334 342 475 495 8 1 321 147 485
test_Muroran_00337.jpg,2 0 183 272 517
test_Muroran_00196.jpg,5 23 359 555 599
test_Sumida_00162.jpg,2 133 410 270 551
test_Numazu_00330.jpg,5 18 352 199 594 5 0 330 421 592 5 207 342 450 583
test_Nagakute_00002.jpg,2 268 376 402 594
test_Muroran_00285.jpg,2 323 338 520 600 5 92 358 539 594
test_Sumida_00084.jpg,8 431 446 579 524
test_Nagakute_00094.jpg,7 0 467 444 594 7 131 472 600 594
test_Numazu_00318.jpg,2 309 390 520 598 2 216 368 266 600 8 81 368 232 597
test_Chiba_00085.jpg,2 0 183 272 517
test_Sumida_00133.jpg,2 191 379 290 501
test_Adachi_00146.jpg,2 351 367 448 549 8 401 426 536 591
test_Numazu_00291.jpg,5 61 433 301 597 6 118 432 298 589
test_Muroran_00208.jpg,3 130 391 288 452 8 271 324 591 573
test_Nagakute_00042.jpg,1 266 413 408 600 8 354 374 592 531
test_Nagakute_00045.jpg,5 193 327 600 597
test_Nagakute_00103.jpg,5 143 467 340 600 8 248 374 381 600
test_Muroran_00121.jpg,5 6 402 501 600 5 147 464 588 597
test_Adachi_00043.jpg,2 387 198 594 488 2 230 178 311 444 8 425 251 596 532
test_Numazu_00205.jpg,2 0 183 272 517
test_Sumida_00146.jpg,2 212 414 277 543 8 100 430 233 553 8 403 439 589 563
test_Muroran_00017.jpg,5 126 361 600 575 5 370 372 596 593
test_Muroran_00231.jpg,1 9 418 180 597 5 232 290 550 532 5 231 506 425 596
test_Muroran_00427.jpg,2 0 183 272 517
test_Muroran_00324.jpg,5 325 501 501 595
test_Sumida_00109.jpg,7 455 467 580 561 7 78 463 600 567
test_Numazu_00266.jpg,1 226 466 288 598
test_Muroran_00048.jpg,5 0 424 564 598 5 10 428 143 591 5 285 444 576 600
test_Muroran_00134.jpg,1 184 420 267 600 2 185 417 271 598 8 0 378 178 579 8 360 361 535 597
test_Adachi_00116.jpg,2 207 237 283 512
test_Sumida_00069.jpg,8 438 461 600 597
test_Muroran_00076.jpg,1 245 431 370 600
test_Adachi_00230.jpg,7 0 267 505 577 7 0 209 536 446
test_Adachi_00205.jpg,2 235 238 298 566
test_Nagakute_00230.jpg,2 281 316 410 600 5 104 418 258 577
test_Numazu_00112.jpg,5 311 456 493 599 5 119 440 462 591
test_Nagakute_00053.jpg,2 0 183 272 517
test_Numazu_00100.jpg,2 330 484 456 598 5 276 450 439 596
test_Adachi_00041.jpg,2 375 261 541 553 2 77 407 170 576 2 141 243 242 432 2 119 193 261 512
test_Adachi_00143.jpg,1 362 351 474 542
test_Numazu_00084.jpg,5 26 442 416 596
test_Muroran_00314.jpg,5 23 388 566 600 5 302 391 600 600 8 348 399 435 509
test_Muroran_00302.jpg,8 82 518 232 597
test_Chiba_00073.jpg,1 305 476 391 584 5 309 479 393 582
test_Muroran_00002.jpg,5 0 425 449 600 5 9 461 319 597
test_Muroran_00311.jpg,2 0 183 272 517
test_Muroran_00004.jpg,2 279 390 337 597 5 28 394 229 593
test_Muroran_00276.jpg,5 101 398 490 596
test_Nagakute_00137.jpg,1 183 429 269 590
test_Muroran_00054.jpg,5 264 280 440 413
test_Sumida_00185.jpg,8 220 395 297 526
test_Muroran_00181.jpg,2 360 405 472 535
test_Adachi_00007.jpg,5 0 228 397 545
test_Nagakute_00219.jpg,1 90 492 174 600 8 233 327 592 577
test_Adachi_00027.jpg,2 0 183 272 517
test_Sumida_00126.jpg,2 0 183 272 517
test_Chiba_00067.jpg,2 3 452 101 548 2 374 422 455 556
test_Nagakute_00035.jpg,2 346 371 590 579
test_Nagakute_00079.jpg,1 33 383 174 595
test_Adachi_00214.jpg,1 27 411 145 554 2 377 349 596 598 8 358 333 584 587
test_Muroran_00360.jpg,5 127 378 585 598
test_Adachi_00065.jpg,8 462 418 600 595
test_Sumida_00010.jpg,2 0 183 272 517
test_Muroran_00390.jpg,2 367 371 495 598
test_Adachi_00126.jpg,2 439 255 596 480
test_Adachi_00050.jpg,2 383 371 589 599
test_Adachi_00152.jpg,2 207 355 264 547
test_Nagakute_00234.jpg,2 247 321 299 597
test_Numazu_00219.jpg,5 36 369 600 585
test_Muroran_00368.jpg,5 45 401 547 600 8 515 440 598 544
test_Nagakute_00156.jpg,5 63 409 253 589 8 7 368 207 566
test_Sumida_00014.jpg,7 53 448 586 554
test_Adachi_00009.jpg,2 365 338 564 600 8 367 344 551 600
test_Muroran_00233.jpg,2 163 345 223 598
test_Nagakute_00245.jpg,2 165 325 235 592 8 223 316 569 588 8 2 296 136 467
test_Adachi_00133.jpg,2 417 269 592 521
test_Muroran_00239.jpg,5 22 416 545 599
test_Adachi_00192.jpg,2 232 115 339 510 8 468 349 600 529
test_Numazu_00038.jpg,5 246 442 576 595
test_Adachi_00297.jpg,2 0 123 168 460
test_Muroran_00253.jpg,5 106 381 580 597
test_Sumida_00175.jpg,4 331 437 574 486
test_Numazu_00257.jpg,5 75 296 411 409
test_Muroran_00140.jpg,5 124 328 561 597
test_Numazu_00004.jpg,1 186 441 259 566 3 166 509 600 596 3 388 544 600 597
test_Muroran_00001.jpg,8 54 404 223 599
test_Numazu_00307.jpg,1 218 410 390 593 8 4 267 200 552
test_Numazu_00327.jpg,2 100 423 183 554 7 269 428 600 562
test_Adachi_00012.jpg,2 398 390 576 596
test_Numazu_00127.jpg,2 120 407 187 599 5 142 463 446 600
test_Numazu_00394.jpg,5 86 380 548 588
test_Adachi_00301.jpg,2 394 300 542 580 2 334 171 423 345
test_Chiba_00017.jpg,8 96 501 274 595
test_Sumida_00160.jpg,2 394 430 546 580
test_Sumida_00008.jpg,2 0 183 272 517
test_Muroran_00236.jpg,5 84 355 415 597
test_Muroran_00329.jpg,2 0 183 272 517
test_Muroran_00200.jpg,2 54 374 228 598 5 164 364 571 595 8 226 399 273 597
test_Muroran_00242.jpg,5 163 430 600 597 5 391 435 600 599
test_Ichihara_00033.jpg,1 189 471 305 595 8 6 484 174 597 8 442 417 599 579
test_Sumida_00025.jpg,2 328 398 418 520
test_Muroran_00184.jpg,2 0 183 272 517
test_Sumida_00026.jpg,2 0 183 272 517
test_Adachi_00159.jpg,8 223 313 276 581
test_Muroran_00102.jpg,1 461 415 591 578 8 3 366 249 589 8 67 338 262 519 8 439 453 582 592
test_Muroran_00268.jpg,1 384 363 503 489
test_Nagakute_00138.jpg,8 350 310 580 593
test_Numazu_00316.jpg,3 342 419 577 479 3 102 389 530 473 5 5 295 213 510
test_Nagakute_00064.jpg,1 304 502 405 598 8 286 387 543 600
test_Ichihara_00044.jpg,2 0 183 272 517
test_Muroran_00347.jpg,5 323 390 599 594
test_Muroran_00338.jpg,5 98 344 371 593
test_Sumida_00204.jpg,8 448 434 600 557
test_Numazu_00269.jpg,5 65 302 512 571
test_Numazu_00143.jpg,1 305 361 478 583 8 2 321 169 506
test_Muroran_00339.jpg,1 139 463 310 600 5 123 372 597 597
test_Adachi_00006.jpg,2 37 358 128 523
test_Muroran_00377.jpg,5 152 373 599 597
test_Nagakute_00095.jpg,5 20 409 248 598 8 463 428 598 574
test_Sumida_00171.jpg,1 264 456 342 563
test_Chiba_00056.jpg,2 0 183 272 517
test_Muroran_00210.jpg,5 102 378 507 600
test_Muroran_00046.jpg,5 77 399 509 599
test_Sumida_00188.jpg,2 104 408 222 540
test_Muroran_00040.jpg,5 3 404 138 591 5 157 376 312 592 5 0 381 257 600
test_Numazu_00191.jpg,5 289 377 444 587
test_Chiba_00030.jpg,2 453 478 595 576 8 225 483 335 590
test_Nagakute_00136.jpg,5 130 342 293 599
test_Nagakute_00046.jpg,2 233 315 315 593 8 291 330 600 546
test_Sumida_00050.jpg,2 338 410 403 545
test_Nagakute_00268.jpg,3 356 403 600 464 5 85 281 351 600 8 86 245 235 586
test_Chiba_00022.jpg,1 477 488 590 573
test_Muroran_00394.jpg,5 107 370 600 600 5 51 421 436 600
test_Numazu_00331.jpg,2 0 183 272 517
test_Adachi_00049.jpg,5 173 281 369 396
test_Ichihara_00050.jpg,7 95 420 600 553
test_Numazu_00046.jpg,2 255 295 374 592
test_Muroran_00164.jpg,5 20 350 254 563
test_Chiba_00081.jpg,7 0 495 508 597
test_Ichihara_00009.jpg,1 247 426 351 600 1 22 436 247 591 2 22 433 265 583 5 225 430 600 594 8 401 383 597 523
test_Chiba_00013.jpg,2 0 183 272 517
test_Numazu_00369.jpg,2 243 315 321 573 5 6 338 531 583 5 263 323 510 575 8 377 364 555 553
test_Numazu_00014.jpg,6 46 399 483 589
test_Adachi_00137.jpg,1 420 289 600 445
test_Muroran_00018.jpg,5 241 427 366 597
test_Nagakute_00203.jpg,5 2 417 176 599 8 282 325 569 582
test_Numazu_00363.jpg,1 121 317 185 446 2 193 276 261 527 3 227 439 445 504
test_Adachi_00222.jpg,1 460 285 596 474 5 185 440 467 584
test_Muroran_00359.jpg,5 232 348 559 534 5 358 364 600 574 5 169 336 417 509 8 484 402 600 529
test_Sumida_00077.jpg,2 0 183 272 517
test_Adachi_00311.jpg,2 389 348 463 537
test_Adachi_00255.jpg,2 351 379 421 600 8 136 374 292 513
test_Numazu_00041.jpg,2 0 286 197 530 2 305 358 392 582
test_Muroran_00249.jpg,5 4 337 284 505
test_Sumida_00070.jpg,7 83 434 559 522
test_Numazu_00133.jpg,2 352 468 432 591
test_Adachi_00158.jpg,5 146 371 584 600 5 351 374 600 574
test_Adachi_00114.jpg,3 266 443 438 526
test_Adachi_00284.jpg,2 253 386 358 600
test_Muroran_00361.jpg,5 31 375 343 600
test_Muroran_00199.jpg,8 397 380 573 597
test_Adachi_00174.jpg,2 0 183 272 517
test_Adachi_00173.jpg,2 349 352 556 600
test_Numazu_00139.jpg,1 29 399 218 571 2 35 404 208 573
test_Adachi_00187.jpg,1 112 348 240 513 2 428 273 580 536
test_Sumida_00003.jpg,1 177 409 312 525
test_Muroran_00101.jpg,5 18 328 459 591
test_Muroran_00323.jpg,5 37 366 555 600
test_Chiba_00015.jpg,7 5 509 488 598
test_Muroran_00367.jpg,5 347 302 597 600
test_Nagakute_00052.jpg,2 29 352 184 597
test_Muroran_00351.jpg,2 117 372 209 540
test_Adachi_00282.jpg,1 154 207 277 355 1 354 221 498 465 1 74 214 280 460 1 32 265 221 503
test_Adachi_00045.jpg,2 347 206 513 561 8 185 283 392 540
test_Ichihara_00020.jpg,7 69 428 600 590
test_Muroran_00038.jpg,5 9 385 522 600 8 402 481 500 593
test_Numazu_00177.jpg,1 125 411 220 578 6 148 461 533 597
test_Nagakute_00218.jpg,2 171 288 307 590
test_Adachi_00111.jpg,1 304 237 492 494 2 297 237 485 501 7 78 151 413 284
test_Sumida_00199.jpg,2 176 410 287 556 8 376 432 586 578
test_Numazu_00196.jpg,1 302 310 535 576 5 11 324 168 500 8 267 266 565 550
test_Adachi_00034.jpg,7 0 400 471 594 8 1 302 122 440
test_Numazu_00057.jpg,5 35 402 546 597 8 14 379 190 598 8 433 472 600 597
test_Numazu_00123.jpg,5 230 393 447 598 8 16 319 194 595
test_Adachi_00182.jpg,2 353 180 561 600
test_Nagakute_00115.jpg,7 0 397 409 491
test_Muroran_00039.jpg,5 500 444 600 599
test_Sumida_00210.jpg,7 133 473 552 571
test_Adachi_00010.jpg,2 424 211 583 405 2 242 264 330 599
test_Muroran_00099.jpg,5 0 363 436 595 5 0 371 199 594
test_Muroran_00056.jpg,5 61 358 334 600
test_Muroran_00350.jpg,5 14 331 326 590
test_Ichihara_00004.jpg,2 0 183 272 517
test_Adachi_00181.jpg,2 0 183 272 517
test_Adachi_00323.jpg,2 0 183 272 517
test_Numazu_00032.jpg,1 133 379 205 490 8 314 297 589 552 8 3 281 175 439
test_Nagakute_00075.jpg,2 369 314 600 567 5 112 355 284 598 8 266 326 320 591
test_Sumida_00071.jpg,2 353 433 388 537 8 109 417 284 555
test_Numazu_00007.jpg,2 339 374 586 569
test_Numazu_00172.jpg,1 187 313 259 441 8 334 284 593 520
test_Muroran_00235.jpg,2 327 393 481 576 2 310 399 385 594
test_Adachi_00112.jpg,2 0 183 272 517
test_Nagakute_00212.jpg,1 298 371 421 474
test_Muroran_00095.jpg,5 131 388 572 598
test_Muroran_00062.jpg,5 374 344 600 593
test_Numazu_00238.jpg,2 307 326 482 575 8 448 407 594 564
test_Adachi_00026.jpg,1 198 442 417 598
test_Numazu_00151.jpg,2 271 297 399 580 8 372 388 600 598
test_Chiba_00080.jpg,1 423 483 504 584
test_Numazu_00116.jpg,1 190 365 283 562
test_Numazu_00398.jpg,5 119 351 310 452 5 91 339 476 461 8 11 269 200 458 8 341 339 485 521
test_Sumida_00120.jpg,2 0 183 272 517
test_Adachi_00177.jpg,8 425 298 564 589
test_Sumida_00136.jpg,7 55 456 573 564
test_Adachi_00298.jpg,2 0 183 272 517
test_Nagakute_00255.jpg,5 41 374 296 599 5 0 376 550 595 5 264 345 572 550 5 300 397 463 506
test_Chiba_00023.jpg,2 0 183 272 517
test_Numazu_00224.jpg,5 106 428 476 597 5 41 433 265 599
test_Sumida_00093.jpg,8 141 441 271 551
test_Muroran_00147.jpg,5 291 374 513 598
test_Numazu_00278.jpg,2 0 183 272 517
test_Nagakute_00065.jpg,2 173 345 242 563 2 161 415 231 600
test_Numazu_00027.jpg,2 0 183 272 517
test_Muroran_00382.jpg,2 1 321 196 519 5 272 414 446 497
test_Sumida_00184.jpg,2 322 417 383 546
test_Numazu_00335.jpg,2 2 299 208 531 2 213 412 264 593 5 326 315 599 590 6 315 328 600 600
test_Sumida_00085.jpg,8 449 448 600 541
test_Numazu_00299.jpg,1 306 319 553 560 2 9 344 187 558 5 300 315 468 481 8 325 331 572 561
test_Muroran_00303.jpg,2 0 183 272 517
test_Numazu_00265.jpg,2 265 380 483 600 8 5 386 188 600
test_Nagakute_00164.jpg,2 233 242 337 600 5 337 323 580 586
test_Numazu_00214.jpg,5 0 356 473 600 5 169 462 557 599 5 0 333 233 585
test_Adachi_00211.jpg,1 87 219 259 498 1 354 205 516 456
test_Muroran_00197.jpg,2 423 345 594 514 8 49 399 227 591
test_Muroran_00159.jpg,2 108 380 220 592 8 371 397 478 489
test_Sumida_00159.jpg,2 189 434 312 557
test_Numazu_00217.jpg,5 273 400 589 597
test_Ichihara_00041.jpg,1 164 425 294 598 8 374 368 600 589 8 8 414 263 600
test_Ichihara_00031.jpg,2 464 427 600 555
test_Nagakute_00071.jpg,1 406 411 588 594 5 135 400 600 585
test_Muroran_00189.jpg,5 1 358 256 600
test_Adachi_00066.jpg,7 68 405 600 600
test_Muroran_00178.jpg,1 96 440 269 596 8 0 361 199 523
test_Numazu_00042.jpg,2 0 183 272 517
test_Nagakute_00020.jpg,5 0 325 509 590 8 0 247 203 435 8 0 280 167 551
test_Adachi_00244.jpg,8 380 491 468 600
test_Numazu_00061.jpg,1 474 469 589 589 1 300 446 425 571
test_Adachi_00274.jpg,1 211 306 476 600 2 165 268 432 565
test_Numazu_00337.jpg,2 247 413 376 600 8 25 378 198 596 8 364 472 595 600
test_Chiba_00053.jpg,2 267 487 417 574
test_Sumida_00062.jpg,8 398 423 597 560
test_Numazu_00271.jpg,2 298 321 538 559 8 296 304 594 554 8 62 294 539 498
test_Nagakute_00160.jpg,8 57 324 232 596
test_Adachi_00053.jpg,2 85 348 295 586 2 150 328 307 517 8 394 298 531 532
test_Nagakute_00247.jpg,2 267 338 333 578 8 347 313 593 594 8 2 311 268 555
test_Muroran_00021.jpg,5 324 508 473 599
test_Muroran_00374.jpg,2 364 395 483 553
test_Nagakute_00068.jpg,7 12 356 574 546
test_Sumida_00101.jpg,2 0 183 272 517
test_Adachi_00295.jpg,2 352 307 578 592
test_Numazu_00181.jpg,2 253 282 408 596 2 367 342 594 540
test_Numazu_00406.jpg,5 301 347 563 586 8 24 309 227 593
test_Numazu_00203.jpg,5 125 305 501 572 5 313 387 558 562
test_Sumida_00142.jpg,8 313 386 419 541
test_Numazu_00346.jpg,5 204 437 348 507
test_Muroran_00229.jpg,1 244 407 388 592 5 327 347 541 594
test_Numazu_00332.jpg,2 313 325 385 452
test_Muroran_00414.jpg,5 46 357 528 597
test_Numazu_00047.jpg,2 310 307 533 572
test_Nagakute_00172.jpg,2 257 330 311 592
test_Muroran_00073.jpg,1 427 493 548 599
test_Muroran_00287.jpg,1 199 441 348 600
test_Adachi_00162.jpg,2 411 243 596 534
test_Chiba_00057.jpg,2 198 496 292 589 8 432 459 599 567
test_Numazu_00146.jpg,1 302 338 498 585 2 308 327 496 577
test_Nagakute_00238.jpg,1 400 356 568 502 5 123 377 600 581
test_Numazu_00376.jpg,5 73 397 478 600 5 37 397 239 600 8 153 425 439 598
test_Numazu_00216.jpg,5 73 334 232 594
test_Adachi_00140.jpg,2 420 381 592 600 8 432 389 590 600
test_Adachi_00058.jpg,1 305 123 545 404 1 372 148 600 487
test_Numazu_00297.jpg,5 284 448 488 598
test_Muroran_00084.jpg,2 231 364 333 595
test_Sumida_00147.jpg,2 0 183 272 517
test_Muroran_00217.jpg,5 113 416 278 599
test_Nagakute_00158.jpg,2 282 324 557 585 8 317 308 588 534
test_Adachi_00080.jpg,1 87 320 230 534 1 308 313 510 584 2 330 341 535 599 2 83 324 225 535 8 330 322 560 583
test_Adachi_00256.jpg,1 173 448 317 596 8 489 350 600 486
test_Numazu_00011.jpg,5 0 333 496 600 5 213 319 600 597 5 3 319 257 581
test_Sumida_00182.jpg,1 361 461 451 573
test_Muroran_00119.jpg,1 182 373 475 597 5 1 371 263 600 5 53 374 487 595
test_Nagakute_00206.jpg,1 290 422 381 525 8 0 307 202 511
test_Adachi_00252.jpg,1 290 329 393 439 1 323 414 569 590 8 317 305 600 455
test_Nagakute_00184.jpg,1 148 464 207 598 2 347 436 536 599 8 52 334 175 591
test_Numazu_00365.jpg,8 106 412 529 560
test_Nagakute_00142.jpg,1 334 334 508 514 5 337 318 518 509 8 333 299 597 519 8 29 295 444 559
test_Muroran_00075.jpg,8 78 382 240 597
test_Adachi_00305.jpg,8 32 250 121 600 8 71 165 141 440
test_Nagakute_00257.jpg,5 321 315 540 600 8 142 280 279 595
test_Muroran_00093.jpg,2 187 368 257 596 2 7 398 173 587 5 122 392 550 598 5 183 380 376 596
test_Numazu_00048.jpg,7 0 337 478 525
test_Adachi_00145.jpg,3 21 466 522 575 5 99 401 600 587
test_Sumida_00048.jpg,2 265 436 306 542
test_Nagakute_00133.jpg,5 6 469 540 600
test_Muroran_00356.jpg,1 494 341 595 490 1 163 376 354 576 5 158 373 357 574 8 360 352 438 600
test_Muroran_00289.jpg,5 199 358 600 600 8 430 442 525 596
test_Muroran_00336.jpg,1 371 404 442 562 8 489 435 600 600
test_Numazu_00056.jpg,7 34 419 600 598
test_Muroran_00009.jpg,5 48 402 519 599
test_Numazu_00137.jpg,1 177 376 274 574 1 368 355 590 583
test_Muroran_00089.jpg,5 256 463 424 595 5 0 407 99 526
test_Numazu_00301.jpg,2 293 274 497 551 5 0 335 402 575
test_Muroran_00271.jpg,2 299 355 445 600 5 350 359 600 550
test_Muroran_00133.jpg,6 228 337 393 600
test_Nagakute_00100.jpg,2 0 183 272 517
test_Sumida_00020.jpg,2 209 384 284 524
test_Nagakute_00243.jpg,2 350 449 494 595
test_Nagakute_00111.jpg,5 101 390 521 596
test_Muroran_00227.jpg,2 349 301 590 600
test_Sumida_00203.jpg,8 247 478 479 536
test_Sumida_00022.jpg,7 192 432 580 543
test_Chiba_00055.jpg,2 413 460 592 566 8 208 489 313 594
test_Sumida_00038.jpg,2 272 437 342 536
test_Adachi_00163.jpg,2 379 323 562 543
test_Sumida_00061.jpg,2 368 439 441 554 8 43 464 190 560 8 405 398 600 527
test_Muroran_00037.jpg,5 197 351 600 597
test_Sumida_00034.jpg,1 343 402 393 456 7 146 441 560 537
test_Adachi_00178.jpg,2 28 283 251 600 7 2 272 405 423
test_Numazu_00051.jpg,5 0 366 600 555
test_Nagakute_00001.jpg,2 14 331 255 599 2 390 353 600 535 8 402 351 597 543
test_Numazu_00232.jpg,2 276 321 421 600
test_Nagakute_00267.jpg,2 55 335 235 599 5 256 310 369 402 5 423 347 589 573 8 10 310 236 595
test_Sumida_00152.jpg,2 363 422 500 551
test_Adachi_00001.jpg,2 2 215 251 600
test_Numazu_00052.jpg,2 128 370 222 570 2 59 341 219 595
test_Adachi_00102.jpg,5 34 182 198 460
test_Adachi_00309.jpg,3 43 301 507 387 3 4 317 237 390
test_Sumida_00181.jpg,7 90 501 600 594
test_Nagakute_00186.jpg,1 219 466 295 597 1 212 447 374 596 2 330 438 513 599
test_Numazu_00260.jpg,2 0 183 272 517
test_Numazu_00248.jpg,2 233 310 300 577 5 125 409 268 505
test_Adachi_00052.jpg,3 131 310 600 412
test_Adachi_00092.jpg,2 206 341 314 600
test_Numazu_00286.jpg,5 41 376 253 600
test_Nagakute_00097.jpg,8 1 356 151 469
test_Sumida_00074.jpg,7 91 451 551 578
test_Adachi_00303.jpg,2 0 335 175 600
test_Nagakute_00104.jpg,2 325 333 600 556 8 292 313 589 538
test_Adachi_00115.jpg,8 519 422 600 534
test_Muroran_00426.jpg,5 80 418 579 600
test_Muroran_00370.jpg,1 0 369 246 593 1 159 467 287 600 1 24 357 218 500 2 353 446 418 595 5 0 376 431 593
test_Numazu_00187.jpg,1 357 430 505 591
test_Nagakute_00090.jpg,7 89 377 600 597
test_Adachi_00142.jpg,8 365 338 592 596
test_Numazu_00328.jpg,5 54 501 228 600 6 58 499 229 600 8 301 305 534 586 8 0 320 160 523
test_Muroran_00162.jpg,5 0 402 525 598 6 155 394 588 592
test_Chiba_00033.jpg,8 314 409 486 571 8 3 433 174 583
test_Numazu_00280.jpg,2 253 315 339 559
test_Muroran_00304.jpg,1 56 482 177 595 5 189 364 561 581
test_Muroran_00086.jpg,2 0 183 272 517
test_Muroran_00025.jpg,2 2 373 201 592 5 283 430 408 600 8 317 469 396 598
test_Numazu_00148.jpg,1 70 305 207 600 3 176 416 454 476
test_Numazu_00263.jpg,5 191 372 418 584 8 155 316 235 435
test_Adachi_00033.jpg,2 0 183 272 517
test_Nagakute_00039.jpg,1 66 406 207 600 8 282 340 568 589 8 6 307 189 521
test_Numazu_00020.jpg,1 19 440 188 600 2 166 408 222 599 5 24 417 223 598
test_Muroran_00378.jpg,5 136 376 597 556
test_Nagakute_00150.jpg,2 216 364 267 593 4 6 451 414 554
test_Nagakute_00102.jpg,8 28 353 282 600
test_Nagakute_00171.jpg,1 63 359 206 515
test_Chiba_00027.jpg,2 0 183 272 517
test_Numazu_00293.jpg,1 332 367 600 578 5 211 349 431 586 8 216 350 405 590
test_Numazu_00296.jpg,5 87 388 246 600 6 90 386 256 599
test_Adachi_00285.jpg,8 448 324 592 463
test_Muroran_00190.jpg,1 71 463 187 600 1 37 379 214 593 8 350 376 579 600 8 7 351 217 596
test_Muroran_00193.jpg,1 453 507 544 598
test_Numazu_00215.jpg,5 70 322 530 563 5 92 360 345 579 5 321 300 600 552 8 0 251 207 484 8 291 290 600 528
test_Ichihara_00035.jpg,1 391 451 495 600
test_Adachi_00259.jpg,5 60 282 600 540 5 36 227 579 438
test_Adachi_00064.jpg,2 0 183 272 517
test_Nagakute_00009.jpg,8 302 292 600 567 8 0 346 77 594
test_Adachi_00288.jpg,2 371 256 555 590 8 102 287 233 580
test_Nagakute_00224.jpg,2 83 343 179 434 2 257 434 322 593
test_Adachi_00206.jpg,8 438 293 595 504
test_Numazu_00347.jpg,2 136 403 203 554
test_Sumida_00004.jpg,2 0 183 272 517
test_Sumida_00023.jpg,2 314 395 401 528
test_Muroran_00277.jpg,5 134 352 564 600 5 163 382 399 588 5 447 482 600 600 8 440 484 587 600
test_Muroran_00155.jpg,5 0 430 542 596 5 212 512 395 598 5 444 530 600 599
test_Adachi_00200.jpg,2 431 344 598 502 8 440 352 598 510
test_Adachi_00166.jpg,2 146 291 205 597
test_Nagakute_00055.jpg,5 26 380 517 596
test_Numazu_00077.jpg,1 272 411 365 587 1 421 376 503 538
test_Adachi_00104.jpg,7 0 187 505 541 7 114 148 600 453
test_Adachi_00226.jpg,2 283 304 582 516 2 265 293 484 453
test_Nagakute_00124.jpg,1 102 386 271 572 1 322 375 586 600 8 295 311 600 552 8 3 360 165 572
test_Nagakute_00076.jpg,2 249 318 417 592 5 88 383 507 597 5 276 369 425 593
test_Muroran_00136.jpg,5 109 350 566 597
test_Numazu_00082.jpg,1 277 434 403 596 8 17 387 201 600
test_Muroran_00011.jpg,2 0 183 272 517
test_Muroran_00030.jpg,2 371 361 507 600 5 3 355 372 581
test_Sumida_00002.jpg,2 316 437 391 551
test_Adachi_00039.jpg,8 11 197 185 389 8 326 332 556 529 8 365 214 596 389
test_Adachi_00132.jpg,2 2 422 182 548 2 335 328 384 599 8 167 305 321 430
test_Sumida_00005.jpg,7 135 454 590 539
test_Nagakute_00026.jpg,5 137 407 267 588
test_Numazu_00282.jpg,5 0 516 151 600 6 5 434 464 600
test_Numazu_00349.jpg,8 121 312 312 389
test_Sumida_00108.jpg,2 0 183 272 517
test_Numazu_00173.jpg,2 166 264 253 477
test_Adachi_00079.jpg,8 156 307 229 584
test_Sumida_00161.jpg,8 331 394 584 553
test_Chiba_00086.jpg,7 165 491 600 570
test_Muroran_00406.jpg,7 92 381 592 523
test_Sumida_00173.jpg,1 5 462 151 564 2 155 419 260 559
test_Numazu_00255.jpg,8 303 364 438 596
test_Sumida_00115.jpg,2 202 403 319 557 2 209 446 288 545 8 469 431 595 540
test_Muroran_00256.jpg,5 23 390 188 599 5 42 360 411 580 5 198 363 384 555
test_Muroran_00429.jpg,5 53 359 281 598 5 49 386 520 600
test_Numazu_00125.jpg,7 54 431 600 599
test_Numazu_00069.jpg,2 166 376 250 479 5 469 464 593 596
test_Adachi_00067.jpg,2 191 391 252 600 2 350 327 495 510 8 345 312 568 598 8 341 323 496 505
test_Chiba_00090.jpg,7 58 509 600 600
test_Numazu_00223.jpg,1 307 419 405 597
test_Sumida_00206.jpg,8 163 437 266 548
test_Muroran_00248.jpg,5 267 382 600 599
test_Sumida_00140.jpg,2 0 183 272 517
test_Nagakute_00014.jpg,5 313 397 521 598 5 0 405 468 600 8 24 466 224 589
test_Nagakute_00059.jpg,8 317 391 596 600 8 1 343 175 523
test_Numazu_00094.jpg,2 291 303 407 409 5 212 334 406 414
test_Muroran_00296.jpg,5 81 384 578 600
test_Adachi_00283.jpg,1 381 318 513 447 1 382 288 589 473
test_Numazu_00045.jpg,1 271 428 404 592 2 104 395 206 581
test_Numazu_00055.jpg,2 266 369 444 600
test_Chiba_00050.jpg,2 398 455 600 566
test_Muroran_00340.jpg,3 415 381 584 443
test_Numazu_00375.jpg,3 0 489 462 591 5 249 455 414 600
test_Numazu_00021.jpg,1 201 342 346 556 2 33 301 188 550 8 245 320 358 448
test_Numazu_00149.jpg,5 0 391 506 598 5 227 415 574 599
test_Numazu_00190.jpg,1 82 357 194 475 2 335 367 555 600 2 248 317 320 485
test_Numazu_00099.jpg,5 173 496 299 598
test_Nagakute_00054.jpg,1 74 384 213 513
test_Muroran_00158.jpg,3 282 530 545 597 5 0 525 142 598 5 0 451 565 600
test_Numazu_00067.jpg,5 287 330 600 593 8 0 299 187 582
test_Adachi_00008.jpg,2 424 351 599 493
test_Muroran_00222.jpg,7 140 353 597 454 8 96 490 213 598
test_Muroran_00319.jpg,1 223 455 340 583 2 317 294 400 458 2 224 436 348 589 4 198 448 600 540
test_Adachi_00149.jpg,2 232 318 283 600
test_Muroran_00088.jpg,1 331 316 430 600
test_Nagakute_00209.jpg,5 119 481 460 600
test_Chiba_00064.jpg,8 346 412 563 575
test_Numazu_00120.jpg,5 234 321 455 590
test_Adachi_00241.jpg,2 115 451 209 595
test_Nagakute_00117.jpg,2 220 360 467 600
test_Adachi_00245.jpg,1 442 329 561 516
test_Numazu_00244.jpg,2 290 393 335 600
test_Nagakute_00081.jpg,1 90 402 197 532
test_Muroran_00309.jpg,5 283 434 600 593
test_Sumida_00216.jpg,7 82 436 596 529
test_Muroran_00036.jpg,2 32 403 204 590
test_Adachi_00307.jpg,5 0 424 348 550 8 413 363 600 524
test_Adachi_00248.jpg,5 183 287 591 563 5 417 288 596 471 5 248 243 600 481 8 441 287 600 449
test_Adachi_00191.jpg,1 472 238 597 436
test_Sumida_00228.jpg,2 0 183 272 517
test_Adachi_00167.jpg,2 373 332 444 551
test_Adachi_00258.jpg,2 381 366 564 600
test_Numazu_00243.jpg,5 148 314 290 408 8 2 313 166 520
test_Numazu_00115.jpg,2 0 183 272 517
test_Muroran_00270.jpg,3 0 491 470 589 5 31 361 512 596 5 227 346 370 461 8 302 338 474 561
test_Muroran_00092.jpg,5 101 368 314 597
test_Nagakute_00044.jpg,8 268 365 411 470
test_Ichihara_00017.jpg,7 147 418 600 520
test_Ichihara_00043.jpg,5 175 402 600 600 5 145 402 372 600
test_Numazu_00324.jpg,1 253 373 562 516 8 101 371 294 494
test_Sumida_00138.jpg,2 0 183 272 517
test_Adachi_00183.jpg,1 452 294 598 464
test_Muroran_00399.jpg,5 86 324 341 595
test_Muroran_00214.jpg,1 271 340 411 591 1 522 437 596 559 8 12 350 313 600 8 118 324 355 519
test_Numazu_00189.jpg,5 125 329 600 597
test_Adachi_00312.jpg,1 61 130 215 310 1 18 154 195 391
test_Muroran_00063.jpg,1 368 374 596 545 1 296 367 413 499
test_Muroran_00375.jpg,1 205 354 268 567
test_Muroran_00341.jpg,8 2 348 257 529 8 370 455 437 595
test_Numazu_00326.jpg,5 233 308 575 595 5 334 279 594 511 8 342 279 600 484
test_Numazu_00274.jpg,2 403 380 585 581
test_Adachi_00017.jpg,2 240 276 311 571
test_Adachi_00227.jpg,2 8 212 221 370 8 94 215 213 311
test_Nagakute_00108.jpg,2 188 415 292 599
test_Adachi_00024.jpg,2 44 206 273 600
test_Adachi_00326.jpg,2 367 168 600 452 8 3 127 171 421
test_Chiba_00051.jpg,2 0 183 272 517
test_Numazu_00169.jpg,5 78 288 215 578
test_Muroran_00332.jpg,5 343 356 600 598
test_Adachi_00168.jpg,2 355 449 434 596 8 13 287 262 481
test_Muroran_00033.jpg,1 261 432 359 600 5 111 369 600 588 8 417 447 513 600
test_Numazu_00096.jpg,5 7 417 140 582 8 12 302 204 526 8 9 372 157 583
test_Muroran_00234.jpg,5 181 379 442 596
test_Adachi_00271.jpg,7 65 325 542 593 7 282 333 600 600
test_Muroran_00279.jpg,1 324 452 445 600 2 52 389 186 590 2 281 369 344 598 8 331 461 438 598
test_Numazu_00231.jpg,5 57 376 513 589 5 7 412 297 594
test_Nagakute_00157.jpg,1 380 426 567 598
test_Adachi_00129.jpg,2 423 247 587 418
test_Nagakute_00266.jpg,1 235 328 298 488 1 11 374 168 491
test_Numazu_00228.jpg,8 275 410 353 547
test_Muroran_00387.jpg,2 31 364 173 599 2 274 407 355 591
test_Numazu_00070.jpg,1 198 386 420 595 3 0 439 400 579 5 22 415 439 577 8 218 394 418 594
test_Nagakute_00175.jpg,5 204 366 463 560
test_Nagakute_00192.jpg,2 310 329 576 590 8 338 339 600 591
test_Muroran_00282.jpg,5 264 415 552 559
test_Muroran_00080.jpg,2 221 360 343 600 2 379 345 458 571 2 396 411 480 598
test_Chiba_00008.jpg,1 278 477 367 574 2 432 428 558 585
test_Numazu_00226.jpg,5 57 354 498 595
test_Nagakute_00080.jpg,2 9 357 180 504 5 192 402 356 599
test_Numazu_00355.jpg,2 243 390 315 594 5 288 449 600 593
test_Muroran_00421.jpg,1 222 399 292 600 1 196 355 277 574
test_Numazu_00009.jpg,5 50 366 539 588
test_Chiba_00065.jpg,1 194 483 285 597
test_Sumida_00192.jpg,1 326 423 424 535 2 245 425 289 539
test_Adachi_00077.jpg,2 407 406 455 594
test_Nagakute_00236.jpg,1 266 400 361 581 8 226 332 480 595 8 240 359 392 539
test_Numazu_00081.jpg,1 279 347 449 587 1 279 339 387 520 8 37 258 222 583 8 360 299 600 491
test_Adachi_00176.jpg,2 404 308 499 459
test_Chiba_00007.jpg,8 354 415 502 566
test_Numazu_00383.jpg,2 416 333 543 585 2 293 305 367 580
test_Sumida_00150.jpg,8 388 429 561 568
test_Numazu_00275.jpg,2 321 296 414 586
test_Chiba_00016.jpg,1 323 469 404 574
test_Nagakute_00194.jpg,2 183 323 291 597
test_Numazu_00313.jpg,2 111 314 173 465 8 3 273 116 424
test_Nagakute_00126.jpg,2 237 342 597 589
test_Numazu_00136.jpg,2 126 380 213 568
test_Muroran_00107.jpg,5 55 374 484 596
test_Adachi_00319.jpg,2 491 335 598 494 2 367 190 474 337
test_Numazu_00138.jpg,5 69 429 600 595 5 0 379 204 508 5 0 480 453 597
test_Muroran_00151.jpg,1 433 443 596 599 1 320 440 420 598 1 192 417 247 600 5 435 445 600 600
test_Sumida_00117.jpg,8 119 444 239 562 8 448 440 595 522
test_Adachi_00328.jpg,1 392 253 578 571 1 149 273 257 397
test_Muroran_00016.jpg,1 476 431 568 597
test_Numazu_00175.jpg,1 170 438 247 600 8 293 416 534 598 8 0 400 188 566
test_Muroran_00110.jpg,1 222 370 504 595
test_Adachi_00025.jpg,2 299 266 395 463 2 298 294 361 558
test_Nagakute_00252.jpg,8 262 311 513 595
test_Numazu_00010.jpg,8 39 319 199 595
test_Numazu_00023.jpg,2 278 319 333 446 8 93 327 209 454
test_Adachi_00094.jpg,2 417 304 596 491 8 411 291 600 491
test_Adachi_00264.jpg,1 301 358 474 505 5 294 363 459 519
test_Adachi_00292.jpg,2 284 238 334 512
test_Sumida_00110.jpg,8 417 451 597 589
test_Nagakute_00220.jpg,2 235 291 455 600 2 25 333 177 542 3 164 465 349 519
test_Muroran_00135.jpg,5 297 353 600 598
test_Numazu_00183.jpg,5 190 350 485 595 5 34 366 382 509
test_Numazu_00294.jpg,5 145 381 248 586 8 0 294 165 477
test_Numazu_00163.jpg,1 251 399 544 589
test_Nagakute_00155.jpg,1 339 430 557 597 5 321 418 568 599
test_Numazu_00154.jpg,7 110 412 589 537 7 0 404 370 576 8 131 416 600 590
test_Muroran_00408.jpg,5 190 358 600 600 5 373 343 593 569 8 459 388 599 562
test_Numazu_00273.jpg,2 213 273 341 584
test_Nagakute_00214.jpg,2 16 290 192 572
test_Nagakute_00161.jpg,2 284 329 570 596 8 284 308 575 534
test_Numazu_00003.jpg,1 305 330 397 414 7 29 389 600 600
test_Muroran_00015.jpg,5 126 403 525 600 5 158 428 350 596
test_Muroran_00126.jpg,2 354 391 425 590
test_Adachi_00113.jpg,2 0 183 272 517
test_Nagakute_00123.jpg,5 69 358 462 600 5 281 368 478 590
test_Sumida_00001.jpg,2 0 183 272 517
test_Numazu_00174.jpg,8 8 249 214 561
test_Muroran_00423.jpg,1 372 439 538 595 5 167 371 503 592
test_Ichihara_00051.jpg,1 441 409 596 599 1 93 405 284 592 8 21 386 300 594
test_Adachi_00123.jpg,2 0 183 272 517
test_Adachi_00109.jpg,2 480 428 600 560
test_Nagakute_00208.jpg,1 32 406 157 599 1 47 450 121 594 8 305 488 409 599
test_Numazu_00017.jpg,2 0 183 272 517
test_Numazu_00039.jpg,2 262 354 485 590 2 395 508 486 600 2 259 347 385 495
test_Adachi_00036.jpg,2 433 246 598 439
test_Sumida_00213.jpg,2 325 401 434 524 8 320 396 430 524
test_Sumida_00225.jpg,8 405 437 573 568
test_Nagakute_00228.jpg,5 0 340 337 593 5 0 371 136 598
test_Muroran_00371.jpg,2 277 387 432 595 2 129 391 208 600
test_Nagakute_00015.jpg,7 0 417 520 600
test_Nagakute_00225.jpg,7 102 342 589 441 8 2 427 126 566 8 477 423 595 554
test_Muroran_00221.jpg,5 125 315 577 594
test_Adachi_00290.jpg,2 317 312 471 591 2 328 315 429 497 8 369 339 471 453
test_Numazu_00352.jpg,5 88 422 573 598 5 303 417 528 577
test_Chiba_00004.jpg,7 28 510 521 599
test_Muroran_00108.jpg,2 447 426 594 589 5 122 358 426 600
test_Numazu_00118.jpg,1 84 349 188 506 2 215 278 269 593 8 325 294 566 576
test_Sumida_00079.jpg,2 272 403 404 551 8 64 415 205 564
test_Adachi_00107.jpg,2 362 197 563 518 2 456 344 597 568 8 37 164 270 580 8 390 203 595 351 8 270 165 355 211
test_Adachi_00291.jpg,1 385 373 600 582 8 11 304 208 478 8 379 365 592 580
test_Numazu_00128.jpg,5 230 409 483 596
test_Sumida_00009.jpg,7 34 451 246 559 8 309 423 513 555 8 23 458 236 573
test_Numazu_00134.jpg,1 211 361 294 495 8 3 297 200 596 8 342 301 600 480
test_Nagakute_00047.jpg,5 100 369 570 596
test_Muroran_00212.jpg,5 137 354 425 596
test_Adachi_00060.jpg,2 0 183 272 517
test_Numazu_00249.jpg,2 265 367 537 599
test_Nagakute_00022.jpg,1 109 362 227 482 3 213 410 518 468
test_Adachi_00121.jpg,2 0 183 272 517
test_Numazu_00241.jpg,2 268 274 366 575 2 265 263 336 472
test_Adachi_00004.jpg,2 138 222 241 530 8 133 258 235 565
test_Numazu_00144.jpg,5 0 322 447 592 5 203 306 508 593 5 2 295 245 584 8 290 314 454 593
test_Chiba_00078.jpg,2 0 183 272 517
test_Muroran_00028.jpg,5 87 324 544 584
test_Nagakute_00191.jpg,1 28 429 150 584 5 205 511 355 600
test_Adachi_00155.jpg,2 376 302 600 527
test_Muroran_00410.jpg,1 401 438 534 595 5 396 419 536 595
test_Numazu_00028.jpg,1 242 352 407 508 2 147 308 257 593 2 447 488 554 596
test_Numazu_00034.jpg,5 238 354 449 585
test_Sumida_00094.jpg,2 148 418 256 543
test_Nagakute_00036.jpg,2 0 183 272 517
test_Ichihara_00013.jpg,2 0 183 272 517
test_Muroran_00373.jpg,8 62 328 272 600 8 108 336 285 499
test_Adachi_00216.jpg,1 459 352 600 457 1 153 332 246 451
test_Adachi_00110.jpg,1 274 417 354 599 2 276 416 354 600
test_Chiba_00074.jpg,7 156 494 600 590 7 0 493 474 598
test_Sumida_00198.jpg,2 367 411 514 553
test_Ichihara_00025.jpg,8 197 461 463 599 8 394 377 600 590
test_Muroran_00207.jpg,5 0 377 442 600
test_Sumida_00164.jpg,7 149 418 600 504
test_Adachi_00213.jpg,2 375 364 587 578
test_Ichihara_00037.jpg,1 375 422 490 584 8 400 382 596 584 8 0 424 227 596
test_Numazu_00117.jpg,2 0 183 272 517
test_Numazu_00107.jpg,8 122 287 269 499 8 434 406 598 562
test_Nagakute_00003.jpg,1 210 396 273 569
test_Sumida_00176.jpg,2 0 183 272 517
test_Muroran_00090.jpg,5 166 396 547 599
test_Chiba_00036.jpg,8 323 410 502 568 8 18 445 172 583
test_Sumida_00196.jpg,2 178 430 221 533
test_Adachi_00075.jpg,2 0 183 272 517
test_Adachi_00151.jpg,1 201 396 363 555 1 309 271 596 537
test_Numazu_00184.jpg,5 159 456 600 600
test_Muroran_00226.jpg,2 0 183 272 517
test_Ichihara_00003.jpg,1 325 416 472 595 1 367 403 584 572 2 357 394 596 557
test_Muroran_00160.jpg,2 18 377 250 600
test_Muroran_00149.jpg,5 66 387 480 600
test_Muroran_00251.jpg,8 1 350 223 588
test_Muroran_00122.jpg,2 0 183 272 517
test_Nagakute_00128.jpg,5 83 320 538 593 5 11 264 367 573
test_Nagakute_00049.jpg,2 283 337 462 599 5 51 410 474 593
test_Muroran_00292.jpg,5 107 347 557 591
test_Nagakute_00256.jpg,2 0 183 272 517
test_Sumida_00072.jpg,7 190 426 600 521
test_Muroran_00205.jpg,5 235 390 566 597
test_Muroran_00366.jpg,5 251 351 408 600
test_Numazu_00368.jpg,1 351 406 488 589 8 0 392 366 592 8 296 339 499 566 8 20 334 250 548
test_Adachi_00313.jpg,2 0 183 272 517
test_Nagakute_00233.jpg,1 347 382 533 599 2 172 333 284 581 2 344 345 575 590
test_Adachi_00322.jpg,1 386 222 469 336 8 346 326 532 409
test_Adachi_00083.jpg,2 332 205 433 582 8 0 226 211 507 8 242 177 334 308
test_Nagakute_00204.jpg,7 77 483 600 600
test_Numazu_00407.jpg,8 106 403 380 592 8 293 355 590 596 8 0 335 142 488
test_Adachi_00089.jpg,2 463 406 548 599 5 372 458 522 594 8 280 373 445 539 8 470 434 552 598
test_Numazu_00303.jpg,2 0 340 172 532 8 12 376 153 517
test_Chiba_00029.jpg,8 28 484 162 599
