test_Numazu_00321.jpg,7 59 336 600 537
test_Numazu_00126.jpg,2 207 422 266 600
test_Adachi_00249.jpg,1 146 352 211 562 8 210 361 460 589
test_Numazu_00119.jpg,2 271 360 530 596
test_Muroran_00176.jpg,5 188 421 600 600 8 359 427 515 600
test_Numazu_00373.jpg,7 57 330 585 472
test_Sumida_00209.jpg,2 408 455 520 556
test_Nagakute_00089.jpg,2 235 349 305 597 2 224 339 288 516 8 460 476 599 599 8 200 370 296 482 8 451 388 598 536
test_Muroran_00284.jpg,5 51 377 571 580 5 0 335 234 600
test_Ichihara_00022.jpg,5 323 413 552 600
test_Muroran_00385.jpg,5 0 402 534 594
test_Muroran_00389.jpg,1 449 383 598 578 2 371 308 600 582
test_Numazu_00157.jpg,2 0 183 272 517
test_Adachi_00134.jpg,2 1 305 115 511 8 337 363 594 563
test_Sumida_00086.jpg,8 360 441 540 580
test_Adachi_00199.jpg,1 132 199 287 440 1 339 200 475 373
test_Chiba_00046.jpg,8 9 406 203 585 8 318 413 489 569
test_Sumida_00102.jpg,2 316 403 392 554
test_Muroran_00024.jpg,1 90 433 227 548 1 488 520 600 598 2 350 481 440 598
test_Numazu_00379.jpg,2 245 290 323 425
test_Sumida_00051.jpg,8 382 428 566 560
test_Muroran_00402.jpg,5 59 381 600 552 5 129 393 574 485 8 456 359 599 485
test_Adachi_00150.jpg,2 0 183 272 517
test_Chiba_00006.jpg,8 420 436 592 574 8 110 477 308 600
test_Nagakute_00040.jpg,1 252 430 343 596
test_Sumida_00208.jpg,8 486 417 588 569
test_Adachi_00141.jpg,2 283 297 419 571
test_Chiba_00092.jpg,1 313 476 413 578 2 182 480 299 588 8 432 465 600 574
test_Numazu_00290.jpg,1 498 470 597 586 1 261 232 325 395 1 197 383 310 508 7 14 286 517 398
test_Ichihara_00001.jpg,2 5 402 254 587 2 436 413 595 541
test_Sumida_00180.jpg,2 0 183 272 517
test_Ichihara_00048.jpg,2 449 468 562 600
test_Numazu_00211.jpg,5 2 415 183 594
test_Nagakute_00013.jpg,8 160 350 271 526
test_Nagakute_00027.jpg,2 289 314 576 547 8 4 321 175 530 8 298 324 556 545
test_Chiba_00001.jpg,2 0 183 272 517
test_Chiba_00084.jpg,2 385 466 587 584
test_Adachi_00103.jpg,1 314 389 477 534 5 320 363 465 532
test_Numazu_00165.jpg,8 2 334 182 585
test_Nagakute_00112.jpg,1 39 376 184 582
test_Muroran_00069.jpg,5 352 488 523 600 8 142 404 203 598
test_Chiba_00049.jpg,8 335 407 530 576
test_Muroran_00103.jpg,1 443 442 530 599
test_Adachi_00040.jpg,1 7 276 216 538 1 0 262 438 475 3 139 308 562 425
test_Nagakute_00087.jpg,1 136 420 229 597 8 1 382 186 564
test_Numazu_00267.jpg,5 475 478 600 600 7 125 408 545 489
test_Ichihara_00034.jpg,1 69 460 244 600 1 227 469 599 597 5 117 409 294 584 5 78 448 549 600 5 71 460 258 600
test_Numazu_00087.jpg,2 329 355 523 600 5 64 336 296 600
test_Muroran_00041.jpg,2 2 389 171 549 5 174 370 600 597
test_Muroran_00346.jpg,8 0 286 219 553 8 408 438 546 600
test_Sumida_00169.jpg,2 23 409 280 550
test_Nagakute_00023.jpg,8 46 297 272 600
test_Sumida_00125.jpg,2 310 424 381 547
test_Numazu_00312.jpg,5 29 331 380 600
test_Adachi_00157.jpg,2 382 352 469 598
test_Muroran_00313.jpg,2 438 331 595 473
test_Muroran_00290.jpg,2 471 446 600 578 8 16 344 225 600
test_Numazu_00256.jpg,5 17 357 479 599
test_Adachi_00247.jpg,2 456 398 600 553
test_Muroran_00232.jpg,5 165 343 582 600
test_Adachi_00266.jpg,1 96 292 237 487
test_Chiba_00048.jpg,8 223 478 331 592
test_Nagakute_00132.jpg,8 1 343 202 598 8 310 328 600 580
test_Adachi_00031.jpg,2 292 456 401 581 2 163 265 437 460 8 328 312 581 455 8 450 343 599 452
test_Adachi_00046.jpg,2 0 206 257 493 8 369 217 500 562
test_Nagakute_00017.jpg,1 415 429 495 580
test_Adachi_00203.jpg,2 278 375 339 600
test_Chiba_00035.jpg,2 392 448 564 581
test_Nagakute_00092.jpg,5 33 350 600 598 5 23 389 351 589
test_Numazu_00344.jpg,5 18 415 445 553
test_Muroran_00305.jpg,1 58 405 247 588 5 426 445 584 600 8 454 466 588 600
test_Nagakute_00120.jpg,5 0 366 204 600
test_Muroran_00223.jpg,5 382 294 594 505 5 249 318 568 567
test_Adachi_00242.jpg,1 33 316 227 507 8 406 290 596 506
test_Sumida_00124.jpg,8 355 415 527 570
test_Numazu_00060.jpg,5 0 430 453 598
test_Numazu_00049.jpg,1 274 351 363 453 2 45 290 205 600
test_Sumida_00194.jpg,7 193 433 586 543
test_Numazu_00101.jpg,2 282 308 448 574 5 221 307 440 587
test_Nagakute_00170.jpg,5 217 360 469 599 8 8 332 249 600 8 319 350 598 597
test_Numazu_00080.jpg,8 303 425 463 599
test_Numazu_00311.jpg,5 17 411 550 597
test_Chiba_00018.jpg,2 158 477 332 591
test_Numazu_00309.jpg,5 311 397 422 503
test_Numazu_00386.jpg,1 130 359 206 582 8 345 364 596 577 8 0 319 134 532
test_Numazu_00359.jpg,2 92 385 244 600 5 181 384 600 597 5 134 406 293 600
test_Adachi_00090.jpg,2 0 183 272 517
test_Sumida_00143.jpg,7 72 439 563 561
test_Sumida_00047.jpg,2 362 389 544 523
test_Sumida_00078.jpg,2 243 409 306 559
test_Nagakute_00034.jpg,2 235 319 295 593 8 34 340 224 600
test_Muroran_00275.jpg,1 430 444 591 581 1 427 424 562 528 8 26 289 188 600 8 447 474 591 600
test_Numazu_00378.jpg,1 0 368 128 584 8 307 296 600 582 8 0 278 185 477
test_Nagakute_00152.jpg,1 485 430 598 540 1 131 485 254 600 8 2 394 126 540
test_Numazu_00380.jpg,7 55 381 600 600
test_Nagakute_00213.jpg,2 304 374 591 590 8 2 407 133 553
test_Numazu_00155.jpg,5 0 378 146 579 5 292 339 521 589 8 323 347 550 563 8 5 328 143 517
test_Chiba_00019.jpg,7 1 470 574 592
test_Sumida_00067.jpg,2 0 183 272 517
test_Numazu_00065.jpg,2 299 323 388 453
test_Sumida_00201.jpg,2 360 438 432 559
test_Numazu_00364.jpg,2 242 346 431 600
test_Numazu_00354.jpg,1 366 390 532 562 3 134 464 587 564 8 0 325 154 533 8 127 350 277 593
test_Numazu_00086.jpg,2 276 410 376 587 2 58 386 197 596 8 0 378 172 560
test_Chiba_00088.jpg,1 293 474 384 579 2 452 473 600 565
test_Chiba_00025.jpg,2 259 455 383 557
test_Chiba_00075.jpg,2 0 183 272 517
test_Nagakute_00163.jpg,1 57 273 166 416
test_Muroran_00195.jpg,1 203 401 276 599 1 191 334 374 591 5 4 397 168 600 5 0 355 408 600
test_Adachi_00106.jpg,2 366 282 549 587
test_Chiba_00070.jpg,2 457 495 551 588
test_Nagakute_00070.jpg,2 204 342 254 595
test_Adachi_00204.jpg,8 291 334 403 593
test_Muroran_00415.jpg,5 306 415 600 600
test_Adachi_00032.jpg,7 12 340 580 517
test_Adachi_00243.jpg,7 131 465 545 593 8 201 459 428 593
test_Sumida_00040.jpg,2 0 183 272 517
test_Nagakute_00162.jpg,1 100 430 267 600 8 308 358 596 596
test_Numazu_00403.jpg,8 288 283 595 537 8 0 278 184 470
test_Nagakute_00178.jpg,1 152 382 235 587 8 19 370 186 594
test_Muroran_00404.jpg,2 263 321 314 600
test_Numazu_00185.jpg,1 4 315 117 512 1 164 415 263 567 8 6 282 156 599 8 435 427 599 590
test_Numazu_00164.jpg,1 7 345 201 554 2 216 263 266 545 8 294 312 599 575
test_Muroran_00079.jpg,1 213 403 297 590 1 494 417 595 526 2 356 392 512 596
test_Nagakute_00012.jpg,2 118 401 276 598
test_Nagakute_00010.jpg,2 269 343 329 599
test_Adachi_00051.jpg,1 75 291 427 545 2 287 118 489 246 2 9 271 139 600 5 29 262 490 530
test_Muroran_00386.jpg,2 171 347 282 600 8 406 413 554 600
test_Nagakute_00083.jpg,5 45 335 517 600
test_Muroran_00029.jpg,2 340 377 443 546
test_Adachi_00190.jpg,8 253 430 363 598
test_Sumida_00058.jpg,2 27 417 214 526 8 375 451 563 557 8 334 448 484 550
test_Numazu_00033.jpg,5 156 339 312 587
test_Muroran_00125.jpg,2 328 401 519 592
test_Numazu_00356.jpg,2 94 449 183 598 5 149 434 600 598 5 5 504 127 600
test_Adachi_00005.jpg,2 0 183 272 517
test_Nagakute_00174.jpg,7 36 498 551 599
test_Chiba_00010.jpg,1 117 469 236 591 8 301 436 463 594
test_Nagakute_00062.jpg,1 270 386 443 600 2 222 377 451 600 5 284 390 438 599
test_Nagakute_00085.jpg,2 14 392 188 591 5 32 481 410 595 5 313 401 594 590 8 332 404 600 573
test_Nagakute_00058.jpg,1 272 413 374 580 1 56 365 148 514 8 2 332 153 464
test_Muroran_00055.jpg,5 453 394 590 502
test_Nagakute_00084.jpg,1 99 316 252 600 8 95 292 273 600
test_Sumida_00037.jpg,2 144 419 291 572
test_Nagakute_00240.jpg,1 208 323 302 417 8 313 293 600 517
test_Muroran_00141.jpg,5 85 440 494 600
test_Numazu_00204.jpg,3 162 475 560 588 5 0 368 531 596 8 0 282 176 484
test_Nagakute_00180.jpg,2 62 351 210 594
test_Adachi_00253.jpg,1 12 213 223 438
test_Adachi_00081.jpg,7 9 303 499 420
test_Numazu_00381.jpg,2 231 297 318 472
test_Muroran_00156.jpg,1 279 351 553 583 1 338 452 473 598 8 16 340 203 600 8 337 354 586 572
test_Sumida_00134.jpg,2 132 419 224 521
test_Numazu_00076.jpg,2 284 266 329 454
test_Ichihara_00049.jpg,8 0 474 121 579 8 477 466 599 581
test_Sumida_00190.jpg,2 0 183 272 517
test_Muroran_00201.jpg,1 320 377 501 600 1 35 395 191 600 2 323 315 525 550 5 303 318 507 565 8 2 362 180 587
test_Adachi_00286.jpg,1 14 370 317 543 8 138 283 449 530
test_Numazu_00092.jpg,2 163 376 246 568 5 93 406 248 598
test_Numazu_00218.jpg,5 242 414 527 572 5 260 381 407 565
test_Nagakute_00167.jpg,1 353 430 456 593 2 259 229 346 600 8 1 232 266 516 8 4 306 172 502
test_Numazu_00114.jpg,2 34 301 193 580 5 25 330 363 583
test_Adachi_00135.jpg,1 33 408 198 570 1 329 354 464 444
test_Chiba_00076.jpg,2 92 513 208 595
test_Muroran_00020.jpg,2 260 358 324 595 4 155 447 600 561
test_Muroran_00383.jpg,5 43 412 365 599
test_Numazu_00171.jpg,5 98 311 267 443 8 357 301 570 523
test_Numazu_00285.jpg,5 282 421 600 599 8 138 399 223 598
test_Sumida_00098.jpg,7 14 446 484 534
test_Muroran_00312.jpg,2 349 403 600 593 8 206 348 376 426
test_Nagakute_00146.jpg,5 180 386 600 600 5 307 427 597 598 8 120 408 600 597
test_Adachi_00308.jpg,2 0 183 272 517
test_Muroran_00014.jpg,2 299 361 454 599 5 283 361 568 585
test_Muroran_00333.jpg,2 0 183 272 517
test_Muroran_00174.jpg,1 155 389 285 599 2 159 373 296 600
test_Adachi_00014.jpg,2 197 368 333 595
test_Numazu_00230.jpg,2 280 401 479 590 8 83 305 213 471
test_Nagakute_00114.jpg,1 224 334 308 572 2 36 349 168 588 8 290 334 574 590
test_Muroran_00299.jpg,5 280 377 571 600
test_Nagakute_00196.jpg,1 218 350 343 521 1 39 342 168 464 5 205 352 331 515 8 5 323 169 459
test_Muroran_00240.jpg,1 135 428 269 600 8 441 394 596 559
test_Sumida_00033.jpg,2 326 405 424 519
test_Muroran_00112.jpg,5 51 409 358 600
test_Sumida_00105.jpg,2 0 183 272 517
test_Numazu_00338.jpg,5 412 468 600 588 8 27 439 207 597
test_Numazu_00202.jpg,8 445 478 576 600 8 5 266 222 477
test_Adachi_00069.jpg,5 10 192 183 457
test_Ichihara_00021.jpg,1 151 410 297 599 8 390 399 600 576 8 64 397 278 596
test_Numazu_00160.jpg,7 0 413 498 599 8 31 309 162 479
test_Adachi_00299.jpg,2 5 443 118 592
test_Muroran_00345.jpg,1 103 302 392 592 5 55 315 373 600 5 6 312 130 589
test_Muroran_00163.jpg,1 345 358 584 589 5 128 397 597 600 5 198 445 402 600 5 377 352 593 598
test_Numazu_00390.jpg,2 453 479 600 594 5 74 407 266 598 5 46 412 519 599 5 295 470 600 598
test_Adachi_00068.jpg,1 111 319 454 568 3 35 316 556 529 5 118 299 430 565
test_Chiba_00026.jpg,8 187 496 295 595
test_Adachi_00072.jpg,8 484 302 595 440
test_Nagakute_00125.jpg,3 5 417 319 569 3 0 397 491 521 3 166 409 600 529 5 252 396 600 531
test_Muroran_00260.jpg,1 294 445 388 598 1 390 483 588 600 5 0 422 550 594
test_Numazu_00176.jpg,2 228 300 342 599 2 298 341 583 588
test_Muroran_00005.jpg,2 90 368 217 578 5 170 423 600 599
test_Adachi_00329.jpg,2 384 363 583 593
test_Numazu_00333.jpg,7 15 424 600 600
test_Sumida_00081.jpg,7 15 456 577 567
test_Numazu_00310.jpg,2 286 355 418 590 5 420 358 591 524 8 427 350 600 493
test_Numazu_00284.jpg,2 245 319 304 593
test_Numazu_00357.jpg,2 336 399 565 596 8 281 347 575 595
test_Nagakute_00185.jpg,5 250 345 424 593
test_Muroran_00322.jpg,2 414 310 600 576
test_Nagakute_00091.jpg,5 38 284 213 538
test_Nagakute_00159.jpg,2 178 274 243 502 2 53 477 129 600
test_Adachi_00180.jpg,2 325 172 411 596
test_Adachi_00130.jpg,2 113 298 261 506 2 415 331 583 598 2 50 295 265 600 2 55 387 200 595 8 374 221 599 551
test_Numazu_00317.jpg,2 357 427 566 597
test_Numazu_00388.jpg,2 62 278 212 581 5 72 275 256 593
test_Numazu_00374.jpg,2 261 302 381 600 5 0 298 345 592
test_Nagakute_00029.jpg,7 0 433 514 598 8 110 297 311 449
test_Muroran_00006.jpg,8 431 389 559 523 8 26 325 292 597
test_Muroran_00397.jpg,2 0 183 272 517
test_Numazu_00396.jpg,2 295 446 384 598
test_Sumida_00060.jpg,2 0 183 272 517
test_Adachi_00164.jpg,5 38 309 355 567 8 412 224 593 440
test_Adachi_00236.jpg,8 383 262 588 469
test_Muroran_00131.jpg,1 408 451 496 597 1 194 452 281 596 8 63 382 273 600 8 131 368 280 536
test_Nagakute_00199.jpg,2 345 329 588 587 8 2 274 182 566
test_Muroran_00238.jpg,5 109 287 246 437
test_Sumida_00217.jpg,2 0 183 272 517
test_Muroran_00045.jpg,5 0 394 435 599 5 3 405 203 600
test_Nagakute_00254.jpg,1 264 453 346 582 8 0 316 205 523
test_Sumida_00226.jpg,8 212 430 312 571
test_Ichihara_00024.jpg,1 154 458 284 600
test_Adachi_00265.jpg,1 140 263 441 438
test_Adachi_00021.jpg,2 168 172 279 536
test_Muroran_00104.jpg,2 194 415 280 598 2 446 428 600 600 8 476 463 600 600 8 0 374 214 592
test_Sumida_00168.jpg,2 0 183 272 517
test_Nagakute_00099.jpg,5 164 340 489 597 5 360 386 600 600
test_Nagakute_00086.jpg,7 0 406 499 600
test_Nagakute_00121.jpg,1 74 433 188 599 1 215 429 290 592 8 0 390 138 583 8 300 414 527 598
test_Nagakute_00154.jpg,4 127 461 599 581 8 124 485 227 600
test_Numazu_00340.jpg,5 371 411 563 569 8 0 325 140 576
test_Numazu_00222.jpg,2 0 183 272 517
test_Muroran_00283.jpg,5 6 341 165 575
test_Sumida_00100.jpg,2 0 183 272 517
test_Numazu_00029.jpg,5 17 398 440 600 5 184 419 550 599
test_Numazu_00393.jpg,5 344 289 597 430
test_Adachi_00251.jpg,1 349 414 474 537
test_Nagakute_00216.jpg,5 15 457 135 593 5 174 471 557 597
test_Numazu_00405.jpg,5 176 335 336 573 8 345 261 600 547 8 3 252 168 452
test_Muroran_00071.jpg,5 353 392 453 559 6 0 388 569 592
test_Sumida_00227.jpg,2 354 411 462 554
test_Numazu_00131.jpg,5 38 363 283 589
test_Muroran_00198.jpg,5 0 370 463 597
test_Sumida_00042.jpg,2 0 183 272 517
test_Numazu_00348.jpg,5 84 443 441 592 5 181 457 600 600 5 430 447 600 596 8 445 453 600 597
test_Chiba_00020.jpg,7 147 512 600 599
test_Muroran_00261.jpg,1 99 489 209 597 5 351 457 593 599
test_Adachi_00224.jpg,2 262 151 323 313 2 192 187 313 560 2 187 361 277 576 2 450 307 593 479
test_Adachi_00195.jpg,1 347 497 511 600 3 81 433 339 500
test_Adachi_00124.jpg,2 407 381 600 587
test_Adachi_00131.jpg,5 187 352 476 580
test_Numazu_00254.jpg,1 48 378 246 599
test_Nagakute_00229.jpg,1 111 440 208 569 2 263 336 333 600 5 345 407 542 600
test_Nagakute_00144.jpg,1 12 383 243 568
test_Nagakute_00073.jpg,2 335 299 600 581 8 30 320 294 600
test_Nagakute_00021.jpg,2 92 259 223 600
test_Sumida_00029.jpg,2 362 433 451 544
test_Muroran_00365.jpg,1 453 407 594 564 8 8 337 259 554 8 401 423 554 599
test_Sumida_00030.jpg,8 362 425 531 559
test_Sumida_00165.jpg,2 0 418 213 553 8 394 440 580 560
test_Muroran_00023.jpg,5 111 322 563 600 5 4 303 365 600
test_Numazu_00361.jpg,2 0 183 272 517
test_Muroran_00295.jpg,5 240 467 396 576 8 231 471 401 585
test_Muroran_00179.jpg,2 371 439 485 594
test_Adachi_00219.jpg,1 309 375 470 499 5 328 387 466 496
test_Nagakute_00241.jpg,1 104 417 233 593 2 311 345 387 600 8 14 329 260 597
test_Numazu_00180.jpg,8 284 417 501 593
test_Ichihara_00046.jpg,2 130 409 305 576
test_Sumida_00123.jpg,2 0 393 224 539 8 6 419 171 518
test_Numazu_00108.jpg,5 448 410 595 570
test_Numazu_00288.jpg,2 314 429 423 577
test_Numazu_00258.jpg,2 0 183 272 517
test_Sumida_00096.jpg,2 0 413 164 522 2 223 428 308 549 8 425 440 592 579 8 472 493 588 580
test_Adachi_00262.jpg,7 62 391 573 560
test_Numazu_00372.jpg,2 122 302 259 600 5 175 311 589 599 6 220 293 522 574
test_Sumida_00118.jpg,2 0 183 272 517
test_Numazu_00385.jpg,5 13 359 196 596
test_Adachi_00327.jpg,8 438 376 600 535 8 53 377 250 553
test_Nagakute_00202.jpg,8 281 363 600 593 8 5 352 182 497
test_Numazu_00339.jpg,8 0 297 196 560 8 310 304 588 579
test_Nagakute_00217.jpg,1 160 402 273 600
test_Nagakute_00008.jpg,2 302 389 376 551 5 41 426 542 595 5 284 406 493 584 5 5 478 344 600
test_Chiba_00069.jpg,2 0 183 272 517
test_Numazu_00168.jpg,5 235 333 570 600 5 0 359 413 600 5 42 367 231 597 8 287 308 505 600 8 0 331 112 459
test_Chiba_00045.jpg,1 282 479 370 589 1 12 520 140 595 8 202 473 326 593
test_Sumida_00111.jpg,8 422 475 579 559
test_Numazu_00302.jpg,1 405 438 524 586 2 0 337 122 510
test_Muroran_00194.jpg,5 9 398 165 574
test_Numazu_00292.jpg,2 318 308 567 552
test_Numazu_00225.jpg,2 149 297 225 542 5 163 346 477 586
test_Sumida_00045.jpg,7 193 433 585 543
test_Sumida_00068.jpg,2 334 402 405 537
test_Muroran_00407.jpg,5 248 381 553 594
test_Muroran_00293.jpg,2 0 183 272 517
test_Muroran_00418.jpg,5 36 381 509 590
test_Ichihara_00030.jpg,5 59 388 312 600 5 116 387 600 600
test_Adachi_00117.jpg,2 0 183 272 517
test_Sumida_00106.jpg,2 0 183 272 517
test_Muroran_00153.jpg,1 105 431 264 595 8 0 335 257 581
test_Nagakute_00187.jpg,1 298 429 498 598 2 176 379 269 599 2 265 380 520 595 5 298 409 527 596
test_Adachi_00018.jpg,2 339 332 426 598
test_Muroran_00354.jpg,2 320 385 466 592
test_Numazu_00210.jpg,5 98 468 512 599 5 319 457 513 600 6 122 443 455 594
test_Ichihara_00026.jpg,8 440 483 559 599
test_Ichihara_00047.jpg,2 465 421 596 530
test_Adachi_00269.jpg,2 381 313 484 400 7 32 393 600 600
test_Adachi_00276.jpg,2 433 299 600 545
test_Nagakute_00190.jpg,1 33 345 218 567
test_Muroran_00425.jpg,8 278 327 340 599
test_Muroran_00074.jpg,5 294 370 415 503
test_Muroran_00130.jpg,1 53 372 222 600 5 115 379 441 597
test_Adachi_00153.jpg,1 277 424 363 598 8 373 330 509 449
test_Numazu_00395.jpg,2 48 378 221 596
test_Numazu_00366.jpg,2 292 363 439 585 2 2 391 108 582 7 85 270 390 337 8 410 370 600 578 8 243 432 324 582
test_Sumida_00166.jpg,2 327 386 393 539
test_Numazu_00259.jpg,1 337 447 420 600 1 462 431 576 536
test_Muroran_00315.jpg,5 85 346 594 598 5 348 364 600 592
test_Nagakute_00078.jpg,1 268 325 443 523 2 385 349 600 558 8 1 268 200 522
test_Numazu_00246.jpg,2 262 390 405 594 5 255 380 578 599
test_Chiba_00079.jpg,1 177 462 260 578 1 290 475 371 594
test_Numazu_00323.jpg,7 137 355 600 485
test_Numazu_00397.jpg,2 234 384 327 600
test_Numazu_00235.jpg,1 41 329 205 564 1 313 377 533 585 8 284 295 570 532
test_Numazu_00315.jpg,1 309 417 423 576 8 3 369 114 514 8 401 406 584 591 8 328 318 569 576
test_Chiba_00089.jpg,2 0 183 272 517
test_Adachi_00263.jpg,1 394 350 589 600
test_Adachi_00128.jpg,1 4 312 253 568 5 4 299 236 519
test_Muroran_00007.jpg,5 20 341 510 600
test_Numazu_00277.jpg,8 307 399 570 600 8 9 391 174 538
test_Nagakute_00109.jpg,2 234 291 418 542 2 271 343 472 600 3 74 432 332 494
test_Numazu_00281.jpg,5 17 345 249 573
test_Ichihara_00045.jpg,7 61 441 600 597
test_Muroran_00132.jpg,5 39 380 596 599
test_Muroran_00213.jpg,5 25 379 496 598 5 283 373 495 594
test_Muroran_00120.jpg,1 355 498 466 599 5 0 464 369 596
test_Numazu_00105.jpg,2 337 339 571 584
test_Nagakute_00201.jpg,5 204 403 390 599 8 23 404 184 600
test_Adachi_00096.jpg,2 296 308 413 587
test_Adachi_00270.jpg,2 188 347 257 600
test_Muroran_00419.jpg,5 23 345 564 594 5 281 327 543 554 5 3 338 272 595
test_Adachi_00289.jpg,8 0 300 247 600
test_Muroran_00298.jpg,2 373 387 584 597
test_Numazu_00036.jpg,2 11 281 182 595 5 59 325 307 584 8 353 398 552 591
test_Ichihara_00028.jpg,7 0 459 532 600
test_Numazu_00391.jpg,5 0 367 441 591 5 218 370 375 589
test_Nagakute_00244.jpg,1 301 404 423 536 8 1 320 191 502
test_Muroran_00294.jpg,5 154 458 337 598
test_Sumida_00193.jpg,2 188 405 282 541
test_Ichihara_00029.jpg,1 387 403 570 600 5 385 395 561 600
test_Muroran_00143.jpg,1 105 415 261 600 5 6 368 234 587 8 370 393 476 600
test_Sumida_00197.jpg,2 0 183 272 517
test_Sumida_00141.jpg,1 162 457 296 571 8 394 440 589 591 8 175 459 304 575 8 72 453 243 570
test_Muroran_00047.jpg,2 173 343 256 600 8 427 397 597 531
test_Muroran_00085.jpg,1 373 416 519 599 5 19 383 395 600
test_Muroran_00244.jpg,5 439 416 596 571 8 495 457 600 565 8 71 335 250 600
test_Muroran_00348.jpg,5 212 339 583 581
test_Nagakute_00250.jpg,7 3 381 600 600
test_Adachi_00154.jpg,1 398 393 570 588 2 400 390 568 600
test_Nagakute_00274.jpg,1 349 422 539 598 5 0 473 346 600 5 140 482 512 599 5 12 450 208 598 8 350 424 543 600
test_Adachi_00085.jpg,2 159 304 264 590
test_Adachi_00261.jpg,2 6 161 153 477
test_Sumida_00031.jpg,8 363 413 554 578
test_Muroran_00100.jpg,2 0 183 272 517
test_Nagakute_00198.jpg,1 247 419 314 600 2 250 407 310 600
test_Nagakute_00139.jpg,1 35 378 152 600 5 278 422 524 597 8 0 297 122 507
test_Numazu_00229.jpg,2 0 309 101 515
test_Adachi_00073.jpg,2 420 465 548 595 8 338 382 447 485 8 353 425 553 485
test_Muroran_00031.jpg,5 24 367 532 600
test_Muroran_00257.jpg,5 41 374 469 593 5 78 335 284 570
test_Muroran_00357.jpg,5 40 408 539 597
test_Numazu_00370.jpg,2 252 361 334 591
test_Nagakute_00168.jpg,4 19 457 473 566 8 5 328 161 478
test_Adachi_00165.jpg,7 30 192 582 392
test_Adachi_00208.jpg,2 115 397 212 511 2 385 321 534 525 5 357 325 568 597 5 163 382 600 595 8 430 404 575 598
test_Adachi_00086.jpg,1 151 324 255 514 1 313 295 426 412 1 6 322 143 423
test_Adachi_00273.jpg,2 140 241 291 600 8 217 282 396 424
test_Adachi_00225.jpg,8 22 255 235 525 8 78 138 425 403
test_Adachi_00030.jpg,7 0 176 529 368
test_Muroran_00204.jpg,1 197 334 374 600 5 121 339 427 592
test_Numazu_00240.jpg,2 260 372 415 596
test_Muroran_00328.jpg,1 309 393 373 599 1 169 429 282 600 2 409 334 527 446
test_Sumida_00043.jpg,2 328 449 388 571
test_Adachi_00228.jpg,7 41 330 600 598 8 14 285 223 593
test_Muroran_00008.jpg,5 156 338 562 594 5 1 435 154 596
test_Adachi_00029.jpg,2 303 227 360 547 8 3 205 201 364
test_Muroran_00384.jpg,2 384 334 556 598 5 376 362 587 599 5 434 491 574 592
test_Numazu_00250.jpg,2 298 311 573 600 2 101 323 249 588 2 377 397 549 595 8 419 373 589 528
test_Adachi_00240.jpg,2 0 183 272 517
test_Nagakute_00227.jpg,5 163 364 326 532
test_Ichihara_00038.jpg,1 410 389 500 574
test_Nagakute_00127.jpg,1 282 516 398 600
test_Adachi_00197.jpg,2 340 230 423 420 8 396 413 489 584
test_Muroran_00420.jpg,1 323 361 398 470 8 373 402 590 599 8 3 426 161 598
test_Adachi_00105.jpg,1 106 214 224 600 2 497 227 600 344
test_Numazu_00095.jpg,5 237 301 391 593 5 0 362 389 593 7 0 407 378 594 8 3 418 307 592
test_Muroran_00297.jpg,2 362 358 587 551 5 144 428 288 546
test_Nagakute_00226.jpg,1 88 357 176 476 8 265 353 551 594
test_Chiba_00052.jpg,2 0 183 272 517
test_Muroran_00115.jpg,2 299 349 358 600
test_Muroran_00058.jpg,1 332 521 507 596 8 0 503 105 600
test_Muroran_00381.jpg,2 118 344 194 592 8 270 336 355 383
test_Sumida_00151.jpg,2 369 385 511 549 2 419 435 504 542
test_Nagakute_00173.jpg,1 105 473 477 600 5 53 446 600 600 7 200 336 600 463 7 73 329 586 546
test_Chiba_00034.jpg,2 289 398 411 547
test_Muroran_00059.jpg,2 305 381 374 499 7 19 479 579 600
test_Numazu_00097.jpg,5 113 409 296 598
test_Numazu_00233.jpg,1 145 357 324 577
test_Chiba_00038.jpg,8 306 458 500 600
test_Adachi_00314.jpg,2 373 367 545 599
test_Sumida_00059.jpg,2 326 406 415 545
test_Sumida_00205.jpg,8 379 419 589 572
test_Muroran_00321.jpg,5 115 375 598 599 8 409 500 526 600
test_Nagakute_00016.jpg,5 129 364 364 597 5 370 415 599 599
test_Numazu_00268.jpg,8 121 363 304 600
test_Adachi_00246.jpg,7 0 142 489 329 7 91 141 600 277 8 346 273 438 435
test_Numazu_00384.jpg,7 37 299 588 464
test_Adachi_00087.jpg,2 0 183 272 517
test_Numazu_00170.jpg,7 166 348 509 512
test_Adachi_00127.jpg,1 136 462 215 596 8 364 308 598 564
test_Adachi_00172.jpg,1 125 221 282 477
test_Sumida_00041.jpg,2 0 183 272 517
test_Numazu_00193.jpg,1 46 419 153 574
test_Sumida_00028.jpg,2 363 416 481 550
test_Muroran_00376.jpg,5 58 357 410 520
test_Adachi_00237.jpg,8 273 311 598 517
test_Nagakute_00239.jpg,1 225 411 332 592 8 305 420 484 596
test_Ichihara_00042.jpg,1 383 396 516 477 8 0 478 155 598
test_Nagakute_00181.jpg,5 43 356 526 600
test_Sumida_00135.jpg,8 473 505 595 597
test_Numazu_00083.jpg,5 0 356 362 595 8 216 340 510 591
test_Muroran_00180.jpg,2 0 183 272 517
test_Muroran_00269.jpg,5 0 369 568 599
test_Numazu_00030.jpg,8 187 304 344 549
test_Chiba_00002.jpg,7 0 510 380 599
test_Numazu_00336.jpg,8 380 461 592 598 8 296 335 543 597 8 71 293 220 581 8 306 324 479 503
test_Adachi_00035.jpg,4 232 451 600 548
test_Nagakute_00030.jpg,1 343 452 588 596 2 265 353 357 598
test_Muroran_00035.jpg,1 61 404 222 597 8 447 388 600 513 8 391 425 542 597
test_Muroran_00424.jpg,5 62 414 600 597
test_Muroran_00186.jpg,1 272 333 326 532 8 0 338 220 565 8 357 365 471 507
test_Muroran_00326.jpg,5 48 371 279 600
test_Muroran_00417.jpg,2 392 342 597 598 8 187 386 337 548
test_Muroran_00398.jpg,5 344 441 559 591
test_Nagakute_00260.jpg,1 106 363 213 534 2 261 302 506 598 3 344 419 567 484
test_Muroran_00053.jpg,5 134 479 529 599
test_Sumida_00091.jpg,5 159 385 280 483
test_Sumida_00170.jpg,2 312 386 404 532
test_Muroran_00413.jpg,2 419 362 532 600 7 69 301 258 404
test_Muroran_00388.jpg,5 14 334 285 600 5 103 387 600 592 5 314 434 593 598
test_Adachi_00061.jpg,1 420 253 600 452 2 0 358 156 588
test_Nagakute_00074.jpg,5 119 341 284 600 8 452 367 599 491
test_Nagakute_00043.jpg,1 120 428 211 595 1 301 388 448 568 8 4 310 205 507
test_Adachi_00196.jpg,2 335 314 557 582
test_Muroran_00078.jpg,2 0 183 272 517
test_Adachi_00013.jpg,2 422 395 546 591
test_Numazu_00064.jpg,2 0 183 272 517
test_Muroran_00273.jpg,2 16 330 191 593
test_Nagakute_00041.jpg,1 226 492 386 600
test_Nagakute_00057.jpg,2 391 476 480 595
test_Ichihara_00002.jpg,1 378 427 531 589 8 19 443 201 597
test_Nagakute_00221.jpg,1 357 459 600 599
test_Muroran_00109.jpg,5 60 359 553 596
test_Numazu_00161.jpg,8 300 267 592 516 8 1 293 182 471
test_Adachi_00250.jpg,2 304 303 445 598
test_Muroran_00138.jpg,5 110 369 565 597
test_Muroran_00211.jpg,2 184 448 381 593 5 479 457 598 600
test_Nagakute_00061.jpg,7 0 445 488 600
test_Numazu_00006.jpg,2 0 183 272 517
test_Numazu_00353.jpg,2 307 351 472 600
test_Numazu_00201.jpg,2 317 469 388 598 2 446 466 510 597
test_Muroran_00391.jpg,2 336 376 430 596 2 96 387 209 600
test_Muroran_00219.jpg,2 338 350 595 565 2 271 363 359 600
test_Sumida_00018.jpg,8 437 487 599 578
test_Numazu_00147.jpg,5 2 422 409 596
test_Muroran_00344.jpg,5 29 399 577 595
test_Numazu_00013.jpg,2 0 183 272 517
test_Numazu_00261.jpg,2 80 265 235 594 2 84 371 182 586 2 140 268 221 469 5 37 369 210 582
test_Adachi_00098.jpg,1 391 409 488 527 2 161 373 260 587 7 199 302 600 388
test_Nagakute_00113.jpg,2 84 266 244 556
test_Numazu_00110.jpg,2 312 338 587 587 5 162 362 303 591 8 337 337 561 578 8 161 354 293 550
test_Adachi_00321.jpg,2 306 341 476 600
test_Chiba_00061.jpg,2 0 183 272 517
test_Adachi_00217.jpg,7 0 328 490 533
test_Nagakute_00116.jpg,1 327 386 510 598 1 307 383 423 506 1 165 435 252 577
test_Chiba_00011.jpg,2 377 446 593 578
test_Muroran_00310.jpg,1 467 425 598 538
test_Numazu_00178.jpg,5 84 481 420 594
test_Ichihara_00023.jpg,1 397 397 597 584 8 384 384 600 588
test_Adachi_00275.jpg,2 431 284 600 581
test_Numazu_00306.jpg,1 204 279 332 439 1 194 304 273 440
test_Nagakute_00140.jpg,2 238 396 420 600
test_Muroran_00098.jpg,2 390 415 596 593 8 7 479 119 596
test_Nagakute_00031.jpg,7 0 419 592 600
test_Numazu_00063.jpg,5 0 356 460 582 5 203 321 381 504 5 17 360 215 517
test_Muroran_00137.jpg,1 289 394 425 594 1 346 411 486 570 8 0 369 213 566
test_Nagakute_00038.jpg,5 134 454 258 557 8 1 403 183 600
test_Nagakute_00262.jpg,1 275 377 413 583 8 4 351 164 508
test_Adachi_00201.jpg,2 314 469 389 598 2 500 486 598 582 8 374 384 479 465
test_Muroran_00111.jpg,5 260 402 458 597 8 343 444 447 600
test_Muroran_00416.jpg,5 292 417 506 503 5 71 397 310 485
test_Chiba_00058.jpg,1 303 432 393 538
test_Nagakute_00149.jpg,2 373 407 526 510
test_Adachi_00318.jpg,7 133 143 600 261 8 0 495 378 596 8 0 505 199 591
test_Sumida_00056.jpg,7 45 461 540 555
test_Adachi_00161.jpg,8 147 346 457 598
test_Nagakute_00093.jpg,8 17 363 195 598 8 330 423 597 598
test_Nagakute_00147.jpg,1 51 424 183 600
test_Numazu_00093.jpg,2 0 183 272 517
test_Numazu_00192.jpg,2 117 273 212 436 2 23 290 197 600 5 336 325 596 593
test_Nagakute_00072.jpg,1 220 439 279 600
test_Adachi_00020.jpg,1 94 197 262 455 1 81 319 168 526 8 261 110 343 443
test_Sumida_00015.jpg,1 349 455 417 543 8 327 413 465 554
test_Muroran_00068.jpg,5 74 337 276 593 5 209 460 559 600 5 407 470 594 597 5 454 328 593 441 8 416 374 552 506
test_Numazu_00071.jpg,8 26 340 183 588
test_Adachi_00054.jpg,1 5 327 103 439 2 121 386 167 599
test_Sumida_00006.jpg,1 74 465 202 557 8 15 463 181 564
test_Numazu_00132.jpg,1 302 400 494 596 5 26 343 440 600
test_Muroran_00246.jpg,1 312 349 422 600
test_Numazu_00401.jpg,1 136 398 239 552 8 316 388 597 600
test_Numazu_00103.jpg,5 234 373 557 528
test_Sumida_00016.jpg,2 218 432 295 545
test_Muroran_00255.jpg,5 27 316 511 600 5 233 338 600 595
test_Numazu_00078.jpg,6 132 381 353 597
test_Muroran_00343.jpg,2 0 183 272 517
test_Nagakute_00066.jpg,2 279 349 328 592
test_Muroran_00060.jpg,1 122 455 213 596 1 424 444 598 578
test_Numazu_00350.jpg,2 308 317 362 588
test_Chiba_00021.jpg,1 439 479 588 579 5 299 466 392 583
test_Nagakute_00197.jpg,2 145 391 200 597
test_Adachi_00268.jpg,1 246 321 370 434
test_Muroran_00245.jpg,2 244 363 313 600 3 84 504 309 556
test_Numazu_00220.jpg,5 258 315 517 570 6 255 339 494 577
test_Muroran_00117.jpg,2 192 422 283 598 2 0 412 177 562
test_Adachi_00088.jpg,2 188 281 273 484 2 33 262 214 569
test_Numazu_00308.jpg,5 51 481 226 598
test_Muroran_00183.jpg,5 127 287 549 600 5 7 335 355 594
test_Sumida_00055.jpg,2 340 429 406 546 8 385 431 542 562 8 116 441 233 558
test_Nagakute_00265.jpg,2 346 364 600 595 2 147 308 268 520 8 330 366 600 600
test_Sumida_00195.jpg,8 426 460 591 593
test_Nagakute_00135.jpg,1 171 507 341 595 8 11 379 210 600 8 349 366 600 587
test_Sumida_00063.jpg,2 398 420 600 527 2 148 426 287 526
test_Adachi_00099.jpg,8 39 290 201 600
test_Adachi_00257.jpg,7 40 175 528 308
test_Numazu_00088.jpg,5 38 396 514 600 5 315 438 600 596 8 5 358 196 594 8 411 471 590 597
test_Chiba_00068.jpg,2 0 183 272 517
test_Muroran_00070.jpg,2 151 340 267 600
test_Sumida_00224.jpg,7 141 429 600 552
test_Nagakute_00007.jpg,2 49 333 241 600 5 151 324 589 589 5 196 365 413 595
test_Muroran_00286.jpg,5 55 376 493 600
test_Numazu_00090.jpg,2 313 406 408 587
test_Numazu_00251.jpg,8 328 416 451 537
test_Muroran_00012.jpg,5 353 395 594 594
test_Nagakute_00025.jpg,1 58 398 162 543 8 376 440 594 595
test_Muroran_00352.jpg,5 101 364 600 590 5 87 405 425 593
test_Muroran_00278.jpg,2 0 183 272 517
test_Muroran_00116.jpg,6 72 381 600 587
test_Numazu_00113.jpg,2 113 303 240 588 5 335 342 587 576 8 8 303 183 493 8 104 304 242 593
test_Muroran_00262.jpg,5 112 326 589 600
test_Muroran_00243.jpg,2 411 393 521 520 5 198 315 486 578 5 222 364 377 581 8 2 284 224 600
test_Sumida_00044.jpg,2 355 414 475 548
test_Sumida_00052.jpg,2 107 409 249 563
test_Sumida_00095.jpg,5 161 398 261 492
test_Muroran_00422.jpg,1 63 369 171 584
test_Adachi_00120.jpg,2 380 242 560 527
test_Muroran_00342.jpg,2 385 409 593 591 5 0 366 364 596 5 194 418 498 599
test_Nagakute_00004.jpg,1 431 452 584 595 5 69 461 272 600
test_Sumida_00035.jpg,2 325 405 410 541 8 472 441 597 515
test_Adachi_00287.jpg,2 429 330 582 528
test_Adachi_00139.jpg,1 449 421 590 597
test_Adachi_00070.jpg,2 345 369 509 599
test_Muroran_00022.jpg,5 35 446 290 600 8 318 382 382 543
test_Nagakute_00134.jpg,1 0 430 249 600 2 241 315 402 585
test_Sumida_00046.jpg,2 318 406 378 543
test_Sumida_00087.jpg,2 379 423 490 577
test_Numazu_00221.jpg,2 272 365 345 598 8 305 328 395 436
test_Nagakute_00096.jpg,1 338 376 472 543 1 191 490 334 595 2 15 285 142 397
test_Sumida_00027.jpg,1 344 429 407 551
test_Adachi_00296.jpg,2 370 314 596 561
test_Ichihara_00014.jpg,1 155 481 268 600 2 429 441 598 582
test_Muroran_00091.jpg,1 10 421 172 600 1 208 456 362 600 1 35 416 144 539 2 304 350 487 589 8 310 353 416 478
test_Adachi_00330.jpg,5 153 218 350 345 5 391 215 591 367 7 104 264 599 600
test_Adachi_00315.jpg,7 47 181 553 272
test_Sumida_00082.jpg,2 0 183 272 517
test_Muroran_00247.jpg,8 68 372 207 597
test_Nagakute_00032.jpg,2 130 357 222 600
test_Sumida_00053.jpg,8 339 424 432 538
test_Adachi_00277.jpg,2 9 343 105 472
test_Sumida_00128.jpg,8 71 392 172 541
test_Muroran_00172.jpg,5 0 395 477 600
test_Nagakute_00248.jpg,1 67 469 190 594 8 232 314 600 594
test_Numazu_00062.jpg,5 281 412 536 593 5 74 401 201 543 8 264 300 582 542
test_Muroran_00083.jpg,5 232 317 351 499 5 196 326 584 589
test_Nagakute_00259.jpg,1 309 389 492 599 8 2 315 215 600
test_Numazu_00239.jpg,6 231 424 393 518
test_Muroran_00335.jpg,5 347 413 588 600 5 53 341 222 596
test_Nagakute_00235.jpg,1 251 431 459 594 8 3 337 184 506
test_Numazu_00212.jpg,8 319 432 595 599
test_Numazu_00342.jpg,1 106 366 273 597
test_Nagakute_00176.jpg,1 402 452 505 596 2 143 404 237 600 8 393 412 578 593
test_Muroran_00003.jpg,5 134 365 450 595
test_Muroran_00409.jpg,5 7 376 503 594 5 160 396 600 600 5 303 356 598 600
test_Nagakute_00246.jpg,2 252 371 340 600
test_Numazu_00206.jpg,2 0 183 272 517
test_Sumida_00212.jpg,2 317 396 384 508
test_Numazu_00053.jpg,1 353 382 499 586 2 356 375 503 575 8 398 369 598 567
test_Sumida_00156.jpg,2 193 448 270 559
test_Muroran_00142.jpg,2 0 183 272 517
test_Nagakute_00130.jpg,1 176 432 247 599
test_Numazu_00389.jpg,5 0 351 589 597
test_Adachi_00185.jpg,1 235 358 403 600
test_Sumida_00007.jpg,1 153 431 347 533 8 6 417 86 549
test_Muroran_00052.jpg,1 73 395 307 584 1 400 376 594 506 1 260 496 352 600
test_Chiba_00041.jpg,2 0 183 272 517
test_Numazu_00072.jpg,8 10 287 200 498 8 301 317 484 478
test_Sumida_00076.jpg,2 343 429 414 558
test_Sumida_00186.jpg,8 397 451 595 598
test_Sumida_00088.jpg,2 0 183 272 517
test_Sumida_00080.jpg,8 332 397 431 536
test_Sumida_00019.jpg,7 101 464 600 570
test_Sumida_00131.jpg,8 148 434 261 560
test_Muroran_00206.jpg,5 0 362 332 594 8 85 524 179 598
test_Adachi_00238.jpg,2 225 196 287 489
test_Muroran_00263.jpg,1 282 393 464 599 5 291 391 472 600 5 0 391 73 595
test_Muroran_00128.jpg,2 430 380 580 521 8 22 398 193 600
test_Numazu_00272.jpg,5 209 320 363 593 8 300 313 395 438
test_Muroran_00300.jpg,3 330 526 518 586
test_Adachi_00220.jpg,1 359 434 542 580
test_Sumida_00137.jpg,2 8 431 165 539 2 335 435 411 545
test_Muroran_00318.jpg,2 301 371 354 600 5 4 432 224 599
test_Numazu_00343.jpg,7 0 397 544 598
test_Adachi_00198.jpg,2 350 304 591 545
test_Muroran_00252.jpg,2 297 309 374 561
test_Sumida_00145.jpg,8 379 437 553 561
test_Muroran_00224.jpg,5 3 373 237 587 8 322 404 408 591
test_Muroran_00334.jpg,2 277 352 503 538 2 250 327 443 486 2 310 386 586 580
test_Numazu_00360.jpg,1 171 305 252 566 5 0 277 263 595 8 315 293 577 584 8 0 289 158 487
test_Muroran_00401.jpg,8 309 427 411 593
test_Nagakute_00067.jpg,1 141 388 357 594
test_Nagakute_00019.jpg,2 395 304 592 487
test_Numazu_00197.jpg,2 0 183 272 517
test_Muroran_00113.jpg,5 123 371 319 600 5 401 364 592 567
test_Nagakute_00153.jpg,7 0 426 565 599
test_Sumida_00064.jpg,2 108 403 198 524
test_Muroran_00216.jpg,5 14 368 541 600 5 0 364 207 600
test_Numazu_00208.jpg,1 250 426 408 599 1 261 453 342 596 8 322 421 432 509
test_Sumida_00013.jpg,2 414 449 596 596
test_Nagakute_00183.jpg,1 190 409 313 599 8 3 363 124 514
test_Muroran_00379.jpg,5 136 426 308 599
test_Adachi_00223.jpg,2 0 183 272 517
test_Nagakute_00048.jpg,1 58 426 195 595 2 262 376 418 600 8 271 388 416 595
test_Muroran_00241.jpg,1 173 291 249 438 2 179 289 249 433 7 0 424 502 596 8 36 302 202 456
test_Adachi_00059.jpg,2 120 282 290 591
test_Sumida_00144.jpg,8 455 464 596 565
test_Adachi_00160.jpg,2 313 334 396 566
test_Muroran_00154.jpg,5 75 393 489 599
test_Adachi_00138.jpg,2 430 288 597 552
test_Numazu_00400.jpg,2 112 417 196 600 2 271 381 353 600
test_Muroran_00067.jpg,1 354 418 563 600 5 364 421 551 598 8 107 442 251 600
test_Muroran_00026.jpg,2 120 360 273 600 2 324 318 512 600
test_Adachi_00179.jpg,5 249 347 496 596 5 0 423 504 599 8 291 313 530 591
test_Chiba_00063.jpg,8 446 475 600 581
test_Sumida_00167.jpg,8 409 458 590 600
test_Adachi_00231.jpg,1 384 185 593 483 1 159 131 288 510
test_Adachi_00260.jpg,2 442 346 595 485
test_Sumida_00024.jpg,2 212 395 303 520 8 349 427 449 537
test_Nagakute_00122.jpg,2 234 317 354 521 3 98 378 286 432
test_Adachi_00320.jpg,1 148 255 232 415 2 349 164 458 517 2 310 130 421 427 8 301 170 383 364
test_Numazu_00159.jpg,1 6 407 174 598
test_Adachi_00074.jpg,1 423 421 569 600
test_Muroran_00405.jpg,2 269 322 436 595
test_Chiba_00039.jpg,5 84 463 600 582
test_Muroran_00066.jpg,5 0 370 482 595 6 227 413 522 580
test_Muroran_00148.jpg,2 311 387 367 524 8 497 471 598 591 8 70 394 270 600
test_Muroran_00144.jpg,5 66 443 484 598
test_Muroran_00013.jpg,2 0 183 272 517
test_Sumida_00036.jpg,2 23 440 200 568
test_Muroran_00228.jpg,2 197 412 370 598 5 202 435 519 598
test_Muroran_00349.jpg,2 135 332 210 599 8 312 379 418 481
test_Muroran_00364.jpg,8 114 382 278 600
test_Sumida_00202.jpg,2 260 423 313 563
test_Adachi_00302.jpg,2 0 183 272 517
test_Nagakute_00182.jpg,8 288 321 485 563
test_Nagakute_00242.jpg,2 0 384 181 600 2 296 356 433 597
test_Chiba_00082.jpg,2 0 183 272 517
test_Ichihara_00019.jpg,1 237 495 342 596 8 4 428 234 596
test_Numazu_00237.jpg,5 46 400 418 600 5 70 433 218 599 5 232 414 431 597
test_Muroran_00353.jpg,2 0 183 272 517
test_Sumida_00021.jpg,2 0 183 272 517
test_Numazu_00325.jpg,8 5 405 145 584
test_Numazu_00262.jpg,1 56 358 182 463 8 296 282 585 596 8 193 424 304 596
test_Numazu_00207.jpg,7 196 264 459 339
test_Adachi_00215.jpg,2 361 218 529 580
test_Muroran_00412.jpg,5 13 362 487 600 5 221 384 580 600
test_Adachi_00324.jpg,2 168 376 279 596 2 407 390 592 541
test_Numazu_00141.jpg,2 240 343 337 591 8 294 325 522 600
test_Sumida_00122.jpg,7 56 439 530 525
test_Sumida_00116.jpg,2 0 183 272 517
test_Nagakute_00258.jpg,5 355 449 491 563
test_Adachi_00002.jpg,2 77 192 297 600 2 149 195 291 491
test_Sumida_00200.jpg,1 262 439 370 563
test_Numazu_00198.jpg,1 243 299 383 534 5 125 339 600 587 5 244 317 384 594
test_Numazu_00059.jpg,7 9 363 577 582
test_Muroran_00258.jpg,1 248 384 383 599 1 9 358 160 600 1 228 342 336 564 5 10 340 176 596 8 357 413 538 598
test_Numazu_00016.jpg,2 295 314 464 560
test_Muroran_00044.jpg,5 45 370 600 600
test_Sumida_00104.jpg,2 242 408 384 535 2 366 402 413 500
test_Nagakute_00261.jpg,1 31 434 146 560 8 7 331 208 524
test_Sumida_00211.jpg,8 340 403 545 559
test_Adachi_00022.jpg,1 185 346 275 485 1 286 487 402 599
test_Adachi_00095.jpg,2 190 347 290 596
test_Muroran_00272.jpg,2 369 393 534 572 8 373 403 538 566
test_Adachi_00294.jpg,2 347 237 508 549 2 397 316 536 584 2 357 245 462 439 7 187 190 514 248
test_Adachi_00084.jpg,1 381 474 492 598 8 48 406 265 598
test_Muroran_00127.jpg,5 264 460 397 593 8 421 338 588 455
test_Adachi_00019.jpg,8 350 437 476 599
test_Adachi_00136.jpg,2 290 85 464 251 7 0 244 543 598
test_Sumida_00154.jpg,8 249 406 344 452
test_Numazu_00188.jpg,1 390 368 550 498
test_Nagakute_00141.jpg,3 143 373 317 431
test_Adachi_00091.jpg,1 138 383 310 600
test_Chiba_00044.jpg,8 167 460 268 597
test_Muroran_00082.jpg,5 5 315 541 600
test_Muroran_00050.jpg,5 194 364 600 595
test_Nagakute_00105.jpg,2 341 452 491 599
test_Muroran_00167.jpg,5 0 335 416 596
test_Sumida_00017.jpg,1 192 427 310 527
test_Adachi_00063.jpg,2 475 283 597 440
test_Numazu_00387.jpg,1 266 383 322 585
test_Numazu_00399.jpg,5 355 378 576 569 6 0 313 300 506
test_Sumida_00103.jpg,7 132 468 600 569
test_Muroran_00057.jpg,5 231 380 514 568 6 268 378 462 539
test_Muroran_00061.jpg,1 426 338 593 528 2 281 416 340 596 2 239 351 350 600 8 76 11 480 159
test_Muroran_00077.jpg,5 31 381 347 600
test_Nagakute_00028.jpg,2 114 446 193 597
test_Muroran_00331.jpg,5 0 323 93 512 7 99 356 588 519
test_Numazu_00040.jpg,8 23 272 212 600 8 342 319 596 473
test_Ichihara_00032.jpg,7 36 476 600 600
test_Muroran_00170.jpg,8 2 380 188 566
test_Muroran_00185.jpg,5 56 330 570 600 5 4 314 331 589
test_Nagakute_00110.jpg,2 325 227 575 502 8 16 272 238 557
test_Nagakute_00210.jpg,8 59 399 284 506
test_Muroran_00250.jpg,2 391 372 509 563 5 147 405 289 594 5 91 399 552 596 8 274 471 336 599
test_Chiba_00037.jpg,7 144 494 600 592
test_Sumida_00221.jpg,2 0 183 272 517
test_Numazu_00152.jpg,1 266 499 348 598
test_Muroran_00182.jpg,1 184 403 273 588
test_Sumida_00089.jpg,7 59 443 600 544
test_Muroran_00288.jpg,5 116 338 520 592
test_Muroran_00150.jpg,5 269 294 468 448 5 232 428 574 600
test_Chiba_00031.jpg,2 71 462 194 596
test_Sumida_00075.jpg,2 215 399 290 547
test_Numazu_00075.jpg,5 104 405 263 594
test_Numazu_00234.jpg,1 241 372 306 580
test_Numazu_00091.jpg,1 187 404 269 595 1 286 441 447 595 8 17 280 210 600
test_Chiba_00094.jpg,2 0 183 272 517
test_Adachi_00078.jpg,1 374 314 516 468 8 376 249 599 435
test_Sumida_00012.jpg,2 369 441 503 590
test_Muroran_00306.jpg,2 286 342 336 600
test_Sumida_00073.jpg,2 257 403 349 537
test_Muroran_00171.jpg,5 61 356 600 596
test_Muroran_00105.jpg,8 375 506 519 599
test_Nagakute_00263.jpg,1 293 359 494 575
test_Adachi_00062.jpg,7 57 360 542 495 8 3 372 211 594
test_Adachi_00122.jpg,1 133 253 365 561
test_Sumida_00121.jpg,8 4 436 226 571
test_Muroran_00380.jpg,1 123 456 244 596 8 395 414 595 600
test_Adachi_00016.jpg,1 379 343 503 592
test_Muroran_00187.jpg,5 1 377 449 600 5 228 362 419 586
test_Adachi_00221.jpg,1 382 414 481 534 8 395 376 557 551
test_Adachi_00317.jpg,2 0 342 154 494 8 446 367 596 492
test_Adachi_00207.jpg,1 422 218 593 448
test_Adachi_00218.jpg,2 448 207 559 532 7 0 226 348 526
test_Adachi_00015.jpg,1 109 121 251 514
test_Adachi_00209.jpg,1 400 282 521 455 2 3 170 166 489
test_Numazu_00186.jpg,5 246 342 558 520 5 263 337 432 471
test_Numazu_00304.jpg,2 282 252 583 580 8 283 257 600 597
test_Sumida_00222.jpg,2 0 183 272 517
test_Numazu_00153.jpg,8 391 390 599 600
test_Nagakute_00273.jpg,1 71 473 160 598 2 240 223 312 507 5 312 321 577 590 8 7 234 205 587
test_Muroran_00032.jpg,5 40 338 485 594 5 320 378 600 580 8 383 377 600 565
test_Numazu_00377.jpg,2 77 348 250 589
test_Adachi_00234.jpg,2 0 183 272 517
test_Nagakute_00272.jpg,1 443 418 580 526
test_Chiba_00060.jpg,8 196 473 330 592
test_Numazu_00182.jpg,1 63 508 157 599 1 291 440 433 599 2 287 423 422 600 5 288 448 431 599
test_Adachi_00293.jpg,2 0 183 272 517
test_Ichihara_00005.jpg,2 470 430 598 555 8 16 413 239 597
test_Nagakute_00118.jpg,8 327 363 592 600
test_Sumida_00054.jpg,2 0 183 272 517
test_Numazu_00054.jpg,2 249 369 347 600
test_Nagakute_00188.jpg,8 291 379 507 598
test_Numazu_00058.jpg,5 69 425 349 595
test_Adachi_00082.jpg,2 89 265 263 450 2 502 238 598 375
test_Muroran_00307.jpg,5 86 409 574 600 5 0 464 69 593
test_Adachi_00003.jpg,2 0 321 171 471
test_Muroran_00010.jpg,2 140 378 274 600 2 302 364 353 600
test_Numazu_00404.jpg,6 218 357 499 581
test_Numazu_00227.jpg,5 108 407 596 598 5 355 435 591 590 8 44 356 224 590
test_Nagakute_00011.jpg,5 105 321 550 545 7 64 323 536 566 8 214 314 519 546
test_Muroran_00254.jpg,1 373 383 588 579 1 352 361 534 516 1 98 368 193 471 8 342 388 434 524 8 7 380 163 566
test_Nagakute_00033.jpg,1 74 488 161 600 2 238 359 500 600
test_Muroran_00175.jpg,5 63 396 542 597
test_Sumida_00057.jpg,7 186 434 581 542
test_Numazu_00122.jpg,1 2 388 136 584
test_Sumida_00127.jpg,2 0 183 272 517
test_Sumida_00149.jpg,2 0 183 272 517
test_Numazu_00024.jpg,2 181 382 247 591 3 227 429 476 484 8 379 345 600 562 8 1 336 150 523
test_Nagakute_00005.jpg,5 42 418 306 600
test_Chiba_00093.jpg,5 295 456 375 595
test_Muroran_00358.jpg,2 0 183 272 517
test_Sumida_00092.jpg,2 0 183 272 517
test_Adachi_00093.jpg,2 213 350 271 600 2 218 288 287 530 2 367 275 447 568 8 159 339 600 554 8 113 335 521 471
test_Numazu_00106.jpg,5 98 410 600 585
test_Muroran_00051.jpg,1 8 443 163 597 5 254 327 536 600 5 7 381 155 537
test_Muroran_00209.jpg,5 97 350 600 594
test_Nagakute_00024.jpg,5 0 449 351 599
test_Sumida_00183.jpg,2 0 183 272 517
test_Numazu_00079.jpg,1 214 411 281 577 8 282 390 572 593 8 290 399 471 541
test_Adachi_00056.jpg,2 347 239 506 543 2 392 311 533 585 2 357 246 462 445 7 181 191 511 249
test_Numazu_00158.jpg,2 315 288 473 571
test_Nagakute_00269.jpg,5 0 333 414 582
test_Sumida_00177.jpg,8 450 430 597 552
test_Numazu_00050.jpg,7 42 391 600 582
test_Nagakute_00223.jpg,5 203 387 413 542
test_Numazu_00236.jpg,5 0 344 480 600 6 39 367 275 588
test_Muroran_00362.jpg,5 195 369 460 600 8 473 464 600 584
test_Muroran_00316.jpg,5 72 356 291 599
test_Numazu_00167.jpg,7 0 375 529 600
test_Nagakute_00207.jpg,2 259 245 465 562 2 310 261 594 519 3 356 409 544 477
test_Numazu_00253.jpg,2 293 305 536 589
test_Chiba_00003.jpg,2 401 447 571 581 8 116 488 302 596
test_Muroran_00118.jpg,2 298 379 362 597 5 329 417 600 597
test_Nagakute_00082.jpg,1 405 377 515 475 1 409 364 599 515 2 104 353 283 600
test_Adachi_00202.jpg,2 100 375 309 582
test_Muroran_00411.jpg,5 0 363 444 597
test_Adachi_00076.jpg,8 189 255 545 548 8 56 270 318 515 8 21 257 196 587 8 336 190 594 517
test_Muroran_00369.jpg,7 0 436 536 599
test_Muroran_00400.jpg,2 347 437 438 599 6 0 415 279 594
test_Adachi_00316.jpg,1 175 396 241 592
test_Ichihara_00016.jpg,2 0 183 272 517
test_Nagakute_00271.jpg,1 334 363 572 595 1 424 430 570 595 2 318 463 404 594 8 84 261 222 600
test_Muroran_00166.jpg,5 34 406 534 591
test_Nagakute_00107.jpg,2 138 376 224 600 8 268 339 512 584
test_Chiba_00032.jpg,1 411 459 582 589
test_Muroran_00191.jpg,1 0 450 350 591 5 80 456 600 600
test_Adachi_00278.jpg,8 360 304 600 530
test_Numazu_00392.jpg,2 273 320 351 578
test_Numazu_00314.jpg,2 263 387 331 600
test_Numazu_00015.jpg,5 20 293 402 585
test_Adachi_00310.jpg,2 308 105 420 513 2 328 213 449 584
test_Nagakute_00018.jpg,1 6 377 122 496
test_Chiba_00009.jpg,2 0 183 272 517
test_Sumida_00178.jpg,2 0 183 272 517
test_Nagakute_00050.jpg,8 258 400 381 600
test_Numazu_00026.jpg,1 261 314 380 447
test_Muroran_00393.jpg,5 39 404 533 600
test_Numazu_00044.jpg,2 126 283 230 589 8 464 351 595 499
test_Muroran_00291.jpg,1 230 335 299 600 8 81 421 213 600
test_Muroran_00363.jpg,1 168 479 263 598 2 414 389 585 559 5 352 528 553 596 8 401 382 582 559
test_Adachi_00169.jpg,1 184 313 304 572 2 346 293 600 423
test_Adachi_00267.jpg,2 389 286 471 529
test_Chiba_00028.jpg,2 0 183 272 517
test_Sumida_00214.jpg,8 74 458 205 564
test_Adachi_00044.jpg,2 90 147 227 431 2 4 153 155 284 2 56 194 201 527
test_Muroran_00203.jpg,5 129 361 600 565 5 189 355 515 510
test_Numazu_00305.jpg,1 16 459 202 598 1 0 424 310 583 8 0 419 362 540
test_Muroran_00168.jpg,5 233 367 600 594
test_Numazu_00140.jpg,8 189 518 600 600
test_Numazu_00008.jpg,2 0 183 272 517
test_Chiba_00062.jpg,2 0 183 272 517
test_Nagakute_00165.jpg,2 5 369 187 592 4 22 367 583 458 4 171 477 600 584
test_Sumida_00155.jpg,2 74 418 430 557 2 146 427 286 554
test_Muroran_00129.jpg,2 362 364 573 597 2 103 433 206 600 2 112 353 246 598
test_Sumida_00129.jpg,2 184 445 307 564 2 410 452 569 588
test_Chiba_00024.jpg,2 0 183 272 517
test_Sumida_00189.jpg,1 294 416 372 529
test_Muroran_00114.jpg,2 382 495 480 597
test_Sumida_00163.jpg,2 0 183 272 517
test_Numazu_00156.jpg,2 306 305 485 567 3 241 392 425 448 8 308 312 588 551
test_Numazu_00334.jpg,1 218 456 301 587
test_Muroran_00139.jpg,2 0 183 272 517
test_Sumida_00113.jpg,2 0 183 272 517
test_Ichihara_00018.jpg,8 429 412 600 549
test_Adachi_00011.jpg,2 222 314 472 579 8 4 253 94 427
test_Sumida_00011.jpg,2 111 477 250 577 5 245 440 420 571 8 384 426 513 578
test_Nagakute_00129.jpg,2 249 350 460 599 5 255 377 584 599
test_Adachi_00170.jpg,1 418 350 597 525 5 227 358 521 600
test_Adachi_00239.jpg,1 478 381 593 549
test_Numazu_00300.jpg,2 281 410 363 518 2 86 383 188 502
test_Sumida_00107.jpg,2 0 183 272 517
test_Numazu_00166.jpg,1 64 403 188 594 8 3 289 186 555 8 0 395 91 549
test_Numazu_00319.jpg,2 0 183 272 517
test_Muroran_00146.jpg,5 289 458 600 600
test_Nagakute_00169.jpg,2 228 308 371 591 2 233 309 328 476 3 51 452 331 508
test_Nagakute_00264.jpg,5 53 321 417 591
test_Sumida_00174.jpg,8 406 393 599 570
test_Numazu_00135.jpg,1 171 353 257 585 1 47 340 510 597 1 281 339 439 477 2 3 333 142 499
test_Numazu_00345.jpg,2 0 183 272 517
test_Muroran_00327.jpg,2 273 317 333 600 8 460 488 579 599
test_Nagakute_00189.jpg,1 281 424 381 542
test_Chiba_00071.jpg,2 0 183 272 517
test_Muroran_00096.jpg,5 268 460 389 593 8 412 331 593 450
test_Sumida_00153.jpg,8 342 406 426 551
test_Nagakute_00088.jpg,1 0 355 243 577 8 312 350 542 596
test_Numazu_00002.jpg,2 0 183 272 517
test_Numazu_00124.jpg,1 128 410 230 594 2 283 297 494 588 8 428 362 596 501
test_Muroran_00027.jpg,5 206 487 309 599
test_Nagakute_00205.jpg,2 302 386 439 600
test_Numazu_00341.jpg,2 185 313 468 597 2 146 281 383 523 8 365 379 536 531
test_Adachi_00175.jpg,2 355 285 449 581
test_Muroran_00157.jpg,2 202 304 283 568
test_Adachi_00057.jpg,2 0 183 272 517
test_Adachi_00306.jpg,2 253 270 422 571
test_Muroran_00087.jpg,5 224 395 496 599
test_Adachi_00119.jpg,7 63 320 600 558
test_Muroran_00225.jpg,1 219 402 350 579 8 3 373 285 580
test_Adachi_00144.jpg,7 0 310 443 398 8 308 377 561 578
test_Muroran_00237.jpg,1 179 374 315 585 1 433 386 598 589 8 363 408 513 588
test_Adachi_00254.jpg,2 322 145 453 524 8 8 153 176 367
test_Nagakute_00060.jpg,8 52 463 505 562
test_Adachi_00325.jpg,2 11 323 197 474
test_Numazu_00121.jpg,4 75 375 565 474
test_Sumida_00179.jpg,2 356 423 473 535
test_Muroran_00094.jpg,2 311 498 352 599
test_Adachi_00300.jpg,1 257 497 354 599
test_Muroran_00043.jpg,1 0 311 363 555 5 37 316 493 593
test_Adachi_00188.jpg,1 333 318 381 566
test_Nagakute_00131.jpg,1 49 347 211 495 1 282 356 392 526 8 0 345 184 518
test_Chiba_00087.jpg,1 349 498 448 587 2 483 474 599 575 8 187 478 327 559
test_Adachi_00042.jpg,8 388 214 599 553
test_Nagakute_00270.jpg,1 47 353 200 519 1 245 355 334 538 8 0 297 210 463
test_Muroran_00320.jpg,5 227 381 580 600
test_Adachi_00210.jpg,8 82 365 399 598
test_Muroran_00124.jpg,1 238 385 304 557 3 25 483 290 541 5 323 343 486 595 8 366 407 455 594
test_Nagakute_00179.jpg,7 301 388 599 593
test_Numazu_00270.jpg,7 275 416 600 543
test_Chiba_00091.jpg,2 0 183 272 517
test_Muroran_00165.jpg,1 156 370 272 542 5 305 317 600 584 8 412 395 565 564
test_Numazu_00074.jpg,2 270 276 472 584 8 270 285 461 551
test_Ichihara_00039.jpg,7 159 447 600 599
test_Adachi_00229.jpg,1 421 458 575 598 2 432 456 575 597
test_Sumida_00187.jpg,2 347 400 510 550
test_Nagakute_00006.jpg,5 0 387 311 600
test_Adachi_00118.jpg,2 0 183 272 517
test_Sumida_00039.jpg,7 0 436 460 531
test_Adachi_00272.jpg,2 354 207 531 546 8 0 173 262 589 8 375 207 576 347 8 267 174 346 213
test_Adachi_00235.jpg,7 34 156 581 286
test_Sumida_00065.jpg,2 0 183 272 517
test_Numazu_00287.jpg,1 6 445 147 590
test_Sumida_00219.jpg,2 343 392 443 539 2 230 387 314 532 8 367 398 600 569
test_Sumida_00132.jpg,2 390 442 500 557
test_Nagakute_00119.jpg,5 293 395 452 563
test_Adachi_00280.jpg,2 0 183 272 517
test_Nagakute_00231.jpg,1 168 347 274 467 2 301 306 348 475 8 119 317 264 476
test_Muroran_00280.jpg,2 269 351 332 541 5 210 413 600 600 8 421 507 538 600
test_Sumida_00220.jpg,2 207 397 287 542
test_Numazu_00329.jpg,1 221 309 364 475 1 191 326 269 456 8 38 253 231 577 8 320 301 600 476
test_Muroran_00215.jpg,5 206 444 599 599
test_Adachi_00186.jpg,1 164 237 572 347 2 39 229 207 518 2 160 234 226 515 3 105 227 537 333
test_Numazu_00245.jpg,6 168 286 320 593
test_Chiba_00059.jpg,2 0 183 272 517
test_Nagakute_00069.jpg,8 287 358 561 600
test_Numazu_00362.jpg,2 235 357 317 575 5 451 456 596 593
test_Sumida_00066.jpg,5 58 432 363 557
test_Sumida_00157.jpg,8 140 408 272 548 8 344 426 462 551
test_Numazu_00162.jpg,1 284 331 441 507 8 0 286 198 598
test_Muroran_00325.jpg,1 234 383 290 587 1 54 373 185 556
test_Sumida_00218.jpg,2 243 400 299 531
test_Muroran_00274.jpg,2 0 183 272 517
test_Numazu_00085.jpg,5 102 373 530 592
test_Nagakute_00195.jpg,2 0 183 272 517
test_Sumida_00172.jpg,7 112 449 574 550
test_Nagakute_00253.jpg,8 345 478 501 600
test_Numazu_00145.jpg,1 320 337 488 581 2 312 336 487 587
test_Ichihara_00036.jpg,7 85 430 600 596
test_Ichihara_00015.jpg,2 0 183 272 517
test_Numazu_00367.jpg,5 92 427 230 589
test_Numazu_00031.jpg,1 324 333 527 561 5 319 336 525 561 8 2 242 218 585
test_Numazu_00402.jpg,2 0 183 272 517
test_Nagakute_00211.jpg,2 392 475 596 600
test_Adachi_00023.jpg,2 80 297 235 565 8 281 240 492 296 8 57 293 224 570
test_Muroran_00081.jpg,2 390 397 554 575
test_Nagakute_00098.jpg,8 290 301 600 588
test_Adachi_00047.jpg,1 115 314 272 534
test_Numazu_00019.jpg,5 115 468 454 596 8 301 424 520 600 8 2 448 118 570
test_Adachi_00097.jpg,1 0 318 116 463 1 5 318 167 539
test_Nagakute_00200.jpg,2 294 392 562 596
test_Numazu_00012.jpg,1 19 287 186 453 5 437 355 592 520 8 7 280 196 463
test_Adachi_00071.jpg,2 328 296 406 423
test_Numazu_00200.jpg,5 213 347 527 600
test_Sumida_00090.jpg,8 259 432 344 580
test_Numazu_00322.jpg,2 365 349 600 587
test_Muroran_00097.jpg,5 133 459 426 540 5 355 312 520 470 8 401 428 558 600 8 345 358 506 553
test_Muroran_00372.jpg,1 382 386 600 599
test_Adachi_00037.jpg,2 0 183 272 517
test_Muroran_00301.jpg,2 0 183 272 517
test_Muroran_00355.jpg,2 180 344 310 596 5 334 316 566 600 5 171 352 314 535
test_Sumida_00158.jpg,2 142 391 258 528
test_Numazu_00043.jpg,2 299 457 386 598
test_Nagakute_00037.jpg,7 5 376 578 563
test_Numazu_00213.jpg,1 111 365 549 578 3 112 395 514 559 8 2 262 287 473 8 469 302 593 545
test_Numazu_00195.jpg,5 0 444 336 598
test_Sumida_00032.jpg,7 107 496 600 593
test_Muroran_00267.jpg,5 73 319 536 565 5 289 328 600 600
test_Numazu_00289.jpg,5 168 407 600 600 5 163 400 350 600
test_Numazu_00199.jpg,8 328 324 597 559 8 1 316 121 463
test_Nagakute_00051.jpg,1 89 416 212 599 8 282 335 592 600 8 9 316 178 532
test_Nagakute_00106.jpg,7 115 374 385 427
test_Numazu_00283.jpg,2 113 422 195 582 5 129 419 267 586
test_Numazu_00109.jpg,1 114 311 379 588 1 147 334 326 514 1 223 403 368 579
test_Muroran_00064.jpg,5 98 372 600 594 5 0 426 492 578
test_Muroran_00330.jpg,5 178 326 346 415 5 38 398 593 587
test_Nagakute_00063.jpg,2 0 315 188 493 2 226 306 305 600 5 159 404 288 597
test_Adachi_00304.jpg,2 487 421 599 561
test_Muroran_00049.jpg,5 31 344 292 596
test_Numazu_00150.jpg,5 363 368 600 520 5 118 362 600 538
test_Nagakute_00251.jpg,8 363 333 599 549
test_Adachi_00156.jpg,7 0 237 510 442 7 0 269 574 580
test_Ichihara_00010.jpg,8 286 415 335 593
test_Numazu_00242.jpg,5 288 375 589 589 8 102 262 260 600
test_Adachi_00038.jpg,2 343 367 587 552
test_Muroran_00259.jpg,2 0 183 272 517
test_Numazu_00068.jpg,1 401 439 571 599 5 145 399 416 597
test_Muroran_00266.jpg,5 74 366 583 600 5 82 338 338 593
test_Adachi_00171.jpg,2 348 317 600 555 8 422 388 596 556
test_Chiba_00077.jpg,2 390 457 550 593 3 63 477 500 580 5 84 469 523 584
test_Muroran_00220.jpg,5 144 388 600 599 6 347 447 524 587
test_Numazu_00264.jpg,2 355 409 460 577 5 27 374 214 580 8 197 323 350 477
test_Sumida_00139.jpg,2 0 183 272 517
test_Sumida_00083.jpg,2 392 416 583 534 2 50 444 213 557 8 57 439 216 556
test_Adachi_00184.jpg,1 185 194 271 433
test_Nagakute_00237.jpg,1 63 396 183 579 1 199 404 285 535
test_Adachi_00028.jpg,2 307 171 560 600 2 301 171 473 476
test_Numazu_00005.jpg,1 395 480 594 596 5 71 481 528 597 5 139 486 353 596
test_Adachi_00212.jpg,1 67 376 238 537
test_Ichihara_00040.jpg,1 189 440 306 596 8 480 446 600 543
test_Sumida_00112.jpg,7 117 448 600 560
test_Nagakute_00056.jpg,2 18 260 229 549
test_Numazu_00142.jpg,5 425 374 590 550 8 0 275 204 532
test_Nagakute_00143.jpg,5 250 315 554 599 8 6 283 184 488
test_Ichihara_00008.jpg,1 187 436 313 599 8 468 448 597 562
test_Numazu_00351.jpg,2 289 500 407 591 3 231 392 600 498
test_Adachi_00108.jpg,2 13 88 178 348
test_Numazu_00111.jpg,8 8 415 182 578 8 293 332 371 566
test_Chiba_00042.jpg,1 319 440 407 542 2 77 442 196 537
test_Nagakute_00148.jpg,8 437 454 586 597
test_Numazu_00382.jpg,1 423 437 559 522 7 142 326 550 448
test_Muroran_00072.jpg,5 0 382 162 560 5 259 328 481 598
test_Numazu_00179.jpg,2 311 299 600 589 2 0 336 153 526 6 211 487 351 590
test_Muroran_00428.jpg,5 108 328 577 594
test_Numazu_00037.jpg,2 33 405 114 600 5 4 421 140 600
test_Muroran_00230.jpg,2 0 183 272 517
test_Chiba_00005.jpg,8 430 458 599 575 8 184 471 312 590
test_Muroran_00177.jpg,5 122 351 575 595 5 282 366 555 540 6 340 392 524 488 8 353 387 500 537 8 408 423 506 549
test_Sumida_00130.jpg,2 351 408 425 546
test_Nagakute_00222.jpg,2 295 374 600 534
test_Chiba_00047.jpg,2 108 509 269 591 2 485 473 591 550
test_Adachi_00101.jpg,2 388 299 490 429
test_Muroran_00173.jpg,2 0 183 272 517
test_Muroran_00042.jpg,2 410 376 585 600
test_Numazu_00276.jpg,7 106 381 600 563
test_Sumida_00097.jpg,7 4 421 460 549
test_Ichihara_00007.jpg,1 131 416 292 592 8 386 388 598 581 8 25 405 276 597
test_Numazu_00295.jpg,2 318 396 411 588 8 0 301 169 466 8 338 362 526 571 8 280 275 427 481
test_Numazu_00209.jpg,2 326 416 437 599
test_Nagakute_00145.jpg,8 45 401 182 600
test_Adachi_00125.jpg,7 131 337 559 426 8 416 433 590 600 8 1 382 166 581
test_Numazu_00252.jpg,1 7 470 172 586 5 5 473 168 590
test_Muroran_00065.jpg,5 188 359 598 599
test_Adachi_00100.jpg,7 0 415 475 600 7 64 445 600 594
test_Sumida_00148.jpg,2 0 183 272 517
test_Muroran_00218.jpg,2 200 319 258 566 2 30 361 161 532 8 3 321 149 474
test_Nagakute_00249.jpg,2 167 338 252 600
test_Chiba_00072.jpg,2 185 504 327 596
test_Numazu_00104.jpg,5 127 361 577 587 5 33 311 344 600
test_Numazu_00298.jpg,1 63 440 290 595 5 49 430 376 600 8 360 367 554 600 8 5 301 219 497
test_Sumida_00207.jpg,2 0 183 272 517
test_Sumida_00191.jpg,2 0 183 272 517
test_Adachi_00281.jpg,2 4 297 201 586 8 440 308 600 456
test_Ichihara_00027.jpg,1 155 385 293 577 8 391 382 598 531 8 0 412 225 598 8 311 438 379 593
test_Numazu_00066.jpg,2 315 330 497 576 2 284 273 440 478 5 299 315 503 572
test_Sumida_00215.jpg,2 0 183 272 517
test_Sumida_00114.jpg,8 406 467 599 598
test_Numazu_00073.jpg,7 0 426 468 600
test_Nagakute_00151.jpg,8 304 352 600 595
test_Numazu_00129.jpg,5 275 421 556 589 6 242 279 418 385
test_Numazu_00102.jpg,5 192 361 579 600 5 146 345 392 595
test_Muroran_00169.jpg,1 443 491 534 599 5 48 385 260 522
test_Numazu_00035.jpg,2 249 325 328 586 8 52 322 196 600
test_Chiba_00040.jpg,8 306 475 385 596
test_Adachi_00147.jpg,2 313 319 391 600
test_Muroran_00395.jpg,8 385 371 501 456
test_Nagakute_00215.jpg,1 37 385 153 591 1 320 438 473 543 8 0 329 118 514
test_Chiba_00012.jpg,2 0 183 272 517
test_Muroran_00192.jpg,1 271 358 341 556 8 365 376 591 590
test_Numazu_00279.jpg,2 295 423 375 595 2 68 431 189 596 8 338 420 491 597 8 15 437 170 589
test_Numazu_00018.jpg,7 0 374 510 600
test_Muroran_00019.jpg,5 22 355 545 588 5 10 400 191 600 5 470 367 596 564
test_Muroran_00317.jpg,1 121 377 292 600 2 465 330 596 434
test_Adachi_00148.jpg,1 445 447 595 596
test_Muroran_00396.jpg,5 84 348 579 600
test_Ichihara_00006.jpg,5 136 395 584 597 5 41 425 361 599
test_Adachi_00232.jpg,8 395 446 529 600
test_Muroran_00403.jpg,5 167 393 490 599
test_Sumida_00049.jpg,2 333 422 400 541 8 378 424 536 555
test_Muroran_00123.jpg,2 0 183 272 517
test_Adachi_00279.jpg,1 326 310 532 600 1 313 305 430 446 2 3 300 204 486
test_Nagakute_00232.jpg,5 80 403 514 600 5 296 423 477 591
test_Adachi_00189.jpg,2 485 369 599 527 2 0 233 132 360 2 123 181 271 545
test_Chiba_00083.jpg,8 473 495 597 583 8 196 461 329 590
test_Muroran_00202.jpg,5 222 359 506 494
test_Numazu_00098.jpg,1 397 477 595 599 6 157 438 419 599
test_Adachi_00055.jpg,2 0 238 293 534 7 4 206 332 497 8 0 202 321 526
test_Muroran_00264.jpg,2 103 353 227 599 2 152 301 253 538
test_Numazu_00371.jpg,5 52 344 524 590 5 2 389 265 596
test_Chiba_00066.jpg,2 0 183 272 517
test_Numazu_00320.jpg,2 362 370 588 586 2 71 351 189 597 8 13 329 138 467
test_Muroran_00145.jpg,2 0 183 272 517
test_Muroran_00152.jpg,5 59 408 501 600
test_Chiba_00014.jpg,7 113 510 600 594
test_Sumida_00223.jpg,2 316 391 383 537 8 340 394 519 550
test_Numazu_00001.jpg,5 24 465 260 598
test_Numazu_00022.jpg,5 420 335 599 600
test_Muroran_00265.jpg,5 204 350 427 589 8 443 360 553 456
test_Numazu_00358.jpg,1 220 425 289 591 8 267 381 515 596
test_Numazu_00025.jpg,2 334 338 490 585 5 221 335 582 587
test_Muroran_00308.jpg,2 0 183 272 517
test_Ichihara_00011.jpg,3 263 536 445 600
test_Numazu_00247.jpg,5 18 483 478 600
test_Adachi_00048.jpg,7 84 155 558 264 8 476 249 600 378 8 141 486 600 600
test_Adachi_00233.jpg,1 302 171 439 352
test_Nagakute_00193.jpg,1 118 366 276 594 2 313 310 520 571 5 144 363 275 541 8 3 328 250 600
test_Sumida_00099.jpg,2 136 423 272 547
test_Adachi_00194.jpg,2 412 361 589 566
test_Chiba_00043.jpg,1 445 487 588 583 8 223 477 327 595
test_Muroran_00392.jpg,5 105 371 600 600
test_Nagakute_00166.jpg,2 201 341 263 600
test_Nagakute_00101.jpg,5 178 312 600 579 8 209 231 264 562
test_Nagakute_00077.jpg,2 333 321 454 596 2 333 319 411 510 8 40 350 268 600
test_Sumida_00119.jpg,7 2 442 570 556
test_Numazu_00089.jpg,5 214 359 497 591
test_Nagakute_00177.jpg,5 35 349 517 600
test_Muroran_00188.jpg,2 0 183 272 517
test_Numazu_00130.jpg,5 2 394 260 563 5 98 402 407 599
test_Muroran_00034.jpg,2 407 364 594 590 5 49 360 573 597
test_Chiba_00054.jpg,8 59 434 206 600 8 376 499 506 597
test_Adachi_00193.jpg,2 387 365 537 589
test_Ichihara_00012.jpg,5 127 421 600 592
test_Muroran_00161.jpg,5 317 388 600 596
test_Muroran_00281.jpg,5 260 331 600 595 8 221 310 275 600 8 429 359 547 436
test_Muroran_00106.jpg,2 2 395 129 559 5 261 353 463 499
test_Numazu_00194.jpg,1 112 382 247 590 2 316 338 508 548 8 334 345 474 495 8 4 332 140 487
test_Muroran_00337.jpg,2 0 183 272 517
test_Muroran_00196.jpg,5 10 353 553 598
test_Sumida_00162.jpg,2 135 409 272 548
test_Numazu_00330.jpg,5 20 351 199 597 5 218 347 472 589 5 0 331 428 596
test_Nagakute_00002.jpg,2 270 379 408 597
test_Muroran_00285.jpg,2 318 333 516 599 5 61 363 541 595
test_Sumida_00084.jpg,2 0 183 272 517
test_Nagakute_00094.jpg,7 0 466 469 596
test_Numazu_00318.jpg,2 312 382 534 600 2 216 365 265 600 8 69 380 224 600
test_Chiba_00085.jpg,8 420 490 523 594
test_Sumida_00133.jpg,2 185 377 290 503
test_Adachi_00146.jpg,2 350 363 447 548 8 405 429 548 596
test_Numazu_00291.jpg,5 61 435 307 598
test_Muroran_00208.jpg,3 128 392 285 451 8 285 326 584 519
test_Nagakute_00042.jpg,1 264 414 407 600 8 355 370 593 533
test_Nagakute_00045.jpg,5 190 329 600 598
test_Nagakute_00103.jpg,5 139 466 357 600 8 248 375 389 600
test_Muroran_00121.jpg,5 6 405 499 600 5 168 464 587 596
test_Adachi_00043.jpg,2 404 222 592 491 2 236 181 312 428 8 430 256 600 528
test_Numazu_00205.jpg,2 0 183 272 517
test_Sumida_00146.jpg,2 213 413 277 543 8 102 430 234 552 8 395 436 591 566
test_Muroran_00017.jpg,5 53 363 534 571 5 402 384 598 597
test_Muroran_00231.jpg,5 168 291 561 565 5 16 383 191 599 5 230 505 429 596
test_Muroran_00427.jpg,2 0 183 272 517
test_Muroran_00324.jpg,2 302 477 407 599
test_Sumida_00109.jpg,7 462 466 581 564 8 462 469 579 569
test_Numazu_00266.jpg,1 227 465 289 598
test_Muroran_00048.jpg,5 0 418 522 598 5 182 454 574 600 5 4 422 137 584
test_Muroran_00134.jpg,1 183 424 265 598 8 376 389 538 600 8 1 384 172 563
test_Adachi_00116.jpg,2 207 238 284 509
test_Sumida_00069.jpg,8 431 465 596 599
test_Muroran_00076.jpg,1 279 443 366 595
test_Adachi_00230.jpg,7 0 270 504 577 7 0 209 533 445
test_Adachi_00205.jpg,2 0 183 272 517
test_Nagakute_00230.jpg,2 278 312 406 587 5 86 410 299 590
test_Numazu_00112.jpg,1 200 456 289 590 5 309 455 506 600
test_Nagakute_00053.jpg,2 188 337 238 591
test_Numazu_00100.jpg,5 266 429 440 596
test_Adachi_00041.jpg,2 378 264 545 553 2 144 236 243 418 2 79 407 170 574 2 112 221 252 527
test_Adachi_00143.jpg,1 365 362 474 540
test_Numazu_00084.jpg,2 0 183 272 517
test_Muroran_00314.jpg,5 31 385 571 600 8 346 393 429 509
test_Muroran_00302.jpg,1 254 510 411 600 8 70 501 246 599
test_Chiba_00073.jpg,1 304 480 396 589
test_Muroran_00002.jpg,5 0 420 437 600
test_Muroran_00311.jpg,2 0 183 272 517
test_Muroran_00004.jpg,2 278 380 338 597 5 26 385 236 593
test_Muroran_00276.jpg,5 195 411 504 582
test_Nagakute_00137.jpg,1 184 428 272 584
test_Muroran_00054.jpg,5 276 279 440 415 5 143 485 525 600
test_Sumida_00185.jpg,8 217 394 297 534
test_Muroran_00181.jpg,2 360 406 477 534
test_Adachi_00007.jpg,5 14 236 392 551 5 187 272 600 507
test_Nagakute_00219.jpg,1 92 486 175 600 8 243 345 600 595
test_Adachi_00027.jpg,2 0 183 272 517
test_Sumida_00126.jpg,2 330 406 432 502
test_Chiba_00067.jpg,2 0 447 109 562
test_Nagakute_00035.jpg,1 334 434 437 561
test_Nagakute_00079.jpg,1 38 381 196 596
test_Adachi_00214.jpg,1 33 407 145 549 2 374 348 598 600 8 354 332 586 594
test_Muroran_00360.jpg,5 110 385 600 597
test_Adachi_00065.jpg,8 452 414 599 596
test_Sumida_00010.jpg,2 249 370 295 540
test_Muroran_00390.jpg,2 368 372 493 597
test_Adachi_00126.jpg,2 435 252 597 488
test_Adachi_00050.jpg,2 377 364 590 600
test_Adachi_00152.jpg,2 205 360 262 551
test_Nagakute_00234.jpg,2 247 326 301 594
test_Numazu_00219.jpg,5 135 375 600 590
test_Muroran_00368.jpg,5 55 398 558 600 5 436 363 595 446 8 514 439 599 543
test_Nagakute_00156.jpg,5 61 413 249 589 8 4 363 210 583
test_Sumida_00014.jpg,7 59 452 585 553
test_Adachi_00009.jpg,2 358 331 571 600 8 367 336 560 600
test_Muroran_00233.jpg,2 164 346 224 600
test_Nagakute_00245.jpg,2 166 317 240 591 2 261 345 587 598 8 5 288 138 461 8 291 358 600 594
test_Adachi_00133.jpg,2 417 270 593 515 2 328 267 382 568
test_Muroran_00239.jpg,5 12 420 543 599
test_Adachi_00192.jpg,2 234 106 339 511 8 466 353 599 541
test_Numazu_00038.jpg,5 266 433 600 594
test_Adachi_00297.jpg,2 0 120 170 454
test_Muroran_00253.jpg,5 79 383 582 599
test_Sumida_00175.jpg,2 0 183 272 517
test_Numazu_00257.jpg,5 73 294 416 407
test_Muroran_00140.jpg,5 136 330 576 595
test_Numazu_00004.jpg,1 185 437 260 568 3 181 505 600 597 3 364 539 598 597
test_Muroran_00001.jpg,8 52 402 225 599
test_Numazu_00307.jpg,8 0 263 197 555
test_Numazu_00327.jpg,2 101 424 188 565 7 268 430 600 565
test_Adachi_00012.jpg,2 394 389 578 596
test_Numazu_00127.jpg,2 122 395 189 599 5 141 461 449 600
test_Numazu_00394.jpg,5 54 393 574 596 6 143 330 229 535
test_Adachi_00301.jpg,2 335 178 425 344 2 400 302 547 582
test_Chiba_00017.jpg,8 101 505 267 595
test_Sumida_00160.jpg,2 399 438 558 591
test_Sumida_00008.jpg,2 0 183 272 517
test_Muroran_00236.jpg,5 68 371 407 600
test_Muroran_00329.jpg,2 0 183 272 517
test_Muroran_00200.jpg,2 48 371 222 599 5 182 383 583 600 8 228 393 273 596
test_Muroran_00242.jpg,5 142 414 600 599 5 364 441 598 600
test_Ichihara_00033.jpg,1 209 463 311 587 8 471 440 596 566 8 7 485 176 594
test_Sumida_00025.jpg,2 328 396 420 521
test_Muroran_00184.jpg,2 0 183 272 517
test_Sumida_00026.jpg,2 0 183 272 517
test_Adachi_00159.jpg,8 224 312 279 580 8 448 326 600 439
test_Muroran_00102.jpg,1 460 416 592 580 8 0 365 244 596 8 437 447 585 593 8 66 335 272 523
test_Muroran_00268.jpg,1 380 359 502 485
test_Nagakute_00138.jpg,8 355 332 590 600
test_Numazu_00316.jpg,3 323 418 577 479 3 131 395 556 482 5 5 294 210 513
test_Nagakute_00064.jpg,1 295 490 412 600
test_Ichihara_00044.jpg,2 0 183 272 517
test_Muroran_00347.jpg,5 269 366 600 595
test_Muroran_00338.jpg,5 99 352 367 591
test_Sumida_00204.jpg,8 448 448 600 559
test_Numazu_00269.jpg,5 15 307 548 581
test_Numazu_00143.jpg,1 311 362 480 582 8 2 314 175 504
test_Muroran_00339.jpg,1 135 458 315 600 5 131 362 598 598
test_Adachi_00006.jpg,2 32 374 121 527
test_Muroran_00377.jpg,5 153 367 600 597
test_Nagakute_00095.jpg,5 27 406 249 597 8 463 433 600 570
test_Sumida_00171.jpg,2 0 183 272 517
test_Chiba_00056.jpg,5 440 498 577 584
test_Muroran_00210.jpg,5 99 382 485 600
test_Muroran_00046.jpg,5 218 391 464 600
test_Sumida_00188.jpg,1 195 442 301 534 2 106 405 223 546
test_Muroran_00040.jpg,5 4 392 140 593 5 158 378 310 586
test_Numazu_00191.jpg,5 288 376 443 589
test_Chiba_00030.jpg,2 447 473 600 579 8 221 481 337 594
test_Nagakute_00136.jpg,5 144 345 288 592
test_Nagakute_00046.jpg,2 229 304 320 589
test_Sumida_00050.jpg,2 338 405 405 543
test_Nagakute_00268.jpg,3 368 402 600 459 5 86 280 343 600 8 80 244 234 587
test_Chiba_00022.jpg,1 477 487 593 577
test_Muroran_00394.jpg,5 105 368 600 600 5 63 405 399 600
test_Numazu_00331.jpg,2 0 183 272 517
test_Adachi_00049.jpg,3 151 280 369 400
test_Ichihara_00050.jpg,7 117 424 600 554 7 0 418 466 524
test_Numazu_00046.jpg,2 258 298 375 592
test_Muroran_00164.jpg,5 25 349 250 567
test_Chiba_00081.jpg,2 303 489 418 599
test_Ichihara_00009.jpg,1 246 424 353 597 2 42 433 248 588 5 143 432 595 600 8 184 388 327 566
test_Chiba_00013.jpg,2 0 183 272 517
test_Numazu_00369.jpg,2 246 306 323 576 5 237 331 516 585 5 91 403 193 534
test_Numazu_00014.jpg,6 75 387 502 588
test_Adachi_00137.jpg,1 421 288 599 439
test_Muroran_00018.jpg,1 251 428 359 596
test_Nagakute_00203.jpg,2 328 350 600 600 5 2 418 184 599 8 319 349 588 597
test_Numazu_00363.jpg,1 123 321 186 447 2 193 272 268 532 3 221 438 451 505
test_Adachi_00222.jpg,1 477 290 596 469 5 169 436 464 581
test_Muroran_00359.jpg,5 234 351 574 571 5 166 319 447 516 5 387 373 591 595 8 482 404 595 525
test_Sumida_00077.jpg,2 0 183 272 517
test_Adachi_00311.jpg,2 388 347 464 536
test_Adachi_00255.jpg,2 351 372 423 600 8 139 372 291 511
test_Numazu_00041.jpg,2 1 289 195 532 2 304 359 394 586
test_Muroran_00249.jpg,5 7 339 263 499
test_Sumida_00070.jpg,7 88 436 572 524
test_Numazu_00133.jpg,2 352 465 437 597
test_Adachi_00158.jpg,5 146 372 582 600
test_Adachi_00114.jpg,3 234 453 476 525
test_Adachi_00284.jpg,2 250 381 365 595
test_Muroran_00361.jpg,5 32 375 326 600 8 261 391 575 539
test_Muroran_00199.jpg,8 416 394 578 593
test_Adachi_00174.jpg,8 392 136 600 304
test_Adachi_00173.jpg,2 346 346 559 600
test_Numazu_00139.jpg,2 39 401 210 572 2 502 499 599 585
test_Adachi_00187.jpg,1 115 346 245 509 2 424 266 586 545 8 132 205 296 409 8 1 333 183 515
test_Sumida_00003.jpg,1 164 413 306 532 5 161 412 305 534
test_Muroran_00101.jpg,5 28 323 457 592
test_Muroran_00323.jpg,5 41 366 556 600
test_Chiba_00015.jpg,1 22 513 172 595 7 0 510 503 599
test_Muroran_00367.jpg,5 380 319 597 591
test_Nagakute_00052.jpg,1 326 417 501 596 2 29 350 185 591
test_Muroran_00351.jpg,2 120 379 206 541
test_Adachi_00282.jpg,1 342 198 508 469 1 43 227 252 501 1 144 209 279 370
test_Adachi_00045.jpg,2 354 225 507 548 8 184 284 393 538
test_Ichihara_00020.jpg,7 95 434 600 590
test_Muroran_00038.jpg,5 17 385 523 600 8 401 483 498 594
test_Numazu_00177.jpg,1 125 409 219 578 6 134 461 541 598
test_Nagakute_00218.jpg,2 177 316 300 593
test_Adachi_00111.jpg,1 303 241 491 494 2 299 235 488 506 7 84 152 374 295
test_Sumida_00199.jpg,2 167 411 284 558 8 372 428 585 579
test_Numazu_00196.jpg,1 8 324 155 507 1 318 311 547 584 5 3 311 176 530 8 259 255 561 554
test_Adachi_00034.jpg,7 38 414 588 596 8 9 413 155 598 8 271 384 585 600
test_Numazu_00057.jpg,5 42 408 528 597 8 14 381 189 597 8 431 470 599 595
test_Numazu_00123.jpg,2 19 319 191 557 5 229 394 437 598 8 17 316 193 593
test_Adachi_00182.jpg,2 353 180 565 600
test_Nagakute_00115.jpg,7 0 398 415 490
test_Muroran_00039.jpg,1 487 438 600 600 5 272 442 600 596
test_Sumida_00210.jpg,7 132 472 563 567
test_Adachi_00010.jpg,2 425 213 587 408 2 244 261 331 600
test_Muroran_00099.jpg,5 2 370 416 595 5 204 360 464 600 5 13 366 201 597
test_Muroran_00056.jpg,5 73 376 306 599
test_Muroran_00350.jpg,5 15 316 294 592 5 443 439 600 596
test_Ichihara_00004.jpg,1 288 463 386 596
test_Adachi_00181.jpg,2 352 201 443 333 2 14 266 230 530
test_Adachi_00323.jpg,2 0 183 272 517
test_Numazu_00032.jpg,1 127 388 208 499 1 137 326 225 490 8 299 284 583 532 8 2 281 175 440
test_Nagakute_00075.jpg,2 367 322 600 571 5 114 342 283 598 8 266 325 321 585
test_Sumida_00071.jpg,8 110 421 282 554
test_Numazu_00007.jpg,2 334 370 590 569
test_Numazu_00172.jpg,1 178 316 251 449 8 341 300 599 524
test_Muroran_00235.jpg,2 325 390 480 571 2 308 401 384 597
test_Adachi_00112.jpg,2 0 183 272 517
test_Nagakute_00212.jpg,2 0 183 272 517
test_Muroran_00095.jpg,5 49 380 516 595
test_Muroran_00062.jpg,5 375 348 600 600
test_Numazu_00238.jpg,2 301 325 497 589 8 442 400 599 575
test_Adachi_00026.jpg,1 199 443 417 598
test_Numazu_00151.jpg,2 271 296 396 583 2 278 280 366 464 8 374 394 600 597
test_Chiba_00080.jpg,1 419 478 510 588
test_Numazu_00116.jpg,1 191 360 285 559
test_Numazu_00398.jpg,5 121 352 309 452 8 10 266 201 469 8 341 338 484 521
test_Sumida_00120.jpg,2 0 183 272 517
test_Adachi_00177.jpg,8 427 291 571 588
test_Sumida_00136.jpg,7 86 462 576 554
test_Adachi_00298.jpg,2 358 334 498 600
test_Nagakute_00255.jpg,5 35 378 281 600 5 0 378 498 591 5 297 388 468 506
test_Chiba_00023.jpg,2 0 183 272 517
test_Numazu_00224.jpg,5 60 423 448 600
test_Sumida_00093.jpg,8 141 437 275 552
test_Muroran_00147.jpg,5 300 353 518 600
test_Numazu_00278.jpg,2 0 183 272 517
test_Nagakute_00065.jpg,2 163 401 231 600 2 178 342 240 554
test_Numazu_00027.jpg,2 0 183 272 517
test_Muroran_00382.jpg,2 7 331 185 516 2 276 280 342 434 5 278 416 441 495
test_Sumida_00184.jpg,2 322 412 381 550
test_Numazu_00335.jpg,2 6 287 214 526 2 211 405 265 600 5 340 334 588 594 5 322 299 482 432
test_Sumida_00085.jpg,1 417 450 596 563
test_Numazu_00299.jpg,1 310 322 550 570 1 91 453 189 587 2 12 344 186 556 5 295 311 470 481 8 284 313 544 551
test_Muroran_00303.jpg,5 15 306 267 584
test_Numazu_00265.jpg,2 265 381 489 599 8 5 387 188 600
test_Nagakute_00164.jpg,1 357 365 581 580 2 231 245 337 599
test_Numazu_00214.jpg,5 0 353 471 600 5 0 334 231 590 5 140 464 577 600
test_Adachi_00211.jpg,1 89 222 262 500 1 349 206 526 450
test_Muroran_00197.jpg,2 425 346 594 514 8 51 394 233 593 8 109 369 250 545
test_Muroran_00159.jpg,1 293 414 376 596 2 104 374 224 592 8 370 392 473 492
test_Sumida_00159.jpg,2 179 433 310 563
test_Numazu_00217.jpg,5 194 418 600 600
test_Ichihara_00041.jpg,1 170 419 297 594 8 395 396 600 594 8 6 406 271 599
test_Ichihara_00031.jpg,2 464 427 600 554
test_Nagakute_00071.jpg,1 409 413 584 594 5 401 406 593 600
test_Muroran_00189.jpg,5 4 361 250 600
test_Adachi_00066.jpg,7 0 397 563 600
test_Muroran_00178.jpg,1 92 437 270 596 8 1 351 205 511
test_Numazu_00042.jpg,2 0 183 272 517
test_Nagakute_00020.jpg,5 0 330 523 597 5 57 333 368 549 5 199 317 500 558 8 0 248 193 425 8 0 275 161 551
test_Adachi_00244.jpg,8 377 487 471 600
test_Numazu_00061.jpg,1 473 471 590 591 1 297 430 436 571
test_Adachi_00274.jpg,1 218 321 490 600 2 170 284 428 556
test_Numazu_00337.jpg,2 249 404 375 598 8 22 380 194 596 8 366 475 598 600
test_Chiba_00053.jpg,2 257 485 418 580
test_Sumida_00062.jpg,8 394 429 599 565
test_Numazu_00271.jpg,2 297 322 549 569 8 288 303 589 558 8 86 301 541 516
test_Nagakute_00160.jpg,8 58 326 229 598
test_Adachi_00053.jpg,2 89 344 299 576 2 148 320 305 503 8 394 291 526 524
test_Nagakute_00247.jpg,2 268 338 333 586 8 4 311 272 552 8 359 345 591 600 8 6 372 180 593
test_Muroran_00021.jpg,5 324 511 472 600
test_Muroran_00374.jpg,2 362 390 495 571
test_Nagakute_00068.jpg,7 8 352 568 544
test_Sumida_00101.jpg,2 0 183 272 517
test_Adachi_00295.jpg,2 353 311 580 591
test_Numazu_00181.jpg,2 253 282 406 593 2 372 349 594 542
test_Numazu_00406.jpg,2 16 311 212 595 5 282 335 568 592
test_Numazu_00203.jpg,5 286 385 570 575 5 147 301 479 573
test_Sumida_00142.jpg,8 320 396 419 540
test_Numazu_00346.jpg,5 211 434 348 507
test_Muroran_00229.jpg,1 249 416 377 591 5 327 353 541 595
test_Numazu_00332.jpg,2 317 330 386 451 2 2 328 107 422
test_Muroran_00414.jpg,5 39 344 530 597
test_Numazu_00047.jpg,2 308 308 545 582
test_Nagakute_00172.jpg,2 256 330 313 593
test_Muroran_00073.jpg,1 425 491 551 599 2 455 389 600 479
test_Muroran_00287.jpg,1 199 441 353 600
test_Adachi_00162.jpg,2 409 241 599 536 2 54 242 243 459
test_Chiba_00057.jpg,2 191 497 291 591 8 435 457 600 573
test_Numazu_00146.jpg,1 311 338 494 582 2 309 329 494 574
test_Nagakute_00238.jpg,1 396 351 589 515 5 105 381 600 583
test_Numazu_00376.jpg,5 62 391 489 600 5 35 397 235 600 8 157 424 462 600
test_Numazu_00216.jpg,5 64 333 236 597
test_Adachi_00140.jpg,8 428 391 592 600
test_Adachi_00058.jpg,1 306 118 548 412
test_Numazu_00297.jpg,5 294 444 458 600
test_Muroran_00084.jpg,2 231 362 332 600
test_Sumida_00147.jpg,2 0 183 272 517
test_Muroran_00217.jpg,5 111 421 280 595
test_Nagakute_00158.jpg,2 286 316 589 599 2 292 345 480 526 8 317 308 593 529
test_Adachi_00080.jpg,1 89 322 229 541 2 317 320 536 600 2 85 319 228 539 8 324 322 564 585
test_Adachi_00256.jpg,1 174 448 316 594 8 486 348 600 486
test_Numazu_00011.jpg,5 0 332 495 600 5 219 322 580 587
test_Sumida_00182.jpg,1 359 462 451 574
test_Muroran_00119.jpg,1 180 380 441 596 5 8 367 277 600 5 52 375 493 598
test_Nagakute_00206.jpg,1 287 417 381 522 8 0 305 205 513
test_Adachi_00252.jpg,1 286 331 392 444 1 329 423 570 583 8 318 310 600 461
test_Nagakute_00184.jpg,1 149 463 207 598 2 319 409 543 598 8 44 345 170 592
test_Numazu_00365.jpg,2 0 183 272 517
test_Nagakute_00142.jpg,2 199 297 304 593 5 337 338 517 516 8 402 265 584 487 8 356 324 545 529
test_Muroran_00075.jpg,8 75 374 245 600
test_Adachi_00305.jpg,8 39 241 124 600 8 72 159 143 438
test_Nagakute_00257.jpg,5 319 322 505 600 8 139 255 289 590
test_Muroran_00093.jpg,2 185 382 253 596 5 132 404 554 596 5 182 382 368 600
test_Numazu_00048.jpg,7 0 336 491 523
test_Adachi_00145.jpg,3 24 465 522 575 5 103 394 600 587
test_Sumida_00048.jpg,2 257 418 311 559 8 375 442 477 549
test_Nagakute_00133.jpg,5 17 468 532 600
test_Muroran_00356.jpg,1 494 337 596 493 1 187 372 351 553 8 364 350 441 583
test_Muroran_00289.jpg,5 238 369 597 600 8 431 440 523 594
test_Muroran_00336.jpg,8 488 434 600 600
test_Numazu_00056.jpg,7 34 414 600 600
test_Muroran_00009.jpg,5 62 408 525 597 5 325 435 600 586
test_Numazu_00137.jpg,1 174 378 275 581 1 363 350 596 593
test_Muroran_00089.jpg,5 262 475 459 595 5 1 407 103 533
test_Numazu_00301.jpg,2 297 278 492 562 5 0 335 403 583
test_Muroran_00271.jpg,2 301 356 444 600 5 345 362 594 553
test_Muroran_00133.jpg,2 0 183 272 517
test_Nagakute_00100.jpg,2 0 183 272 517
test_Sumida_00020.jpg,2 205 385 283 527
test_Nagakute_00243.jpg,2 359 461 516 597
test_Nagakute_00111.jpg,5 90 383 506 599
test_Muroran_00227.jpg,2 350 309 594 600 2 342 281 521 512
test_Sumida_00203.jpg,8 242 477 489 534
test_Sumida_00022.jpg,7 195 433 586 543
test_Chiba_00055.jpg,2 404 455 591 566 8 195 493 309 596
test_Sumida_00038.jpg,2 273 432 346 543
test_Adachi_00163.jpg,2 381 328 560 539
test_Sumida_00061.jpg,2 367 438 440 553 8 410 399 596 532 8 39 462 190 561
test_Muroran_00037.jpg,5 205 356 600 597
test_Sumida_00034.jpg,7 143 442 563 537
test_Adachi_00178.jpg,2 32 277 253 600 7 9 272 407 426
test_Numazu_00051.jpg,5 0 359 488 580
test_Nagakute_00001.jpg,2 25 337 248 597 2 411 370 600 534
test_Numazu_00232.jpg,2 275 313 415 600
test_Nagakute_00267.jpg,2 52 334 236 598 5 422 353 589 579 5 251 298 372 402 8 8 314 234 596
test_Sumida_00152.jpg,2 366 422 505 551
test_Adachi_00001.jpg,2 2 213 241 591
test_Numazu_00052.jpg,2 130 364 215 579
test_Adachi_00102.jpg,5 21 174 198 461
test_Adachi_00309.jpg,2 5 154 177 391 3 52 302 499 389 3 18 313 224 395 3 213 301 600 398
test_Sumida_00181.jpg,7 108 503 600 589
test_Nagakute_00186.jpg,1 219 462 297 598 1 149 447 421 593 2 323 425 517 595
test_Numazu_00260.jpg,2 0 183 272 517
test_Numazu_00248.jpg,2 232 308 302 583 5 126 407 261 504
test_Adachi_00052.jpg,3 143 310 600 413 3 128 344 438 389
test_Adachi_00092.jpg,2 203 331 311 593
test_Numazu_00286.jpg,5 39 376 260 600
test_Nagakute_00097.jpg,2 0 183 272 517
test_Sumida_00074.jpg,7 57 451 516 570
test_Adachi_00303.jpg,2 2 338 173 600
test_Nagakute_00104.jpg,2 327 333 600 556 8 318 315 600 558
test_Adachi_00115.jpg,2 296 325 345 593 8 516 422 600 533
test_Muroran_00426.jpg,5 40 432 581 600
test_Muroran_00370.jpg,1 3 361 219 590 1 155 465 289 600 8 419 489 513 600
test_Numazu_00187.jpg,1 361 435 511 592
test_Nagakute_00090.jpg,2 408 322 599 413 7 100 376 600 595
test_Adachi_00142.jpg,8 370 350 589 596
test_Numazu_00328.jpg,5 92 494 243 598 6 57 498 234 600 8 265 282 528 584 8 3 316 160 516 8 371 399 559 596
test_Muroran_00162.jpg,5 0 403 517 600 6 157 390 591 593
test_Chiba_00033.jpg,8 12 415 212 581
test_Numazu_00280.jpg,2 254 314 341 558
test_Muroran_00304.jpg,1 58 479 198 593 5 185 356 558 577
test_Muroran_00086.jpg,2 0 183 272 517
test_Muroran_00025.jpg,2 5 373 198 591 5 281 432 407 600 8 316 466 398 598
test_Numazu_00148.jpg,1 75 308 204 599 1 78 299 141 558 3 169 417 463 476
test_Numazu_00263.jpg,5 191 381 445 585 8 156 313 235 435
test_Adachi_00033.jpg,2 0 183 272 517
test_Nagakute_00039.jpg,1 80 412 206 600 8 2 303 196 519
test_Numazu_00020.jpg,1 23 427 200 600 2 165 407 222 599 5 22 417 224 599
test_Muroran_00378.jpg,5 96 368 588 566 5 315 393 600 579
test_Nagakute_00150.jpg,2 216 360 271 600 4 19 454 435 561
test_Nagakute_00102.jpg,2 376 334 429 597 8 18 369 255 600
test_Nagakute_00171.jpg,1 66 358 205 515
test_Chiba_00027.jpg,1 66 475 155 583
test_Numazu_00293.jpg,1 398 402 597 585 5 208 344 464 586
test_Numazu_00296.jpg,5 71 390 247 600 6 69 384 262 600
test_Adachi_00285.jpg,8 449 324 588 463
test_Muroran_00190.jpg,1 71 460 188 600 1 41 386 217 596 8 349 373 577 600 8 7 343 219 596
test_Muroran_00193.jpg,1 452 514 538 600 8 15 336 225 600
test_Numazu_00215.jpg,5 80 341 562 577 5 290 300 600 552 5 98 371 337 586 8 0 246 209 486 8 310 291 600 542
test_Ichihara_00035.jpg,1 386 440 495 600
test_Adachi_00259.jpg,5 41 276 568 530 5 127 224 600 465
test_Adachi_00064.jpg,2 0 183 272 517
test_Nagakute_00009.jpg,8 315 307 545 531 8 353 382 600 600 8 0 343 77 597
test_Adachi_00288.jpg,2 376 258 558 587 8 104 284 234 578
test_Nagakute_00224.jpg,2 85 342 177 432 2 256 433 323 591 2 469 413 600 506
test_Adachi_00206.jpg,2 0 183 272 517
test_Numazu_00347.jpg,2 135 403 204 552
test_Sumida_00004.jpg,2 0 183 272 517
test_Sumida_00023.jpg,2 316 391 405 534 8 317 398 405 532
test_Muroran_00277.jpg,5 179 382 383 585 5 447 484 600 598 5 144 356 572 592 5 215 410 378 512 8 440 484 586 600
test_Muroran_00155.jpg,5 218 513 406 600 5 0 423 487 598 5 415 526 592 599
test_Adachi_00200.jpg,2 432 346 600 515 8 438 352 600 511
test_Adachi_00166.jpg,2 146 296 206 597
test_Nagakute_00055.jpg,5 22 390 539 595
test_Numazu_00077.jpg,1 269 400 364 580 1 419 375 505 542
test_Adachi_00104.jpg,7 0 190 493 543 7 116 151 600 458
test_Adachi_00226.jpg,2 271 303 592 538 2 268 292 489 454
test_Nagakute_00124.jpg,1 310 395 576 600 1 95 387 273 578 8 4 364 164 572
test_Nagakute_00076.jpg,2 242 317 407 590
test_Muroran_00136.jpg,5 101 346 442 594
test_Numazu_00082.jpg,1 262 430 407 598 8 13 390 201 600
test_Muroran_00011.jpg,2 0 183 272 517
test_Muroran_00030.jpg,2 377 360 511 600 5 10 362 344 594
test_Sumida_00002.jpg,2 315 439 395 551
test_Adachi_00039.jpg,2 235 181 341 507 8 318 330 567 528 8 361 204 595 393 8 3 195 184 395
test_Adachi_00132.jpg,2 4 418 185 546 2 332 314 386 592 8 169 304 319 430
test_Sumida_00005.jpg,7 130 457 580 539
test_Nagakute_00026.jpg,5 138 411 284 598 8 4 343 134 445
test_Numazu_00282.jpg,2 0 183 272 517
test_Numazu_00349.jpg,8 121 311 295 388
test_Sumida_00108.jpg,2 0 183 272 517
test_Numazu_00173.jpg,2 163 266 250 473
test_Adachi_00079.jpg,8 154 305 231 579
test_Sumida_00161.jpg,8 327 393 585 552
test_Chiba_00086.jpg,2 0 183 272 517
test_Muroran_00406.jpg,7 80 383 600 522
test_Sumida_00173.jpg,1 4 460 151 564 2 151 411 264 554
test_Numazu_00255.jpg,8 302 368 428 598
test_Sumida_00115.jpg,2 199 405 317 556 8 464 427 595 536
test_Muroran_00256.jpg,5 2 347 464 579 5 48 385 193 597 5 196 351 416 562
test_Muroran_00429.jpg,5 37 361 268 598
test_Numazu_00125.jpg,7 56 435 600 596
test_Numazu_00069.jpg,2 164 374 249 477 5 472 463 593 598
test_Adachi_00067.jpg,2 189 389 252 600 2 346 324 491 502 8 346 315 569 600 8 341 323 494 508
test_Chiba_00090.jpg,7 17 509 589 600
test_Numazu_00223.jpg,1 308 424 404 599
test_Sumida_00206.jpg,2 0 183 272 517
test_Muroran_00248.jpg,5 276 383 600 600
test_Sumida_00140.jpg,2 0 183 272 517
test_Nagakute_00014.jpg,5 0 404 476 600 5 312 401 500 593 8 21 466 225 592
test_Nagakute_00059.jpg,8 327 399 590 597 8 0 333 182 524
test_Numazu_00094.jpg,2 292 304 406 406 5 213 327 388 413
test_Muroran_00296.jpg,2 0 183 272 517
test_Adachi_00283.jpg,1 383 299 582 482 1 389 323 517 442
test_Numazu_00045.jpg,1 271 432 409 596 2 75 360 230 598
test_Numazu_00055.jpg,2 268 370 449 599
test_Chiba_00050.jpg,2 403 456 600 569
test_Muroran_00340.jpg,2 49 369 126 530 3 422 385 591 441
test_Numazu_00375.jpg,3 0 487 454 590 5 254 452 414 600
test_Numazu_00021.jpg,1 205 379 304 547 2 37 306 184 547 8 249 320 357 447
test_Numazu_00149.jpg,5 0 394 511 599 5 229 414 577 599
test_Numazu_00190.jpg,1 81 357 195 473 2 349 382 561 599 2 245 315 322 485
test_Numazu_00099.jpg,1 173 495 291 599 2 450 468 586 549 5 172 493 297 598
test_Nagakute_00054.jpg,1 72 383 209 514
test_Muroran_00158.jpg,5 0 507 512 600 5 0 525 139 597
test_Numazu_00067.jpg,5 294 337 600 596 8 0 295 189 581
test_Adachi_00008.jpg,2 426 354 599 496
test_Muroran_00222.jpg,7 143 356 600 456 8 90 492 214 597
test_Muroran_00319.jpg,1 226 467 339 587 2 318 288 401 462 2 4 380 250 535 3 235 457 600 550
test_Adachi_00149.jpg,2 231 314 284 600
test_Muroran_00088.jpg,1 333 317 429 600
test_Nagakute_00209.jpg,5 114 490 442 600
test_Chiba_00064.jpg,8 355 423 564 581
test_Numazu_00120.jpg,5 224 321 458 593
test_Adachi_00241.jpg,2 113 443 214 596
test_Nagakute_00117.jpg,2 225 362 482 600 3 162 482 382 536
test_Adachi_00245.jpg,1 442 329 562 516
test_Numazu_00244.jpg,2 291 390 337 600 8 340 397 508 599
test_Nagakute_00081.jpg,1 90 401 198 531
test_Muroran_00309.jpg,5 290 434 600 594
test_Sumida_00216.jpg,7 73 435 599 529
test_Muroran_00036.jpg,2 30 406 204 592
test_Adachi_00307.jpg,5 0 436 275 552 8 381 343 600 546
test_Adachi_00248.jpg,5 181 286 600 566 5 388 297 597 518 8 434 276 598 447
test_Adachi_00191.jpg,1 476 238 597 444
test_Sumida_00228.jpg,2 0 183 272 517
test_Adachi_00167.jpg,2 370 336 444 534
test_Adachi_00258.jpg,2 379 366 572 600
test_Numazu_00243.jpg,8 2 308 169 514
test_Numazu_00115.jpg,2 0 183 272 517
test_Muroran_00270.jpg,3 0 490 458 595 5 64 344 479 585 5 176 332 386 525 5 229 342 371 458 8 325 338 472 557
test_Muroran_00092.jpg,5 0 341 304 598
test_Nagakute_00044.jpg,1 353 455 437 564 8 270 365 407 467
test_Ichihara_00017.jpg,7 166 414 600 521 7 0 426 490 523
test_Ichihara_00043.jpg,5 197 399 600 600 5 151 403 364 599
test_Numazu_00324.jpg,1 250 376 580 525 8 118 370 292 475
test_Sumida_00138.jpg,2 0 183 272 517
test_Adachi_00183.jpg,1 438 270 599 466
test_Muroran_00399.jpg,5 90 329 339 595
test_Muroran_00214.jpg,1 277 344 412 587 1 522 437 596 558 8 4 353 308 599 8 66 308 369 534
test_Numazu_00189.jpg,5 135 329 600 600
test_Adachi_00312.jpg,1 10 131 213 385
test_Muroran_00063.jpg,1 364 373 595 545 1 299 367 468 516
test_Muroran_00375.jpg,1 204 351 271 563 1 199 439 264 600 3 326 483 600 543
test_Muroran_00341.jpg,8 0 347 247 531 8 368 442 437 592
test_Numazu_00326.jpg,5 265 286 600 587 8 327 272 600 502
test_Numazu_00274.jpg,2 414 393 580 579
test_Adachi_00017.jpg,2 241 274 313 559
test_Adachi_00227.jpg,8 103 219 212 306
test_Nagakute_00108.jpg,2 180 398 284 596
test_Adachi_00024.jpg,2 41 210 270 600
test_Adachi_00326.jpg,2 372 177 598 451 8 2 152 165 441
test_Chiba_00051.jpg,1 418 494 503 586
test_Numazu_00169.jpg,5 73 291 216 582
test_Muroran_00332.jpg,5 349 360 600 600
test_Adachi_00168.jpg,1 357 459 433 600 2 355 449 436 598 8 18 299 254 485
test_Muroran_00033.jpg,1 262 427 359 600 8 416 446 512 600
test_Numazu_00096.jpg,5 10 420 135 582
test_Muroran_00234.jpg,5 186 376 600 596 5 200 410 464 599
test_Adachi_00271.jpg,7 136 335 600 588 7 0 320 458 566
test_Muroran_00279.jpg,1 326 447 446 600 2 51 388 187 591 2 277 356 342 600 8 332 461 439 597 8 4 383 114 494
test_Numazu_00231.jpg,5 63 366 507 591 5 0 414 306 598
test_Nagakute_00157.jpg,1 382 424 562 598
test_Adachi_00129.jpg,2 423 245 585 418 8 1 227 215 413
test_Nagakute_00266.jpg,1 237 322 299 491 1 18 381 163 477
test_Numazu_00228.jpg,1 281 408 367 558 8 273 415 355 555
test_Muroran_00387.jpg,2 29 362 172 598 2 268 399 352 590
test_Numazu_00070.jpg,3 0 446 406 582 5 20 424 397 583 8 292 391 446 596
test_Nagakute_00175.jpg,5 171 362 467 558
test_Nagakute_00192.jpg,2 309 332 582 591 8 337 341 600 593
test_Muroran_00282.jpg,2 296 342 347 574 5 278 418 552 560
test_Muroran_00080.jpg,2 217 363 342 597 2 384 348 473 600
test_Chiba_00008.jpg,1 275 477 368 573 2 433 429 563 589
test_Numazu_00226.jpg,5 42 355 503 599
test_Nagakute_00080.jpg,5 181 388 369 600
test_Numazu_00355.jpg,2 242 393 315 591 5 278 439 600 597
test_Muroran_00421.jpg,1 219 395 294 600
test_Numazu_00009.jpg,5 45 361 546 592
test_Chiba_00065.jpg,1 193 484 300 599
test_Sumida_00192.jpg,1 275 429 426 533
test_Adachi_00077.jpg,2 404 408 455 594
test_Nagakute_00236.jpg,1 266 386 364 586 1 266 384 332 520 1 288 474 380 599
test_Numazu_00081.jpg,1 281 342 449 583 8 41 254 226 584
test_Adachi_00176.jpg,2 403 304 495 448
test_Chiba_00007.jpg,8 367 427 506 577
test_Numazu_00383.jpg,2 414 328 540 588 2 294 304 365 583
test_Sumida_00150.jpg,8 396 431 555 567
test_Numazu_00275.jpg,2 320 288 415 586
test_Chiba_00016.jpg,1 326 474 406 580 2 467 481 600 575
test_Nagakute_00194.jpg,2 187 318 294 593
test_Numazu_00313.jpg,2 109 322 177 472 8 2 265 105 416
test_Nagakute_00126.jpg,1 241 376 417 597 2 288 345 600 587
test_Numazu_00136.jpg,2 127 378 216 573
test_Muroran_00107.jpg,5 45 375 485 598
test_Adachi_00319.jpg,2 489 338 598 491 2 372 190 478 342
test_Numazu_00138.jpg,5 92 432 600 595 5 0 379 196 508 5 0 486 486 599
test_Muroran_00151.jpg,1 435 440 596 600 1 323 436 426 597 1 194 407 249 599 5 442 445 597 599
test_Sumida_00117.jpg,2 342 422 431 525 8 125 437 239 555 8 459 445 596 527
test_Adachi_00328.jpg,1 380 210 577 561 1 439 334 584 554
test_Muroran_00016.jpg,1 477 426 569 598
test_Numazu_00175.jpg,1 170 430 251 594 8 275 407 539 596 8 3 393 197 561
test_Muroran_00110.jpg,1 227 363 512 587 2 330 397 550 600
test_Adachi_00025.jpg,2 300 266 395 461 2 298 292 362 562
test_Nagakute_00252.jpg,8 255 309 523 594 8 368 443 553 597
test_Numazu_00010.jpg,8 37 316 195 592
test_Numazu_00023.jpg,2 277 314 332 447 8 93 327 206 455
test_Adachi_00094.jpg,2 405 299 597 493 8 396 278 600 496
test_Adachi_00264.jpg,1 300 350 504 525 5 293 359 474 519
test_Adachi_00292.jpg,2 284 238 335 507
test_Sumida_00110.jpg,2 0 183 272 517
test_Nagakute_00220.jpg,2 239 298 459 600 3 171 467 358 519
test_Muroran_00135.jpg,5 303 362 600 599 5 160 354 514 595
test_Numazu_00183.jpg,5 190 348 491 600 5 40 371 377 508
test_Numazu_00294.jpg,5 137 376 256 592 8 0 285 172 476
test_Numazu_00163.jpg,1 271 381 557 594
test_Nagakute_00155.jpg,1 340 434 556 598 5 329 424 575 592
test_Numazu_00154.jpg,7 53 409 521 517 7 0 401 404 551 8 0 393 413 565 8 0 406 489 513
test_Muroran_00408.jpg,5 204 358 600 600 5 376 344 591 570 8 457 386 596 562
test_Numazu_00273.jpg,2 214 277 344 600
test_Nagakute_00214.jpg,2 21 297 190 569
test_Nagakute_00161.jpg,2 264 321 551 578
test_Numazu_00003.jpg,1 302 322 393 415 7 0 384 548 600
test_Muroran_00015.jpg,1 162 420 307 595 5 181 412 509 598
test_Muroran_00126.jpg,2 353 381 426 586
test_Adachi_00113.jpg,2 0 183 272 517
test_Nagakute_00123.jpg,5 66 355 470 600 5 287 369 467 589
test_Sumida_00001.jpg,2 0 183 272 517
test_Numazu_00174.jpg,1 294 342 482 548 8 5 252 212 566
test_Muroran_00423.jpg,1 342 434 517 599 5 115 396 544 600
test_Ichihara_00051.jpg,1 432 404 594 600 5 48 393 481 600 5 330 387 599 600 8 20 389 308 599
test_Adachi_00123.jpg,2 0 183 272 517
test_Adachi_00109.jpg,2 478 425 599 559
test_Nagakute_00208.jpg,1 31 403 155 598 8 308 488 418 599
test_Numazu_00017.jpg,2 0 183 272 517
test_Numazu_00039.jpg,2 394 505 488 599 2 260 344 505 581 2 258 348 386 490
test_Adachi_00036.jpg,2 429 245 600 436
test_Sumida_00213.jpg,2 332 400 439 529 8 324 397 433 529
test_Sumida_00225.jpg,8 387 428 570 560
test_Nagakute_00228.jpg,5 0 330 347 595 5 2 383 133 595
test_Muroran_00371.jpg,2 284 393 435 595 2 129 394 207 600
test_Nagakute_00015.jpg,7 0 420 515 600
test_Nagakute_00225.jpg,7 108 342 600 442 8 480 424 598 559 8 0 427 123 566
test_Muroran_00221.jpg,5 97 316 584 600
test_Adachi_00290.jpg,2 318 308 475 581 2 331 325 440 475 8 367 340 467 451
test_Numazu_00352.jpg,5 80 420 574 598 5 66 440 329 597 5 295 413 529 575
test_Chiba_00004.jpg,7 25 514 497 600
test_Muroran_00108.jpg,5 83 367 417 600
test_Numazu_00118.jpg,1 86 347 189 509 2 215 279 270 590 8 312 290 513 537
test_Sumida_00079.jpg,2 270 399 402 550 8 66 413 208 564
test_Adachi_00107.jpg,2 360 189 567 516 2 452 343 597 577 8 38 159 273 584 8 389 198 597 352 8 272 165 352 211
test_Adachi_00291.jpg,1 379 379 584 573 2 413 404 600 588 8 382 367 593 588 8 0 314 169 479
test_Numazu_00128.jpg,5 226 394 477 594 6 0 304 405 600
test_Sumida_00009.jpg,8 57 447 241 536 8 332 434 526 564
test_Numazu_00134.jpg,1 208 357 292 490 8 4 285 205 597 8 323 287 600 470
test_Nagakute_00047.jpg,5 87 373 548 598
test_Muroran_00212.jpg,5 132 354 423 593
test_Adachi_00060.jpg,2 0 183 272 517
test_Numazu_00249.jpg,2 269 366 537 600
test_Nagakute_00022.jpg,1 110 363 227 482 3 198 409 521 469
test_Adachi_00121.jpg,2 0 183 272 517
test_Numazu_00241.jpg,2 268 278 366 593 2 263 260 339 483
test_Adachi_00004.jpg,8 134 259 234 564
test_Numazu_00144.jpg,5 0 326 458 598 5 222 311 503 598 5 10 300 242 589 8 292 314 460 595
test_Chiba_00078.jpg,2 0 183 272 517
test_Muroran_00028.jpg,5 114 319 575 584
test_Nagakute_00191.jpg,1 27 428 151 583 5 200 511 354 600
test_Adachi_00155.jpg,2 387 314 600 526
test_Muroran_00410.jpg,1 403 434 562 597 5 399 421 564 600
test_Numazu_00028.jpg,1 250 352 401 509 2 144 305 260 594 2 449 491 557 596
test_Numazu_00034.jpg,5 245 357 445 594
test_Sumida_00094.jpg,2 147 418 256 541
test_Nagakute_00036.jpg,7 43 431 542 517
test_Ichihara_00013.jpg,2 0 183 272 517
test_Muroran_00373.jpg,8 119 359 257 495
test_Adachi_00216.jpg,1 456 350 600 458 1 160 327 250 450
test_Adachi_00110.jpg,1 278 421 361 599
test_Chiba_00074.jpg,7 117 495 600 596
test_Sumida_00198.jpg,2 370 412 522 562
test_Ichihara_00025.jpg,8 198 460 464 600 8 395 379 600 592
test_Muroran_00207.jpg,5 10 384 442 600
test_Sumida_00164.jpg,2 0 183 272 517
test_Adachi_00213.jpg,2 369 362 582 576
test_Ichihara_00037.jpg,1 370 411 495 591 8 1 409 236 593 8 401 385 592 588
test_Numazu_00117.jpg,2 233 301 282 590
test_Numazu_00107.jpg,5 219 315 473 559 8 120 285 266 496
test_Nagakute_00003.jpg,1 208 393 275 566
test_Sumida_00176.jpg,2 0 183 272 517
test_Muroran_00090.jpg,5 173 399 562 599
test_Chiba_00036.jpg,8 15 416 201 585
test_Sumida_00196.jpg,2 0 183 272 517
test_Adachi_00075.jpg,2 0 183 272 517
test_Adachi_00151.jpg,1 314 267 594 537 1 200 387 371 548
test_Numazu_00184.jpg,5 162 453 600 600
test_Muroran_00226.jpg,2 0 183 272 517
test_Ichihara_00003.jpg,1 325 416 476 596 1 385 400 586 573 2 365 396 600 560
test_Muroran_00160.jpg,2 14 384 244 600 2 351 332 409 595
test_Muroran_00149.jpg,5 56 374 484 600
test_Muroran_00251.jpg,8 2 349 214 593
test_Muroran_00122.jpg,2 0 183 272 517
test_Nagakute_00128.jpg,5 3 309 506 599 5 181 328 476 549
test_Nagakute_00049.jpg,2 279 315 452 578 2 325 387 479 600 5 38 407 470 593
test_Muroran_00292.jpg,5 122 341 552 596
test_Nagakute_00256.jpg,2 0 183 272 517
test_Sumida_00072.jpg,7 227 432 600 521
test_Muroran_00205.jpg,5 234 397 591 599
test_Muroran_00366.jpg,5 255 346 405 600
test_Numazu_00368.jpg,1 362 408 502 595 8 321 340 539 583 8 12 391 361 594 8 18 332 239 547
test_Adachi_00313.jpg,2 0 183 272 517
test_Nagakute_00233.jpg,1 347 384 530 599 2 169 329 279 587 2 340 338 584 600
test_Adachi_00322.jpg,1 387 219 468 337 8 336 326 525 409
test_Adachi_00083.jpg,2 330 187 427 561 8 0 229 204 506 8 243 175 334 306
test_Nagakute_00204.jpg,7 77 483 600 600
test_Numazu_00407.jpg,8 107 400 394 597 8 301 346 588 591 8 0 318 159 492
test_Adachi_00089.jpg,2 461 403 548 600 5 368 455 523 596 8 278 369 446 540 8 468 432 553 599
test_Numazu_00303.jpg,2 0 341 169 531
test_Chiba_00029.jpg,8 24 477 171 600
