test_Numazu_00321.jpg,7 57 336 600 540
test_Numazu_00126.jpg,2 207 423 264 600
test_Adachi_00249.jpg,7 137 353 435 588 8 204 360 459 587
test_Numazu_00119.jpg,2 270 359 531 595
test_Muroran_00176.jpg,5 180 419 600 600 8 357 427 513 599
test_Numazu_00373.jpg,7 57 328 575 471
test_Sumida_00209.jpg,2 409 457 519 557
test_Nagakute_00089.jpg,2 234 353 304 597 8 464 479 598 599 8 198 372 298 483
test_Muroran_00284.jpg,5 46 375 562 577 5 0 334 239 599
test_Ichihara_00022.jpg,5 303 415 558 600
test_Muroran_00385.jpg,5 0 404 543 593
test_Muroran_00389.jpg,1 450 383 599 579 2 369 308 600 582
test_Numazu_00157.jpg,2 0 183 272 517
test_Adachi_00134.jpg,2 1 305 117 514 8 343 366 600 562
test_Sumida_00086.jpg,2 0 183 272 517
test_Adachi_00199.jpg,1 133 202 287 438 1 344 205 463 361
test_Chiba_00046.jpg,8 9 405 204 583 8 315 412 489 568
test_Sumida_00102.jpg,2 316 404 392 554
test_Muroran_00024.jpg,1 91 434 225 549 2 350 482 440 599
test_Numazu_00379.jpg,2 246 294 323 425
test_Sumida_00051.jpg,8 381 430 564 559
test_Muroran_00402.jpg,5 105 376 517 478 5 36 385 600 591 8 437 355 600 485
test_Adachi_00150.jpg,2 0 183 272 517
test_Chiba_00006.jpg,8 421 437 593 575 8 110 478 308 600
test_Nagakute_00040.jpg,1 252 427 343 597
test_Sumida_00208.jpg,8 490 415 594 575
test_Adachi_00141.jpg,2 284 302 418 574
test_Chiba_00092.jpg,1 313 477 412 579 2 182 479 300 589 8 433 467 600 573
test_Numazu_00290.jpg,1 501 471 596 586 1 261 232 325 395 1 197 383 311 509 7 13 287 516 398
test_Ichihara_00001.jpg,2 6 401 257 588 2 433 413 596 543
test_Sumida_00180.jpg,2 0 183 272 517
test_Ichihara_00048.jpg,2 451 469 565 600
test_Numazu_00211.jpg,5 1 416 184 597
test_Nagakute_00013.jpg,8 158 349 272 528
test_Nagakute_00027.jpg,2 293 320 569 536 8 4 321 175 530 8 296 323 555 539
test_Chiba_00001.jpg,2 0 183 272 517
test_Chiba_00084.jpg,2 387 465 585 584
test_Adachi_00103.jpg,1 314 390 479 534 5 320 366 468 531
test_Numazu_00165.jpg,2 0 183 272 517
test_Nagakute_00112.jpg,1 38 378 183 592
test_Muroran_00069.jpg,5 353 489 522 600 8 143 407 202 600
test_Chiba_00049.jpg,8 336 409 531 574
test_Muroran_00103.jpg,1 443 445 529 598
test_Adachi_00040.jpg,1 12 273 237 539 1 0 261 455 476 3 133 311 572 423 3 0 269 528 449
test_Nagakute_00087.jpg,1 135 422 230 597 8 0 383 187 564
test_Numazu_00267.jpg,5 478 482 600 600 7 120 408 541 489
test_Ichihara_00034.jpg,1 67 461 243 600 5 118 411 293 582 5 64 445 572 600
test_Numazu_00087.jpg,2 330 355 522 600 5 64 336 295 600
test_Muroran_00041.jpg,2 0 390 171 549 5 166 368 600 597
test_Muroran_00346.jpg,8 0 288 217 550 8 408 438 544 600
test_Sumida_00169.jpg,2 25 408 282 551
test_Nagakute_00023.jpg,8 48 298 272 600
test_Sumida_00125.jpg,2 310 424 380 547
test_Numazu_00312.jpg,5 0 323 338 600
test_Adachi_00157.jpg,2 382 356 468 599
test_Muroran_00313.jpg,2 0 183 272 517
test_Muroran_00290.jpg,2 474 447 600 580 8 17 345 225 600
test_Numazu_00256.jpg,5 16 360 480 597
test_Adachi_00247.jpg,2 456 399 599 552
test_Muroran_00232.jpg,5 167 340 569 600
test_Adachi_00266.jpg,2 0 183 272 517
test_Chiba_00048.jpg,8 224 478 331 592
test_Nagakute_00132.jpg,8 1 342 205 597 8 304 324 600 577
test_Adachi_00031.jpg,2 293 457 399 580 2 182 281 455 456 8 331 312 578 452
test_Adachi_00046.jpg,2 1 210 261 494 8 370 220 501 563
test_Nagakute_00017.jpg,1 414 430 494 580
test_Adachi_00203.jpg,2 277 377 338 599 2 288 304 349 555
test_Chiba_00035.jpg,2 392 448 563 581
test_Nagakute_00092.jpg,5 26 350 594 597 5 15 389 340 588
test_Numazu_00344.jpg,5 22 414 433 552
test_Muroran_00305.jpg,1 56 401 253 589 5 425 445 585 600 8 454 467 589 600
test_Nagakute_00120.jpg,5 0 366 204 600
test_Muroran_00223.jpg,5 377 294 595 505 5 249 321 580 556
test_Adachi_00242.jpg,1 33 314 229 505 8 406 293 598 512
test_Sumida_00124.jpg,8 352 414 525 569
test_Numazu_00060.jpg,5 0 429 448 597
test_Numazu_00049.jpg,1 274 352 361 454 2 45 289 206 597
test_Sumida_00194.jpg,7 192 432 578 542
test_Numazu_00101.jpg,2 281 307 447 576 5 225 303 442 588
test_Nagakute_00170.jpg,5 235 367 466 598 8 8 331 247 600 8 314 346 599 596
test_Numazu_00080.jpg,8 307 430 464 598
test_Numazu_00311.jpg,5 8 405 502 594 5 169 450 589 600
test_Chiba_00018.jpg,2 154 475 341 594
test_Numazu_00309.jpg,5 311 396 425 505
test_Numazu_00386.jpg,1 131 349 209 570 8 343 357 597 578 8 0 320 134 536
test_Numazu_00359.jpg,2 91 383 248 600 5 182 383 600 596 5 132 404 301 600
test_Adachi_00090.jpg,2 0 183 272 517
test_Sumida_00143.jpg,7 84 438 561 560
test_Sumida_00047.jpg,2 361 391 542 521
test_Sumida_00078.jpg,2 243 409 306 558
test_Nagakute_00034.jpg,2 234 318 291 594 8 38 340 225 600
test_Muroran_00275.jpg,1 429 443 592 577 1 424 423 556 522 8 26 285 190 600 8 448 474 592 600
test_Numazu_00378.jpg,1 0 367 130 586 8 308 297 600 578 8 0 278 186 473
test_Nagakute_00152.jpg,1 486 431 598 541 1 133 487 249 600 8 1 396 125 545
test_Numazu_00380.jpg,7 50 384 600 600
test_Nagakute_00213.jpg,2 305 376 590 589
test_Numazu_00155.jpg,5 0 379 148 585 5 292 337 520 587 8 317 346 548 562 8 4 330 142 518
test_Chiba_00019.jpg,7 3 471 567 592
test_Sumida_00067.jpg,2 0 183 272 517
test_Numazu_00065.jpg,2 298 322 386 453
test_Sumida_00201.jpg,2 359 440 431 559
test_Numazu_00364.jpg,2 242 345 431 600
test_Numazu_00354.jpg,1 366 394 529 560 3 136 463 593 563 8 0 329 153 532 8 127 347 276 594
test_Numazu_00086.jpg,2 276 410 375 587 2 58 387 198 596 8 0 379 173 560
test_Chiba_00088.jpg,1 294 476 384 579 2 458 476 600 566
test_Chiba_00025.jpg,2 261 456 382 559
test_Chiba_00075.jpg,2 0 183 272 517
test_Nagakute_00163.jpg,1 58 274 168 418
test_Muroran_00195.jpg,1 205 404 274 599 1 156 332 387 591 5 3 398 169 600 5 0 352 427 600
test_Adachi_00106.jpg,2 370 284 556 598
test_Chiba_00070.jpg,2 458 496 549 588
test_Nagakute_00070.jpg,2 0 183 272 517
test_Adachi_00204.jpg,8 290 332 402 595
test_Muroran_00415.jpg,5 312 413 600 600
test_Adachi_00032.jpg,7 2 339 573 519
test_Adachi_00243.jpg,7 110 465 539 593 8 198 458 429 593
test_Sumida_00040.jpg,7 35 436 500 519
test_Nagakute_00162.jpg,1 102 433 265 600 8 307 358 596 592
test_Numazu_00403.jpg,8 283 285 595 527 8 0 279 183 469
test_Nagakute_00178.jpg,1 153 375 241 579 8 20 372 187 595
test_Muroran_00404.jpg,2 263 322 313 600
test_Numazu_00185.jpg,1 4 314 116 509 1 164 414 261 565 8 10 283 157 597
test_Numazu_00164.jpg,1 6 343 213 556 2 216 265 265 547 8 291 293 590 543
test_Muroran_00079.jpg,1 214 403 296 589 2 353 391 512 596
test_Nagakute_00012.jpg,2 116 403 274 597
test_Nagakute_00010.jpg,2 268 345 326 599
test_Adachi_00051.jpg,2 288 120 487 246 5 22 265 499 528
test_Muroran_00386.jpg,2 170 351 283 600 8 408 415 553 599
test_Nagakute_00083.jpg,5 40 336 526 600
test_Muroran_00029.jpg,2 340 378 443 549
test_Adachi_00190.jpg,8 253 431 364 598
test_Sumida_00058.jpg,2 28 418 213 527 8 374 451 561 557 8 335 449 483 549
test_Numazu_00033.jpg,5 156 339 310 587
test_Muroran_00125.jpg,2 330 398 518 590
test_Numazu_00356.jpg,5 148 433 600 597 5 4 505 129 600
test_Adachi_00005.jpg,2 0 183 272 517
test_Nagakute_00174.jpg,7 41 499 554 599
test_Chiba_00010.jpg,1 119 472 237 590 8 301 438 457 592
test_Nagakute_00062.jpg,1 271 386 445 600 2 222 378 455 600 5 283 389 437 599
test_Nagakute_00085.jpg,2 13 393 187 590 5 30 480 409 594 5 310 399 593 591 8 329 402 600 573
test_Nagakute_00058.jpg,1 272 415 374 581 8 2 334 153 464
test_Muroran_00055.jpg,5 453 394 592 502
test_Nagakute_00084.jpg,1 98 299 261 599 8 92 296 271 600
test_Sumida_00037.jpg,2 144 420 291 570
test_Nagakute_00240.jpg,1 209 323 304 418 8 316 296 600 514
test_Muroran_00141.jpg,5 87 437 485 599
test_Numazu_00204.jpg,3 156 474 563 588 5 0 370 545 595 8 0 287 172 484
test_Nagakute_00180.jpg,2 61 352 211 595
test_Adachi_00253.jpg,1 12 212 230 439 5 4 195 267 441
test_Adachi_00081.jpg,7 10 302 499 420
test_Numazu_00381.jpg,2 231 299 317 473
test_Muroran_00156.jpg,1 262 348 557 582 1 338 451 473 597 8 15 340 205 600 8 351 355 598 558
test_Sumida_00134.jpg,2 133 420 223 521
test_Numazu_00076.jpg,2 0 183 272 517
test_Ichihara_00049.jpg,8 0 475 121 580 8 478 467 599 580
test_Sumida_00190.jpg,2 0 183 272 517
test_Muroran_00201.jpg,1 320 376 498 600 1 33 396 191 600 2 307 311 512 547 5 294 313 508 560 8 1 363 181 586
test_Adachi_00286.jpg,1 12 371 318 541
test_Numazu_00092.jpg,2 164 376 245 571 5 86 404 244 597
test_Numazu_00218.jpg,5 240 416 531 565
test_Nagakute_00167.jpg,1 354 433 456 595 2 260 229 345 600 8 2 230 278 514
test_Numazu_00114.jpg,2 34 300 224 581 5 22 327 363 583
test_Adachi_00135.jpg,1 34 408 200 571 1 326 353 464 444
test_Chiba_00076.jpg,2 95 513 207 595
test_Muroran_00020.jpg,2 259 364 323 596 4 170 437 600 557
test_Muroran_00383.jpg,5 5 409 469 600
test_Numazu_00171.jpg,5 103 311 273 446 8 358 300 570 521
test_Numazu_00285.jpg,5 277 418 600 598 8 138 401 222 599
test_Sumida_00098.jpg,7 17 445 488 533
test_Muroran_00312.jpg,2 349 406 600 593 8 208 352 375 424
test_Nagakute_00146.jpg,5 184 388 600 600 5 305 428 595 599 8 127 409 600 596
test_Adachi_00308.jpg,2 0 183 272 517
test_Muroran_00014.jpg,2 299 360 455 599 5 284 360 575 583
test_Muroran_00333.jpg,2 0 183 272 517
test_Muroran_00174.jpg,1 170 385 282 564 2 159 370 298 600
test_Adachi_00014.jpg,2 197 368 333 596
test_Numazu_00230.jpg,2 280 400 480 590 8 80 305 213 471
test_Nagakute_00114.jpg,1 224 336 306 572 2 37 352 169 588 8 287 333 575 587
test_Muroran_00299.jpg,5 276 375 579 599
test_Nagakute_00196.jpg,1 218 350 339 520 1 50 348 173 462 5 205 353 330 514 8 4 324 167 457
test_Muroran_00240.jpg,1 133 429 267 600 8 439 393 596 559 8 97 418 263 600
test_Sumida_00033.jpg,2 328 407 424 519
test_Muroran_00112.jpg,5 50 408 352 600
test_Sumida_00105.jpg,2 0 183 272 517
test_Numazu_00338.jpg,5 413 468 600 579 8 26 437 210 597
test_Numazu_00202.jpg,8 446 479 574 600 8 3 264 225 476
test_Adachi_00069.jpg,5 13 192 186 455
test_Ichihara_00021.jpg,1 151 412 296 600 8 387 400 600 574 8 64 388 288 597
test_Numazu_00160.jpg,7 0 414 497 600 8 31 309 161 473
test_Adachi_00299.jpg,2 5 445 117 591
test_Muroran_00345.jpg,1 93 308 396 592 5 55 317 374 599 5 6 311 131 587
test_Muroran_00163.jpg,1 306 359 584 594 5 123 395 600 600 5 360 342 591 594 5 200 445 403 600
test_Numazu_00390.jpg,2 456 481 600 595 5 72 409 265 598 5 41 413 516 598 5 293 471 600 597
test_Adachi_00068.jpg,3 22 321 564 528 3 207 348 600 500 5 117 298 437 562
test_Chiba_00026.jpg,8 188 497 293 594
test_Adachi_00072.jpg,8 487 305 596 437
test_Nagakute_00125.jpg,3 0 398 475 554 3 10 419 301 573 3 164 409 600 528 5 249 395 600 530
test_Muroran_00260.jpg,1 297 446 386 600 1 391 483 583 600 5 0 422 549 596
test_Numazu_00176.jpg,2 229 303 343 600 2 298 343 585 591
test_Muroran_00005.jpg,2 90 371 216 577 5 170 420 600 598
test_Adachi_00329.jpg,2 386 363 583 593
test_Numazu_00333.jpg,7 17 426 600 600
test_Sumida_00081.jpg,7 21 455 579 567
test_Numazu_00310.jpg,2 284 353 416 592 5 422 360 593 522 8 435 357 600 503
test_Numazu_00284.jpg,2 243 328 301 600
test_Numazu_00357.jpg,2 332 398 566 595 8 276 337 571 593
test_Nagakute_00185.jpg,5 254 344 422 593
test_Muroran_00322.jpg,2 399 314 600 581
test_Nagakute_00091.jpg,5 40 285 215 534
test_Nagakute_00159.jpg,2 179 275 241 502 2 54 481 128 600
test_Adachi_00180.jpg,2 326 170 410 599
test_Adachi_00130.jpg,2 113 299 261 504 2 421 329 582 600 2 47 296 266 600 2 54 385 204 595 8 374 218 598 548
test_Numazu_00317.jpg,2 358 426 566 596
test_Numazu_00388.jpg,2 56 274 219 591 5 76 286 257 594
test_Numazu_00374.jpg,2 263 305 383 600 5 0 296 358 590
test_Nagakute_00029.jpg,7 0 425 497 595 8 117 298 310 445
test_Muroran_00006.jpg,8 430 387 558 523 8 29 323 296 595
test_Muroran_00397.jpg,2 0 183 272 517
test_Numazu_00396.jpg,2 295 448 384 598
test_Sumida_00060.jpg,2 0 183 272 517
test_Adachi_00164.jpg,5 22 306 401 564 8 410 218 593 441
test_Adachi_00236.jpg,8 379 262 588 465
test_Muroran_00131.jpg,1 409 454 495 598 8 65 383 273 600 8 137 368 280 538
test_Nagakute_00199.jpg,2 347 328 588 592 8 8 276 181 558
test_Muroran_00238.jpg,5 107 288 246 440
test_Sumida_00217.jpg,2 0 183 272 517
test_Muroran_00045.jpg,5 0 393 431 598 5 1 402 199 600
test_Nagakute_00254.jpg,8 0 313 211 520
test_Sumida_00226.jpg,8 211 431 312 571
test_Ichihara_00024.jpg,1 155 460 284 600
test_Adachi_00265.jpg,2 0 183 272 517
test_Adachi_00021.jpg,2 167 176 278 540
test_Muroran_00104.jpg,2 193 419 279 598 2 446 428 600 600 8 478 464 600 600 8 0 376 197 593
test_Sumida_00168.jpg,2 0 183 272 517
test_Nagakute_00099.jpg,5 152 340 534 594 5 361 388 600 600
test_Nagakute_00086.jpg,7 0 409 498 600
test_Nagakute_00121.jpg,1 74 435 188 599 1 215 430 289 592 8 0 391 137 582 8 298 414 520 593
test_Nagakute_00154.jpg,4 139 478 599 585
test_Numazu_00340.jpg,5 365 410 575 573 8 0 322 145 575
test_Numazu_00222.jpg,2 0 183 272 517
test_Muroran_00283.jpg,5 5 342 166 576
test_Sumida_00100.jpg,2 0 183 272 517
test_Numazu_00029.jpg,5 20 395 437 599 5 177 418 557 599
test_Numazu_00393.jpg,5 343 289 596 427
test_Adachi_00251.jpg,1 349 416 470 535
test_Nagakute_00216.jpg,5 14 458 136 592 5 179 470 554 597
test_Numazu_00405.jpg,5 179 339 341 576 8 346 261 600 543 8 3 252 168 453
test_Muroran_00071.jpg,5 353 395 454 560 5 0 377 538 594 6 0 391 569 592
test_Sumida_00227.jpg,2 355 412 461 555
test_Numazu_00131.jpg,5 37 361 294 588
test_Muroran_00198.jpg,5 0 372 452 594
test_Sumida_00042.jpg,2 0 183 272 517
test_Numazu_00348.jpg,5 78 439 451 594 5 211 450 600 600 5 433 452 597 594 8 446 456 600 596
test_Chiba_00020.jpg,7 152 512 600 599
test_Muroran_00261.jpg,1 100 490 208 597 5 343 456 592 599
test_Adachi_00224.jpg,2 263 150 322 311 2 193 192 313 565 2 187 363 277 574 2 449 306 593 479
test_Adachi_00195.jpg,1 349 499 509 600 3 83 433 338 500
test_Adachi_00124.jpg,2 408 378 600 584 2 312 305 572 585
test_Adachi_00131.jpg,5 190 341 515 574
test_Numazu_00254.jpg,1 48 378 250 599
test_Nagakute_00229.jpg,1 114 443 210 574 2 263 336 332 600 5 348 408 542 600
test_Nagakute_00144.jpg,1 12 390 251 563 2 13 386 238 568
test_Nagakute_00073.jpg,2 331 292 598 590 8 17 306 295 600
test_Nagakute_00021.jpg,2 92 259 225 600
test_Sumida_00029.jpg,2 365 436 451 546
test_Muroran_00365.jpg,1 451 407 593 563 8 8 336 265 556 8 401 423 553 598
test_Sumida_00030.jpg,8 361 427 531 558
test_Sumida_00165.jpg,2 0 419 213 553
test_Muroran_00023.jpg,5 116 319 551 600 5 4 298 361 600 5 317 335 582 579
test_Numazu_00361.jpg,2 0 183 272 517
test_Muroran_00295.jpg,5 241 468 396 575
test_Muroran_00179.jpg,2 372 440 484 594
test_Adachi_00219.jpg,1 306 375 470 499 5 328 389 466 495
test_Nagakute_00241.jpg,1 106 417 234 593 2 310 343 386 600 8 11 337 252 594
test_Numazu_00180.jpg,8 282 416 500 593
test_Ichihara_00046.jpg,2 126 410 305 578
test_Sumida_00123.jpg,2 0 392 222 539 8 6 420 170 517
test_Numazu_00108.jpg,5 448 410 595 568
test_Numazu_00288.jpg,2 308 430 426 577
test_Numazu_00258.jpg,2 0 183 272 517
test_Sumida_00096.jpg,2 0 413 164 524 2 223 430 306 550 8 422 437 592 578 8 475 494 588 580
test_Adachi_00262.jpg,7 62 391 582 562
test_Numazu_00372.jpg,2 121 303 260 600 6 215 296 520 570
test_Sumida_00118.jpg,2 0 183 272 517
test_Numazu_00385.jpg,5 13 358 196 595
test_Adachi_00327.jpg,8 438 377 599 533 8 52 379 251 552
test_Nagakute_00202.jpg,8 273 370 600 591 8 5 353 181 495
test_Numazu_00339.jpg,8 0 299 196 557 8 308 303 589 575 8 398 390 590 593
test_Nagakute_00217.jpg,1 159 390 277 600
test_Nagakute_00008.jpg,2 303 391 373 551 5 35 423 541 593 5 6 479 342 600
test_Chiba_00069.jpg,2 0 183 272 517
test_Numazu_00168.jpg,5 230 334 567 600 5 0 361 418 599 5 41 365 230 596 8 283 308 491 600 8 0 333 112 458
test_Chiba_00045.jpg,1 283 481 369 590 8 202 472 328 593
test_Sumida_00111.jpg,8 418 475 577 557
test_Numazu_00302.jpg,1 408 440 524 586 2 0 338 123 511
test_Muroran_00194.jpg,5 7 400 167 579
test_Numazu_00292.jpg,2 315 306 561 547
test_Numazu_00225.jpg,2 150 298 224 538 5 155 345 475 585
test_Sumida_00045.jpg,7 192 432 577 542
test_Sumida_00068.jpg,2 335 405 404 536
test_Muroran_00407.jpg,5 249 379 549 594
test_Muroran_00293.jpg,2 0 183 272 517
test_Muroran_00418.jpg,5 35 380 499 591
test_Ichihara_00030.jpg,5 60 386 311 600 5 116 385 600 600
test_Adachi_00117.jpg,2 0 183 272 517
test_Sumida_00106.jpg,2 0 183 272 517
test_Muroran_00153.jpg,1 105 432 266 594 8 3 334 258 580
test_Nagakute_00187.jpg,1 298 424 495 597 2 263 376 520 595 2 177 380 269 600 5 287 398 524 593
test_Adachi_00018.jpg,2 339 332 424 598
test_Muroran_00354.jpg,2 318 385 467 592
test_Numazu_00210.jpg,5 97 467 510 599 5 315 458 506 600 6 116 445 457 594
test_Ichihara_00026.jpg,8 441 484 559 599
test_Ichihara_00047.jpg,2 467 422 596 532
test_Adachi_00269.jpg,2 382 315 483 400 7 22 391 596 600
test_Adachi_00276.jpg,2 432 297 600 545
test_Nagakute_00190.jpg,1 32 344 218 562
test_Muroran_00425.jpg,8 277 341 340 600
test_Muroran_00074.jpg,2 0 183 272 517
test_Muroran_00130.jpg,5 60 381 493 599
test_Adachi_00153.jpg,1 276 426 363 599 8 371 330 507 449
test_Numazu_00395.jpg,2 48 379 227 596
test_Numazu_00366.jpg,2 291 369 438 584 2 2 390 109 584 7 80 269 389 338 8 406 365 598 575 8 243 434 325 585
test_Sumida_00166.jpg,2 327 387 393 540
test_Numazu_00259.jpg,1 336 450 420 600 1 463 431 575 537
test_Muroran_00315.jpg,5 85 345 591 598
test_Nagakute_00078.jpg,1 267 326 444 525 2 383 348 600 556 8 1 266 202 519
test_Numazu_00246.jpg,2 260 387 405 594 5 253 380 585 598
test_Chiba_00079.jpg,1 177 464 260 580 1 290 476 370 594
test_Numazu_00323.jpg,7 134 354 600 485
test_Numazu_00397.jpg,2 234 386 326 600
test_Numazu_00235.jpg,1 40 332 206 566 1 312 377 532 583 5 0 362 506 600 8 281 291 567 526
test_Numazu_00315.jpg,1 305 422 423 573 8 407 413 583 589 8 3 371 112 514 8 318 332 592 590
test_Chiba_00089.jpg,2 0 183 272 517
test_Adachi_00263.jpg,1 396 353 588 600
test_Adachi_00128.jpg,1 3 312 253 563 5 3 297 236 516
test_Muroran_00007.jpg,5 16 339 505 600
test_Numazu_00277.jpg,8 301 394 570 600 8 9 393 175 538
test_Nagakute_00109.jpg,2 236 292 421 544 2 304 385 471 600 3 74 432 331 493
test_Numazu_00281.jpg,5 18 344 248 572
test_Ichihara_00045.jpg,7 57 441 600 598
test_Muroran_00132.jpg,5 42 379 592 599
test_Muroran_00213.jpg,5 32 377 492 598 5 328 390 506 597
test_Muroran_00120.jpg,1 354 500 464 599 5 0 466 365 598
test_Numazu_00105.jpg,2 337 336 573 584
test_Nagakute_00201.jpg,5 207 407 390 598 8 23 404 186 600
test_Adachi_00096.jpg,2 294 307 414 590
test_Adachi_00270.jpg,2 188 347 255 600
test_Muroran_00419.jpg,5 30 343 550 593 5 281 315 561 578 5 2 337 272 592
test_Adachi_00289.jpg,8 4 295 259 600
test_Muroran_00298.jpg,2 374 386 583 597
test_Numazu_00036.jpg,5 55 325 313 581 8 355 402 551 589
test_Ichihara_00028.jpg,7 0 460 526 600
test_Numazu_00391.jpg,5 0 364 446 590
test_Nagakute_00244.jpg,1 301 406 420 536 8 1 320 193 500
test_Muroran_00294.jpg,5 140 447 339 600
test_Sumida_00193.jpg,2 189 406 282 543
test_Ichihara_00029.jpg,1 390 406 570 600 5 387 398 562 600
test_Muroran_00143.jpg,1 108 415 262 600 5 6 368 240 586 8 371 394 476 600
test_Sumida_00197.jpg,2 0 183 272 517
test_Sumida_00141.jpg,1 163 457 293 572 8 396 446 588 590 8 175 460 302 576
test_Muroran_00047.jpg,2 174 344 256 600 8 419 391 600 529
test_Muroran_00085.jpg,1 372 416 516 598 5 34 374 376 600
test_Muroran_00244.jpg,5 436 418 596 572 8 495 458 600 566 8 73 335 251 599
test_Muroran_00348.jpg,5 221 340 578 580
test_Nagakute_00250.jpg,7 2 383 600 600
test_Adachi_00154.jpg,1 398 389 568 587 2 401 387 569 600
test_Nagakute_00274.jpg,1 351 425 540 596 5 0 473 367 599 5 8 459 209 599 5 125 482 521 599 8 352 427 544 600
test_Adachi_00085.jpg,2 159 305 264 590
test_Adachi_00261.jpg,2 6 160 155 476
test_Sumida_00031.jpg,8 373 412 556 567
test_Muroran_00100.jpg,2 0 183 272 517
test_Nagakute_00198.jpg,1 247 420 312 600 2 250 408 308 600
test_Nagakute_00139.jpg,1 36 378 157 599 5 280 423 527 597 8 0 296 122 506
test_Numazu_00229.jpg,2 0 307 101 516
test_Adachi_00073.jpg,2 418 465 545 596 8 338 381 448 486 8 353 423 550 485
test_Muroran_00031.jpg,5 22 366 518 599
test_Muroran_00257.jpg,5 40 374 473 594 5 70 336 291 577
test_Muroran_00357.jpg,5 37 412 539 596
test_Numazu_00370.jpg,2 252 363 332 591
test_Nagakute_00168.jpg,4 21 458 467 567 8 4 327 161 477
test_Adachi_00165.jpg,7 27 191 579 395
test_Adachi_00208.jpg,2 117 400 211 512 5 362 328 571 598 5 148 383 600 591 8 420 389 574 600
test_Adachi_00086.jpg,1 150 328 253 510 1 315 297 424 410 1 7 324 142 422
test_Adachi_00273.jpg,2 141 256 281 600 8 215 283 396 423
test_Adachi_00225.jpg,8 32 287 258 522 8 78 142 426 401 8 25 226 204 456
test_Adachi_00030.jpg,7 0 175 530 373
test_Muroran_00204.jpg,1 162 327 370 593 5 106 335 443 591
test_Numazu_00240.jpg,2 259 371 413 600
test_Muroran_00328.jpg,1 309 404 373 599 1 169 428 282 600
test_Sumida_00043.jpg,2 327 449 388 571
test_Adachi_00228.jpg,7 36 332 600 600
test_Muroran_00008.jpg,5 155 335 562 595 5 0 434 155 596 5 0 350 391 600
test_Adachi_00029.jpg,8 3 208 203 363
test_Muroran_00384.jpg,2 382 351 574 595 5 371 367 590 599 5 431 489 575 591
test_Numazu_00250.jpg,2 308 311 570 592 2 100 323 252 587 2 378 398 548 595 8 414 373 587 529
test_Adachi_00240.jpg,2 0 183 272 517
test_Nagakute_00227.jpg,5 163 368 323 534
test_Ichihara_00038.jpg,1 412 394 498 574
test_Nagakute_00127.jpg,1 284 517 397 600
test_Adachi_00197.jpg,2 341 232 422 418 8 396 413 489 585
test_Muroran_00420.jpg,1 323 363 397 474 8 367 393 590 599
test_Adachi_00105.jpg,1 106 219 227 600 2 498 224 599 346
test_Numazu_00095.jpg,5 235 301 392 593 7 18 405 452 594 8 3 417 304 592
test_Muroran_00297.jpg,2 360 358 584 549 5 146 430 289 545
test_Nagakute_00226.jpg,1 89 359 177 475 8 267 351 550 592
test_Chiba_00052.jpg,2 0 183 272 517
test_Muroran_00115.jpg,2 298 341 356 599
test_Muroran_00058.jpg,8 0 503 105 600
test_Muroran_00381.jpg,2 118 346 193 588
test_Sumida_00151.jpg,2 366 383 511 549 2 419 435 504 542
test_Nagakute_00173.jpg,1 112 473 484 600 5 52 454 600 600 7 199 335 600 461 7 50 330 579 550
test_Chiba_00034.jpg,2 289 398 410 548
test_Muroran_00059.jpg,2 305 382 374 499 7 17 478 577 600
test_Numazu_00097.jpg,5 113 408 292 598
test_Numazu_00233.jpg,1 145 359 325 577
test_Chiba_00038.jpg,8 305 459 500 599
test_Adachi_00314.jpg,2 373 365 546 596
test_Sumida_00059.jpg,2 327 408 414 545
test_Sumida_00205.jpg,8 381 423 574 568
test_Muroran_00321.jpg,5 110 372 595 600 8 408 501 525 600
test_Nagakute_00016.jpg,5 114 370 387 598 5 372 418 600 598
test_Numazu_00268.jpg,8 120 363 304 600
test_Adachi_00246.jpg,7 0 142 487 328 7 75 139 600 273 8 346 276 436 435
test_Numazu_00384.jpg,7 31 300 584 462
test_Adachi_00087.jpg,2 346 438 410 591
test_Numazu_00170.jpg,7 160 346 511 511
test_Adachi_00127.jpg,1 136 464 215 596 8 364 308 597 562
test_Adachi_00172.jpg,1 137 215 282 471
test_Sumida_00041.jpg,2 0 183 272 517
test_Numazu_00193.jpg,1 45 419 155 578
test_Sumida_00028.jpg,2 364 419 481 552
test_Muroran_00376.jpg,5 55 356 408 522
test_Adachi_00237.jpg,8 270 310 599 517
test_Nagakute_00239.jpg,1 224 413 330 592
test_Ichihara_00042.jpg,1 384 397 514 477 8 0 478 155 598
test_Nagakute_00181.jpg,5 44 356 524 600
test_Sumida_00135.jpg,8 475 506 594 596
test_Numazu_00083.jpg,5 0 356 361 594 8 212 342 509 589
test_Muroran_00180.jpg,2 0 183 272 517
test_Muroran_00269.jpg,5 0 369 569 599
test_Numazu_00030.jpg,8 187 300 346 550
test_Chiba_00002.jpg,7 0 510 373 598
test_Numazu_00336.jpg,8 385 454 598 596 8 291 327 547 596 8 305 323 478 498 8 66 295 221 587
test_Adachi_00035.jpg,4 234 453 600 548
test_Nagakute_00030.jpg,1 345 457 586 596 2 265 356 357 599
test_Muroran_00035.jpg,1 59 409 219 598 8 446 388 599 536 8 389 442 502 572
test_Muroran_00424.jpg,5 59 411 600 598
test_Muroran_00186.jpg,1 272 335 325 534 8 0 335 221 561 8 358 366 472 507
test_Muroran_00326.jpg,5 46 373 279 600
test_Muroran_00417.jpg,2 392 340 597 598 2 0 398 186 576 8 186 386 337 550
test_Muroran_00398.jpg,5 345 442 560 591
test_Nagakute_00260.jpg,2 259 301 507 596 3 348 419 569 483 3 241 350 527 537
test_Muroran_00053.jpg,2 0 183 272 517
test_Sumida_00091.jpg,5 161 386 281 484
test_Sumida_00170.jpg,2 313 386 404 533
test_Muroran_00413.jpg,2 417 362 531 599 7 64 302 259 404
test_Muroran_00388.jpg,5 13 331 291 600 5 82 370 589 595 5 332 453 564 591
test_Adachi_00061.jpg,1 416 248 600 446 2 0 357 157 589
test_Nagakute_00074.jpg,5 120 341 287 600 8 453 367 600 493
test_Nagakute_00043.jpg,1 121 430 211 595 1 298 388 444 567 8 4 305 210 504
test_Adachi_00196.jpg,2 336 314 556 580
test_Muroran_00078.jpg,2 0 183 272 517
test_Adachi_00013.jpg,2 424 398 544 590
test_Numazu_00064.jpg,2 0 183 272 517
test_Muroran_00273.jpg,2 15 329 193 593
test_Nagakute_00041.jpg,1 228 493 384 600
test_Nagakute_00057.jpg,2 393 476 479 596
test_Ichihara_00002.jpg,1 377 427 531 589 8 20 443 201 596
test_Nagakute_00221.jpg,1 342 460 599 599
test_Muroran_00109.jpg,5 64 360 543 595
test_Numazu_00161.jpg,8 299 267 591 513 8 7 288 200 466
test_Adachi_00250.jpg,2 303 309 442 597
test_Muroran_00138.jpg,5 111 368 554 596
test_Muroran_00211.jpg,2 181 452 381 596 5 480 458 599 600
test_Nagakute_00061.jpg,7 0 444 491 600
test_Numazu_00006.jpg,2 0 183 272 517
test_Numazu_00353.jpg,2 306 350 471 600
test_Numazu_00201.jpg,2 317 471 387 598 2 445 470 511 599
test_Muroran_00391.jpg,2 336 377 430 599
test_Muroran_00219.jpg,2 340 352 595 568 2 270 364 358 600
test_Sumida_00018.jpg,8 437 487 599 578
test_Numazu_00147.jpg,5 4 423 405 595
test_Muroran_00344.jpg,5 30 396 581 595
test_Numazu_00013.jpg,2 0 183 272 517
test_Numazu_00261.jpg,2 80 272 236 591 2 84 371 182 586 2 139 270 220 467 5 42 368 212 585
test_Adachi_00098.jpg,1 392 410 486 526 2 162 377 258 585 7 202 302 600 388
test_Nagakute_00113.jpg,2 85 265 245 559
test_Numazu_00110.jpg,2 312 334 585 586 5 151 364 315 596 8 337 336 559 576 8 160 355 295 554
test_Adachi_00321.jpg,2 305 338 474 600
test_Chiba_00061.jpg,2 0 183 272 517
test_Adachi_00217.jpg,7 0 327 491 538
test_Nagakute_00116.jpg,1 328 387 508 598 1 165 437 252 581 1 309 386 420 506
test_Chiba_00011.jpg,2 375 446 592 578
test_Muroran_00310.jpg,1 469 426 596 538
test_Numazu_00178.jpg,5 102 480 439 594
test_Ichihara_00023.jpg,1 398 395 593 582 8 383 385 600 585
test_Adachi_00275.jpg,2 433 304 598 586
test_Numazu_00306.jpg,1 203 280 332 440
test_Nagakute_00140.jpg,2 237 396 416 600
test_Muroran_00098.jpg,2 392 415 595 592 8 7 481 118 595
test_Nagakute_00031.jpg,7 0 419 582 600
test_Numazu_00063.jpg,5 0 355 456 581 5 15 358 271 529 5 199 319 378 507
test_Muroran_00137.jpg,1 371 408 480 564 1 290 394 424 592
test_Nagakute_00038.jpg,5 133 455 259 556 8 0 403 181 600
test_Nagakute_00262.jpg,1 277 383 411 583 8 0 350 162 506
test_Adachi_00201.jpg,2 315 470 391 599 2 500 487 597 582 8 374 384 479 465
test_Muroran_00111.jpg,5 258 402 461 597 8 344 444 448 600
test_Muroran_00416.jpg,5 292 417 504 503 5 71 397 313 485
test_Chiba_00058.jpg,1 302 433 392 539
test_Nagakute_00149.jpg,2 373 407 526 511
test_Adachi_00318.jpg,7 127 143 586 260 8 0 506 200 591
test_Sumida_00056.jpg,7 51 459 545 554
test_Adachi_00161.jpg,8 147 346 454 595
test_Nagakute_00093.jpg,8 18 361 195 598 8 322 418 592 596
test_Nagakute_00147.jpg,1 53 423 182 600
test_Numazu_00093.jpg,2 0 183 272 517
test_Numazu_00192.jpg,2 118 276 212 434 2 16 292 195 600 5 331 321 600 592
test_Nagakute_00072.jpg,1 220 440 276 600
test_Adachi_00020.jpg,1 96 198 258 456 1 84 335 175 507 8 260 113 342 448
test_Sumida_00015.jpg,1 348 455 417 543 8 324 413 464 554
test_Muroran_00068.jpg,5 75 334 278 592 5 206 458 561 599 5 408 471 595 597 5 457 330 595 441 8 417 375 552 506
test_Numazu_00071.jpg,8 26 343 185 588
test_Adachi_00054.jpg,1 5 331 106 434
test_Sumida_00006.jpg,1 80 463 204 554 8 17 464 182 563
test_Numazu_00132.jpg,5 31 340 432 599
test_Muroran_00246.jpg,1 314 351 425 600
test_Numazu_00401.jpg,1 135 399 239 552 8 316 387 597 599
test_Numazu_00103.jpg,5 234 372 561 527
test_Sumida_00016.jpg,2 219 434 294 545
test_Muroran_00255.jpg,5 26 315 510 596 5 260 325 597 595
test_Numazu_00078.jpg,6 128 383 356 597 8 191 386 363 599
test_Muroran_00343.jpg,2 0 183 272 517
test_Nagakute_00066.jpg,2 278 353 325 595
test_Muroran_00060.jpg,1 424 444 598 580 1 128 457 216 581
test_Numazu_00350.jpg,2 308 319 361 588
test_Chiba_00021.jpg,1 440 479 587 578 5 299 466 393 583
test_Nagakute_00197.jpg,2 143 396 197 595
test_Adachi_00268.jpg,1 247 322 368 433
test_Muroran_00245.jpg,2 244 365 311 600 3 84 503 311 556
test_Numazu_00220.jpg,5 245 325 519 580 6 246 350 489 588
test_Muroran_00117.jpg,2 193 423 283 598 2 0 410 174 562
test_Adachi_00088.jpg,2 188 280 273 483 2 36 264 215 572
test_Numazu_00308.jpg,5 50 483 227 598
test_Muroran_00183.jpg,5 112 291 496 600 5 9 322 328 590 5 238 346 593 597
test_Sumida_00055.jpg,2 338 431 405 547 8 384 431 540 562 8 116 443 233 557
test_Nagakute_00265.jpg,2 346 362 599 597 2 146 310 273 534 8 330 364 600 600
test_Sumida_00195.jpg,2 0 183 272 517
test_Nagakute_00135.jpg,1 164 506 347 594 8 8 375 211 600 8 351 369 600 583
test_Sumida_00063.jpg,2 399 421 600 527 2 149 428 287 527
test_Adachi_00099.jpg,8 37 292 202 600
test_Adachi_00257.jpg,7 23 172 500 310
test_Numazu_00088.jpg,5 37 394 514 600 5 301 435 600 595 8 4 359 196 593 8 411 472 588 597 8 2 436 135 596
test_Chiba_00068.jpg,2 0 183 272 517
test_Muroran_00070.jpg,2 151 341 268 600
test_Sumida_00224.jpg,7 143 431 600 551
test_Nagakute_00007.jpg,2 49 333 243 600 5 141 327 589 586 5 192 385 356 590
test_Muroran_00286.jpg,5 54 374 485 600
test_Numazu_00090.jpg,2 314 410 407 587 4 97 383 331 427
test_Numazu_00251.jpg,8 330 417 449 536
test_Muroran_00012.jpg,5 342 391 595 595
test_Nagakute_00025.jpg,1 58 404 166 541
test_Muroran_00352.jpg,5 110 364 600 591 5 123 395 415 594
test_Muroran_00278.jpg,2 0 183 272 517
test_Muroran_00116.jpg,6 73 381 600 587
test_Numazu_00113.jpg,2 113 303 240 587 5 334 341 588 572 8 7 301 186 492 8 103 306 241 592
test_Muroran_00262.jpg,5 114 324 582 600
test_Muroran_00243.jpg,2 413 393 520 521 5 168 325 551 577 8 0 281 223 600
test_Sumida_00044.jpg,2 356 415 475 549
test_Sumida_00052.jpg,2 106 409 249 563
test_Sumida_00095.jpg,2 0 183 272 517
test_Muroran_00422.jpg,2 0 183 272 517
test_Adachi_00120.jpg,2 380 243 560 527
test_Muroran_00342.jpg,2 382 409 593 592 5 0 366 367 593 5 185 418 504 599
test_Nagakute_00004.jpg,1 432 455 582 595 5 84 467 258 600
test_Sumida_00035.jpg,2 325 406 410 541 8 472 442 598 513
test_Adachi_00287.jpg,2 429 332 579 524
test_Adachi_00139.jpg,1 451 420 588 597
test_Adachi_00070.jpg,2 346 366 509 599
test_Muroran_00022.jpg,5 34 445 364 598 8 318 383 382 545
test_Nagakute_00134.jpg,1 1 432 249 600 2 241 315 404 587
test_Sumida_00046.jpg,2 318 408 378 543
test_Sumida_00087.jpg,2 379 424 489 577
test_Numazu_00221.jpg,2 272 368 345 598 2 245 300 359 600 8 307 330 396 436
test_Nagakute_00096.jpg,1 336 377 467 547 1 193 492 333 595 2 14 285 142 397
test_Sumida_00027.jpg,1 340 430 407 552
test_Adachi_00296.jpg,2 371 312 596 559
test_Ichihara_00014.jpg,1 155 483 267 600 2 415 432 598 581
test_Muroran_00091.jpg,1 9 422 172 600 1 203 458 361 600 1 35 418 144 540 2 307 351 481 594 8 311 354 416 477
test_Adachi_00330.jpg,5 151 219 352 345 5 390 216 594 365 5 161 210 600 361 7 58 322 600 600
test_Adachi_00315.jpg,7 52 180 547 272
test_Sumida_00082.jpg,2 0 183 272 517
test_Muroran_00247.jpg,8 67 371 208 598
test_Nagakute_00032.jpg,2 131 358 221 600
test_Sumida_00053.jpg,8 340 425 431 538
test_Adachi_00277.jpg,2 9 347 103 471
test_Sumida_00128.jpg,8 71 394 172 541
test_Muroran_00172.jpg,5 0 395 468 600
test_Nagakute_00248.jpg,1 68 470 189 594 8 231 314 600 591
test_Numazu_00062.jpg,5 280 413 533 592 5 74 401 199 544 8 261 301 580 541
test_Muroran_00083.jpg,5 230 313 355 503 5 173 325 574 587
test_Nagakute_00259.jpg,1 310 389 491 598 8 3 318 216 600
test_Numazu_00239.jpg,2 0 183 272 517
test_Muroran_00335.jpg,5 347 413 582 600 5 44 339 226 597 5 12 351 454 595
test_Nagakute_00235.jpg,1 255 430 453 593 8 2 337 188 506
test_Numazu_00212.jpg,8 319 434 597 598
test_Numazu_00342.jpg,1 103 367 274 597
test_Nagakute_00176.jpg,2 140 410 230 600
test_Muroran_00003.jpg,5 139 363 453 594
test_Muroran_00409.jpg,5 67 372 552 596
test_Nagakute_00246.jpg,2 252 371 339 600
test_Numazu_00206.jpg,2 0 183 272 517
test_Sumida_00212.jpg,2 0 183 272 517
test_Numazu_00053.jpg,1 352 378 498 586 2 357 376 496 577 8 398 369 597 568
test_Sumida_00156.jpg,2 194 450 269 559
test_Muroran_00142.jpg,2 0 183 272 517
test_Nagakute_00130.jpg,1 176 435 246 600
test_Numazu_00389.jpg,5 0 353 590 596
test_Adachi_00185.jpg,1 240 342 410 600
test_Sumida_00007.jpg,1 153 427 327 530 5 155 432 350 538 8 6 419 86 551
test_Muroran_00052.jpg,1 74 394 310 584 1 395 373 594 510 1 261 497 352 598
test_Chiba_00041.jpg,2 0 183 272 517
test_Numazu_00072.jpg,8 2 284 203 499 8 172 280 253 389
test_Sumida_00076.jpg,2 343 430 414 558
test_Sumida_00186.jpg,8 388 452 594 597
test_Sumida_00088.jpg,2 0 183 272 517
test_Sumida_00080.jpg,8 332 396 431 536
test_Sumida_00019.jpg,7 106 463 600 569
test_Sumida_00131.jpg,8 148 436 263 560
test_Muroran_00206.jpg,1 354 508 509 598 5 0 359 336 593
test_Adachi_00238.jpg,2 225 194 286 492
test_Muroran_00263.jpg,1 282 391 465 597 5 291 387 474 598 5 0 392 72 596
test_Muroran_00128.jpg,2 427 379 579 520 8 21 397 194 600
test_Numazu_00272.jpg,5 209 321 361 583 8 301 314 394 439
test_Muroran_00300.jpg,2 0 183 272 517
test_Adachi_00220.jpg,2 0 183 272 517
test_Sumida_00137.jpg,2 8 432 163 537 2 334 436 411 545
test_Muroran_00318.jpg,2 301 374 353 599 5 4 433 226 599
test_Numazu_00343.jpg,7 0 397 538 599
test_Adachi_00198.jpg,2 353 299 590 534
test_Muroran_00252.jpg,2 299 311 370 552
test_Sumida_00145.jpg,8 376 437 553 560
test_Muroran_00224.jpg,5 2 373 237 588 8 322 405 408 592
test_Muroran_00334.jpg,2 249 327 442 483 2 276 352 498 539
test_Numazu_00360.jpg,1 173 306 252 567 5 0 280 265 593 8 315 292 579 580 8 0 289 160 489
test_Muroran_00401.jpg,8 310 428 411 594
test_Nagakute_00067.jpg,1 137 389 355 593
test_Nagakute_00019.jpg,2 395 305 591 488
test_Numazu_00197.jpg,2 0 183 272 517
test_Muroran_00113.jpg,5 122 370 320 600 5 401 362 592 566
test_Nagakute_00153.jpg,7 0 427 558 600
test_Sumida_00064.jpg,2 110 405 198 523
test_Muroran_00216.jpg,5 10 367 522 600 5 0 366 230 600
test_Numazu_00208.jpg,1 261 452 337 596 8 323 422 432 510
test_Sumida_00013.jpg,2 415 450 597 597
test_Nagakute_00183.jpg,1 193 415 314 599 8 3 367 125 506 8 184 360 288 442
test_Muroran_00379.jpg,5 134 429 308 600
test_Adachi_00223.jpg,2 0 183 272 517
test_Nagakute_00048.jpg,1 56 427 194 594 2 256 372 418 598 8 270 384 415 598
test_Muroran_00241.jpg,2 177 289 249 433 7 0 424 498 597 8 57 302 193 429
test_Adachi_00059.jpg,2 119 282 291 593
test_Sumida_00144.jpg,2 0 183 272 517
test_Adachi_00160.jpg,2 313 336 397 569
test_Muroran_00154.jpg,5 75 395 485 598
test_Adachi_00138.jpg,2 434 295 596 553
test_Numazu_00400.jpg,2 112 417 196 600 2 271 381 351 600
test_Muroran_00067.jpg,1 361 422 562 600 5 365 423 551 598 8 105 455 241 600
test_Muroran_00026.jpg,2 119 356 274 600 2 324 320 511 600
test_Adachi_00179.jpg,5 236 349 568 600 5 0 424 521 599 8 295 311 498 583
test_Chiba_00063.jpg,8 446 475 599 579
test_Sumida_00167.jpg,8 406 455 589 599
test_Adachi_00231.jpg,1 383 181 594 482 1 162 128 289 504
test_Adachi_00260.jpg,2 443 346 594 483
test_Sumida_00024.jpg,2 212 397 302 521 8 350 430 447 538
test_Nagakute_00122.jpg,2 234 319 354 521 3 101 378 284 432
test_Adachi_00320.jpg,1 149 257 232 414 2 350 167 460 519 2 309 136 422 429 8 300 172 382 364
test_Numazu_00159.jpg,1 7 411 174 598
test_Adachi_00074.jpg,1 425 423 567 600
test_Muroran_00405.jpg,2 268 322 436 595
test_Chiba_00039.jpg,2 0 183 272 517
test_Muroran_00066.jpg,5 0 372 477 594
test_Muroran_00148.jpg,2 311 389 367 527 8 499 471 598 592 8 72 394 271 600
test_Muroran_00144.jpg,5 70 442 477 598
test_Muroran_00013.jpg,2 0 183 272 517
test_Sumida_00036.jpg,2 24 439 202 569
test_Muroran_00228.jpg,5 200 432 526 598
test_Muroran_00349.jpg,2 134 334 210 599 8 311 376 418 481
test_Muroran_00364.jpg,8 116 380 281 600
test_Sumida_00202.jpg,2 260 424 312 563
test_Adachi_00302.jpg,2 0 183 272 517
test_Nagakute_00182.jpg,8 288 330 482 562
test_Nagakute_00242.jpg,2 0 384 181 600 2 294 357 432 600
test_Chiba_00082.jpg,2 0 183 272 517
test_Ichihara_00019.jpg,1 238 498 340 597 8 5 437 211 596
test_Numazu_00237.jpg,5 48 398 414 599 5 70 434 218 599 5 233 416 431 597
test_Muroran_00353.jpg,2 0 183 272 517
test_Sumida_00021.jpg,2 0 183 272 517
test_Numazu_00325.jpg,2 0 183 272 517
test_Numazu_00262.jpg,1 50 360 184 461 8 288 278 582 589 8 193 426 303 596
test_Numazu_00207.jpg,7 193 263 458 341
test_Adachi_00215.jpg,2 346 201 523 593
test_Muroran_00412.jpg,5 12 361 476 600 5 209 377 581 596
test_Adachi_00324.jpg,2 163 374 280 595 2 408 394 592 540
test_Numazu_00141.jpg,2 240 344 336 592 8 296 326 518 598
test_Sumida_00122.jpg,7 60 439 532 525
test_Sumida_00116.jpg,2 0 183 272 517
test_Nagakute_00258.jpg,5 355 451 491 564
test_Adachi_00002.jpg,2 77 192 302 600 2 147 195 290 493
test_Sumida_00200.jpg,1 259 440 368 559
test_Numazu_00198.jpg,1 244 300 384 533 5 115 339 600 586 5 244 315 384 593
test_Numazu_00059.jpg,7 8 363 587 584
test_Muroran_00258.jpg,1 13 358 170 600 1 247 386 383 598 1 227 341 337 564 5 12 336 181 600 8 357 413 536 597
test_Numazu_00016.jpg,2 294 314 463 562
test_Muroran_00044.jpg,5 46 370 600 600 5 6 404 361 598
test_Sumida_00104.jpg,2 244 409 384 535
test_Nagakute_00261.jpg,8 8 330 215 524
test_Sumida_00211.jpg,8 340 404 547 560
test_Adachi_00022.jpg,1 288 488 400 599 1 189 354 272 487
test_Adachi_00095.jpg,2 190 350 287 596
test_Muroran_00272.jpg,2 370 397 534 570 8 374 407 536 564
test_Adachi_00294.jpg,2 348 240 509 551 2 397 321 540 588 2 358 247 460 438 7 186 189 520 249
test_Adachi_00084.jpg,1 382 475 489 598 8 42 408 267 597
test_Muroran_00127.jpg,5 263 460 402 593 8 411 333 593 453
test_Adachi_00019.jpg,8 353 437 475 596
test_Adachi_00136.jpg,2 290 88 463 251 7 0 242 555 597
test_Sumida_00154.jpg,8 249 407 343 452
test_Numazu_00188.jpg,2 0 183 272 517
test_Nagakute_00141.jpg,3 143 373 317 430
test_Adachi_00091.jpg,1 137 383 312 599
test_Chiba_00044.jpg,2 0 183 272 517
test_Muroran_00082.jpg,5 0 316 519 596
test_Muroran_00050.jpg,5 193 363 600 594
test_Nagakute_00105.jpg,2 342 453 487 599
test_Muroran_00167.jpg,5 0 331 404 595
test_Sumida_00017.jpg,1 192 429 308 527
test_Adachi_00063.jpg,2 477 284 596 439
test_Numazu_00387.jpg,1 264 387 322 585
test_Numazu_00399.jpg,5 339 373 574 567 6 0 312 306 505
test_Sumida_00103.jpg,7 127 467 600 569
test_Muroran_00057.jpg,5 215 382 516 567 6 267 382 463 541
test_Muroran_00061.jpg,1 428 340 593 524 2 280 419 339 597 2 236 354 349 600 8 65 6 484 164
test_Muroran_00077.jpg,5 25 381 355 600
test_Nagakute_00028.jpg,2 117 448 193 596
test_Muroran_00331.jpg,5 0 325 94 516 7 92 357 583 520
test_Numazu_00040.jpg,8 22 275 212 600 8 356 324 594 476
test_Ichihara_00032.jpg,7 40 475 600 600
test_Muroran_00170.jpg,2 0 183 272 517
test_Muroran_00185.jpg,5 53 334 569 600 5 3 310 333 587
test_Nagakute_00110.jpg,2 330 231 577 499 8 17 270 237 549
test_Nagakute_00210.jpg,8 57 398 285 505
test_Muroran_00250.jpg,2 389 371 509 563 5 146 407 288 593 5 89 401 557 596 8 273 471 337 599
test_Chiba_00037.jpg,7 162 493 600 592
test_Sumida_00221.jpg,2 0 183 272 517
test_Numazu_00152.jpg,2 0 183 272 517
test_Muroran_00182.jpg,1 187 415 273 591
test_Sumida_00089.jpg,7 65 442 600 544
test_Muroran_00288.jpg,5 125 337 515 592
test_Muroran_00150.jpg,5 263 298 466 446 5 226 423 572 600 5 249 286 515 545
test_Chiba_00031.jpg,2 71 462 190 596
test_Sumida_00075.jpg,2 216 400 288 547
test_Numazu_00075.jpg,5 97 400 259 594
test_Numazu_00234.jpg,1 241 373 304 579
test_Numazu_00091.jpg,1 188 405 268 594 8 17 281 211 600
test_Chiba_00094.jpg,2 0 183 272 517
test_Adachi_00078.jpg,1 372 311 513 465 8 375 247 598 432
test_Sumida_00012.jpg,2 370 441 501 591
test_Muroran_00306.jpg,2 285 343 335 600
test_Sumida_00073.jpg,2 254 403 348 537
test_Muroran_00171.jpg,5 59 355 600 595
test_Muroran_00105.jpg,8 377 506 522 598
test_Nagakute_00263.jpg,1 288 358 492 576
test_Adachi_00062.jpg,7 49 359 537 493
test_Adachi_00122.jpg,1 147 247 390 570
test_Sumida_00121.jpg,8 1 437 225 570
test_Muroran_00380.jpg,1 123 460 242 596 5 122 459 243 599 8 394 414 593 599
test_Adachi_00016.jpg,1 367 333 496 572
test_Muroran_00187.jpg,5 0 375 443 598 5 227 361 416 586
test_Adachi_00221.jpg,1 383 416 481 534 8 395 378 554 550
test_Adachi_00317.jpg,2 0 343 153 493 8 446 368 597 492
test_Adachi_00207.jpg,1 415 243 582 424
test_Adachi_00218.jpg,2 446 215 559 538 7 0 224 360 522
test_Adachi_00015.jpg,1 109 124 251 515
test_Adachi_00209.jpg,1 398 282 520 456 2 2 171 171 487
test_Numazu_00186.jpg,5 245 339 559 520 5 263 339 435 471
test_Numazu_00304.jpg,2 283 253 582 578 8 289 261 600 591
test_Sumida_00222.jpg,2 0 183 272 517
test_Numazu_00153.jpg,8 398 397 599 600
test_Nagakute_00273.jpg,1 70 474 159 598 2 239 225 312 510 5 309 320 581 590 8 9 234 209 584
test_Muroran_00032.jpg,5 37 338 473 593 5 328 386 600 580 8 382 379 600 565
test_Numazu_00377.jpg,2 78 347 252 588
test_Adachi_00234.jpg,2 0 183 272 517
test_Nagakute_00272.jpg,1 444 420 580 528
test_Chiba_00060.jpg,8 199 474 329 591
test_Numazu_00182.jpg,1 63 510 158 600 1 292 442 430 599 2 292 423 426 600 5 285 444 427 600
test_Adachi_00293.jpg,2 0 183 272 517
test_Ichihara_00005.jpg,2 471 431 597 556
test_Nagakute_00118.jpg,8 328 363 591 600
test_Sumida_00054.jpg,2 0 183 272 517
test_Numazu_00054.jpg,2 249 369 346 600
test_Nagakute_00188.jpg,8 291 380 503 597
test_Numazu_00058.jpg,5 64 425 351 595
test_Adachi_00082.jpg,2 90 266 261 448 2 502 238 598 374
test_Muroran_00307.jpg,5 81 405 574 599 5 0 465 69 593
test_Adachi_00003.jpg,2 0 322 170 469
test_Muroran_00010.jpg,2 141 380 275 600 2 302 367 352 600
test_Numazu_00404.jpg,6 214 360 500 581
test_Numazu_00227.jpg,5 106 404 595 598 5 348 433 590 590 8 44 357 226 589
test_Nagakute_00011.jpg,5 116 314 529 535 7 66 322 539 563 8 213 314 517 543
test_Muroran_00254.jpg,1 372 383 588 581 1 353 362 534 515 1 98 370 191 471 8 342 389 434 526 8 5 384 160 573
test_Nagakute_00033.jpg,1 73 490 160 600 2 232 362 502 600
test_Muroran_00175.jpg,5 66 394 539 595
test_Sumida_00057.jpg,7 191 432 575 542
test_Numazu_00122.jpg,1 2 392 131 576
test_Sumida_00127.jpg,2 0 183 272 517
test_Sumida_00149.jpg,2 0 183 272 517
test_Numazu_00024.jpg,2 182 384 246 590 3 228 428 475 484 8 375 343 600 559 8 1 337 152 523
test_Nagakute_00005.jpg,5 43 418 301 600
test_Chiba_00093.jpg,5 294 455 376 595
test_Muroran_00358.jpg,2 0 183 272 517
test_Sumida_00092.jpg,2 0 183 272 517
test_Adachi_00093.jpg,2 214 349 270 599 2 220 287 286 528 2 366 274 444 571 8 162 341 600 549 8 109 335 516 469
test_Numazu_00106.jpg,5 94 408 600 585
test_Muroran_00051.jpg,1 8 444 163 597 5 253 326 546 600 5 6 381 158 537
test_Muroran_00209.jpg,5 96 348 600 594
test_Nagakute_00024.jpg,5 0 450 353 598
test_Sumida_00183.jpg,2 0 183 272 517
test_Numazu_00079.jpg,1 214 411 280 573 8 282 390 574 593
test_Adachi_00056.jpg,2 347 240 507 545 2 399 333 537 590 2 358 248 461 445 7 182 190 517 251
test_Numazu_00158.jpg,2 314 286 474 575
test_Nagakute_00269.jpg,5 0 334 420 583
test_Sumida_00177.jpg,8 452 433 598 551
test_Numazu_00050.jpg,7 43 392 600 583
test_Nagakute_00223.jpg,5 199 386 415 544
test_Numazu_00236.jpg,5 0 344 482 600 6 38 372 274 584
test_Muroran_00362.jpg,5 191 367 468 600 8 473 462 600 583
test_Muroran_00316.jpg,5 71 356 289 600
test_Numazu_00167.jpg,7 0 375 500 600
test_Nagakute_00207.jpg,2 258 244 465 563 2 312 264 593 517 3 358 409 546 476
test_Numazu_00253.jpg,2 295 305 537 586
test_Chiba_00003.jpg,2 401 448 571 580 8 116 490 300 596
test_Muroran_00118.jpg,2 298 379 361 597 5 329 414 600 600
test_Nagakute_00082.jpg,1 406 379 515 475 1 408 366 600 515 2 103 353 279 598
test_Adachi_00202.jpg,2 99 380 298 589
test_Muroran_00411.jpg,5 0 362 440 596
test_Adachi_00076.jpg,8 186 281 520 543 8 61 274 329 518 8 19 261 197 596
test_Muroran_00369.jpg,7 0 434 537 600
test_Muroran_00400.jpg,2 345 437 438 600
test_Adachi_00316.jpg,1 176 396 238 592
test_Ichihara_00016.jpg,2 0 183 272 517
test_Nagakute_00271.jpg,1 412 410 569 597 2 319 461 405 594 8 83 266 223 600
test_Muroran_00166.jpg,5 27 411 550 591
test_Nagakute_00107.jpg,2 138 377 224 600 8 260 328 508 581 8 266 320 443 486
test_Chiba_00032.jpg,1 410 458 582 590
test_Muroran_00191.jpg,1 0 450 359 592 5 78 455 600 600
test_Adachi_00278.jpg,8 360 303 600 525
test_Numazu_00392.jpg,2 272 321 347 575
test_Numazu_00314.jpg,2 263 387 330 600
test_Numazu_00015.jpg,5 19 295 389 582
test_Adachi_00310.jpg,2 308 105 419 518 2 330 213 448 586
test_Nagakute_00018.jpg,1 6 385 119 502
test_Chiba_00009.jpg,8 223 508 389 594
test_Sumida_00178.jpg,2 0 183 272 517
test_Nagakute_00050.jpg,8 259 400 381 600
test_Numazu_00026.jpg,1 263 313 385 445
test_Muroran_00393.jpg,5 42 400 536 600
test_Numazu_00044.jpg,2 127 286 231 589
test_Muroran_00291.jpg,1 231 340 298 600
test_Muroran_00363.jpg,1 168 480 261 598 2 411 385 582 557 8 400 380 582 557
test_Adachi_00169.jpg,1 181 314 305 572 2 345 294 600 421
test_Adachi_00267.jpg,2 389 284 467 520
test_Chiba_00028.jpg,2 0 183 272 517
test_Sumida_00214.jpg,8 74 458 205 565
test_Adachi_00044.jpg,2 91 149 228 427 2 5 155 156 285 2 55 198 199 531
test_Muroran_00203.jpg,5 183 353 519 516 5 119 363 600 580
test_Numazu_00305.jpg,1 16 460 197 598 8 0 420 362 539
test_Muroran_00168.jpg,5 238 364 600 593
test_Numazu_00140.jpg,8 193 520 600 600
test_Numazu_00008.jpg,2 0 183 272 517
test_Chiba_00062.jpg,2 0 183 272 517
test_Nagakute_00165.jpg,2 5 367 181 592 4 25 367 575 459 4 170 480 600 585
test_Sumida_00155.jpg,2 67 420 434 557 2 147 430 286 554
test_Muroran_00129.jpg,2 104 435 205 600 2 361 363 573 597 2 111 348 246 600
test_Sumida_00129.jpg,2 184 446 306 564 2 409 453 568 589
test_Chiba_00024.jpg,2 0 183 272 517
test_Sumida_00189.jpg,1 294 418 373 530
test_Muroran_00114.jpg,2 386 497 485 599
test_Sumida_00163.jpg,2 0 183 272 517
test_Numazu_00156.jpg,2 308 309 481 565 3 243 392 423 448 8 319 317 590 546
test_Numazu_00334.jpg,1 218 459 300 588
test_Muroran_00139.jpg,2 0 183 272 517
test_Sumida_00113.jpg,2 0 183 272 517
test_Ichihara_00018.jpg,8 429 414 600 550
test_Adachi_00011.jpg,2 222 316 477 577 8 4 255 93 427
test_Sumida_00011.jpg,2 111 479 247 577 5 250 448 416 564 8 384 425 513 578
test_Nagakute_00129.jpg,2 247 345 460 597 5 258 360 562 600
test_Adachi_00170.jpg,1 418 351 598 525 5 187 389 586 600
test_Adachi_00239.jpg,1 485 383 596 549
test_Numazu_00300.jpg,2 281 411 365 519 2 84 384 188 505
test_Sumida_00107.jpg,2 0 183 272 517
test_Numazu_00166.jpg,1 66 404 190 595 8 2 291 187 552 8 0 397 91 548
test_Numazu_00319.jpg,2 0 183 272 517
test_Muroran_00146.jpg,5 259 459 598 600
test_Nagakute_00169.jpg,2 229 309 370 590 2 234 310 328 476 3 49 451 328 506
test_Nagakute_00264.jpg,5 48 324 416 588
test_Sumida_00174.jpg,8 405 395 599 569
test_Numazu_00135.jpg,1 32 341 510 594 1 170 355 256 584 2 2 332 143 499
test_Numazu_00345.jpg,2 0 183 272 517
test_Muroran_00327.jpg,2 273 318 332 600 8 460 489 580 599
test_Nagakute_00189.jpg,1 282 426 377 542
test_Chiba_00071.jpg,2 0 183 272 517
test_Muroran_00096.jpg,5 267 461 400 595 8 410 331 593 449
test_Sumida_00153.jpg,8 342 410 425 553
test_Nagakute_00088.jpg,1 0 353 248 578 8 309 347 541 595
test_Numazu_00002.jpg,2 0 183 272 517
test_Numazu_00124.jpg,1 128 413 228 594 2 283 297 496 587 8 420 359 598 501
test_Muroran_00027.jpg,2 0 183 272 517
test_Nagakute_00205.jpg,2 303 386 439 600
test_Numazu_00341.jpg,2 166 287 441 584 2 250 387 456 592 8 368 377 536 527
test_Adachi_00175.jpg,2 370 323 439 589
test_Muroran_00157.jpg,2 201 305 282 569
test_Adachi_00057.jpg,2 0 183 272 517
test_Adachi_00306.jpg,2 251 268 422 572
test_Muroran_00087.jpg,5 224 392 494 599
test_Adachi_00119.jpg,7 62 321 600 557
test_Muroran_00225.jpg,1 217 404 350 580 8 1 375 287 579
test_Adachi_00144.jpg,7 0 309 439 398 8 309 377 559 574
test_Muroran_00237.jpg,1 178 374 314 584 1 434 382 596 586 8 362 406 511 586
test_Adachi_00254.jpg,2 321 143 453 525 8 7 155 175 362
test_Nagakute_00060.jpg,2 0 183 272 517
test_Adachi_00325.jpg,2 9 320 202 472
test_Numazu_00121.jpg,4 78 376 565 473
test_Sumida_00179.jpg,2 358 424 471 534
test_Muroran_00094.jpg,2 311 497 352 600
test_Adachi_00300.jpg,1 258 500 351 599
test_Muroran_00043.jpg,1 0 309 376 553 5 35 318 495 591
test_Adachi_00188.jpg,2 0 183 272 517
test_Nagakute_00131.jpg,1 47 347 212 495 1 283 359 392 526 8 0 344 188 515
test_Chiba_00087.jpg,1 350 501 447 587 2 485 475 598 575 8 181 478 326 560
test_Adachi_00042.jpg,8 388 213 599 549
test_Nagakute_00270.jpg,1 49 352 203 517 1 249 361 337 527 8 0 295 212 462
test_Muroran_00320.jpg,5 250 371 592 595
test_Adachi_00210.jpg,8 76 367 406 596
test_Muroran_00124.jpg,3 25 483 291 541 5 322 345 489 594 8 367 410 455 594
test_Nagakute_00179.jpg,7 291 385 600 591
test_Numazu_00270.jpg,7 270 416 600 544
test_Chiba_00091.jpg,2 0 183 272 517
test_Muroran_00165.jpg,5 305 313 600 579 8 410 399 565 565
test_Numazu_00074.jpg,2 268 272 472 584 8 269 287 463 549
test_Ichihara_00039.jpg,7 155 446 600 599
test_Adachi_00229.jpg,1 431 464 570 590 2 434 456 576 599
test_Sumida_00187.jpg,2 346 398 507 547
test_Nagakute_00006.jpg,5 0 384 312 600
test_Adachi_00118.jpg,2 0 183 272 517
test_Sumida_00039.jpg,7 0 435 459 530
test_Adachi_00272.jpg,2 354 208 531 548 8 1 176 260 584 8 373 210 575 349 8 266 174 345 213
test_Adachi_00235.jpg,7 37 155 574 285
test_Sumida_00065.jpg,2 0 183 272 517
test_Numazu_00287.jpg,1 5 445 146 590
test_Sumida_00219.jpg,2 230 389 313 532 2 343 392 441 539 8 364 397 600 568
test_Sumida_00132.jpg,2 393 444 499 558
test_Nagakute_00119.jpg,5 295 395 457 562
test_Adachi_00280.jpg,2 0 183 272 517
test_Nagakute_00231.jpg,1 169 347 274 467 2 301 308 347 476 8 121 315 266 474
test_Muroran_00280.jpg,2 269 354 331 541 5 204 411 600 600 8 422 509 537 599
test_Sumida_00220.jpg,2 208 398 287 541
test_Numazu_00329.jpg,1 220 310 363 472 1 195 327 273 449 8 38 252 231 577 8 333 299 600 475
test_Muroran_00215.jpg,5 208 441 600 599
test_Adachi_00186.jpg,2 40 229 209 520 2 158 232 227 516 3 106 227 544 332
test_Numazu_00245.jpg,6 163 287 322 593
test_Chiba_00059.jpg,2 0 183 272 517
test_Nagakute_00069.jpg,8 289 363 569 600
test_Numazu_00362.jpg,2 235 362 317 581 5 450 453 596 592
test_Sumida_00066.jpg,5 56 431 363 558
test_Sumida_00157.jpg,8 141 409 270 549 8 344 426 461 551
test_Numazu_00162.jpg,1 283 331 439 506 8 0 285 199 597
test_Muroran_00325.jpg,1 235 388 287 595 1 55 372 187 555
test_Sumida_00218.jpg,2 243 401 299 531
test_Muroran_00274.jpg,2 0 183 272 517
test_Numazu_00085.jpg,5 94 371 537 591
test_Nagakute_00195.jpg,2 0 183 272 517
test_Sumida_00172.jpg,7 111 449 573 549
test_Nagakute_00253.jpg,8 345 477 501 600
test_Numazu_00145.jpg,2 311 334 484 586
test_Ichihara_00036.jpg,7 78 429 600 595
test_Ichihara_00015.jpg,2 0 183 272 517
test_Numazu_00367.jpg,5 92 429 231 590
test_Numazu_00031.jpg,1 321 333 523 558 5 314 332 522 561 8 2 244 219 580
test_Numazu_00402.jpg,2 0 183 272 517
test_Nagakute_00211.jpg,2 0 183 272 517
test_Adachi_00023.jpg,2 83 284 241 573 8 281 239 491 297
test_Muroran_00081.jpg,2 390 397 559 582
test_Nagakute_00098.jpg,8 295 303 600 578
test_Adachi_00047.jpg,1 118 313 273 537 1 145 304 233 488
test_Numazu_00019.jpg,5 118 467 453 596 8 298 424 519 600 8 2 449 120 566
test_Adachi_00097.jpg,1 0 320 115 461 1 7 318 168 540
test_Nagakute_00200.jpg,2 305 395 562 599
test_Numazu_00012.jpg,1 19 288 190 458 5 435 357 593 516 8 6 280 200 465
test_Adachi_00071.jpg,2 328 297 407 422
test_Numazu_00200.jpg,5 210 344 529 600
test_Sumida_00090.jpg,8 259 433 344 581
test_Numazu_00322.jpg,2 368 355 600 585
test_Muroran_00097.jpg,5 128 456 376 539 8 345 360 505 548 8 402 428 559 600
test_Muroran_00372.jpg,1 381 384 600 598
test_Adachi_00037.jpg,2 0 183 272 517
test_Muroran_00301.jpg,2 0 183 272 517
test_Muroran_00355.jpg,2 178 343 310 597 5 329 317 570 600 5 166 354 313 546
test_Sumida_00158.jpg,2 145 391 259 528
test_Numazu_00043.jpg,2 300 458 384 597
test_Nagakute_00037.jpg,7 1 377 571 565
test_Numazu_00213.jpg,1 110 367 556 577 3 109 393 511 558 8 5 264 285 478 8 470 308 599 533
test_Numazu_00195.jpg,5 0 421 321 595
test_Sumida_00032.jpg,7 107 496 600 592
test_Muroran_00267.jpg,5 76 318 525 564 5 282 322 600 600
test_Numazu_00289.jpg,5 168 409 600 600 5 165 399 351 600 5 358 446 600 600
test_Numazu_00199.jpg,8 324 319 598 554 8 0 318 121 462
test_Nagakute_00051.jpg,1 85 415 207 594 8 279 333 590 596 8 9 314 179 528
test_Nagakute_00106.jpg,7 114 374 381 428
test_Numazu_00283.jpg,5 128 414 271 587 5 67 313 596 587
test_Numazu_00109.jpg,1 102 311 381 589 1 136 328 329 507
test_Muroran_00064.jpg,5 103 373 600 591 5 0 425 488 577
test_Muroran_00330.jpg,5 177 327 349 415 5 33 396 596 587
test_Nagakute_00063.jpg,2 0 314 192 499 2 227 308 303 600 5 159 399 291 600
test_Adachi_00304.jpg,2 472 408 600 565
test_Muroran_00049.jpg,5 33 343 301 595
test_Numazu_00150.jpg,5 256 362 600 527
test_Nagakute_00251.jpg,8 361 334 597 545
test_Adachi_00156.jpg,7 0 236 506 443
test_Ichihara_00010.jpg,8 285 418 334 596
test_Numazu_00242.jpg,5 286 374 593 589 8 101 262 267 597
test_Adachi_00038.jpg,2 382 390 593 555
test_Muroran_00259.jpg,2 0 183 272 517
test_Numazu_00068.jpg,1 401 443 569 598 5 119 397 426 595
test_Muroran_00266.jpg,5 71 367 582 600
test_Adachi_00171.jpg,2 336 300 597 545 8 427 392 596 553
test_Chiba_00077.jpg,2 392 458 548 593 3 62 474 501 582 5 77 466 529 586
test_Muroran_00220.jpg,5 130 386 600 598 6 351 442 514 584
test_Numazu_00264.jpg,2 355 408 459 578 5 27 376 215 580 8 197 324 349 478
test_Sumida_00139.jpg,2 0 183 272 517
test_Sumida_00083.jpg,2 389 416 582 534 2 48 443 214 557 8 54 438 218 556
test_Adachi_00184.jpg,1 186 196 272 435
test_Nagakute_00237.jpg,1 69 386 194 589 1 199 408 284 538
test_Adachi_00028.jpg,2 312 180 560 600 2 301 173 473 478
test_Numazu_00005.jpg,1 391 478 594 596 5 69 480 522 596 5 145 485 358 600
test_Adachi_00212.jpg,1 75 372 239 533
test_Ichihara_00040.jpg,1 190 442 306 596 8 484 447 599 544
test_Sumida_00112.jpg,7 116 448 600 559
test_Nagakute_00056.jpg,2 17 261 233 555
test_Numazu_00142.jpg,5 424 372 589 548 8 0 275 205 531
test_Nagakute_00143.jpg,5 263 326 570 600 8 5 279 189 487
test_Ichihara_00008.jpg,1 187 437 315 599 8 468 449 597 562
test_Numazu_00351.jpg,3 235 390 600 496
test_Adachi_00108.jpg,2 13 89 179 346
test_Numazu_00111.jpg,8 13 415 187 581 8 290 321 376 594
test_Chiba_00042.jpg,1 320 443 403 541 2 78 443 195 537
test_Nagakute_00148.jpg,8 439 458 585 596
test_Numazu_00382.jpg,1 421 438 549 525 7 143 326 548 448
test_Muroran_00072.jpg,5 0 381 163 557 5 246 335 479 587
test_Numazu_00179.jpg,2 309 300 600 591 2 0 336 155 531 6 217 489 355 588
test_Muroran_00428.jpg,5 106 326 573 592
test_Numazu_00037.jpg,2 32 428 122 600 5 4 422 143 600
test_Muroran_00230.jpg,2 0 183 272 517
test_Chiba_00005.jpg,8 430 459 600 574 8 186 472 312 590
test_Muroran_00177.jpg,5 116 352 562 595 5 271 365 540 542 8 351 387 497 535
test_Sumida_00130.jpg,2 350 408 425 546
test_Nagakute_00222.jpg,2 293 376 595 529
test_Chiba_00047.jpg,2 108 509 270 593 2 488 474 592 551
test_Adachi_00101.jpg,2 388 300 489 429
test_Muroran_00173.jpg,2 0 183 272 517
test_Muroran_00042.jpg,2 408 374 582 598
test_Numazu_00276.jpg,7 104 383 600 563
test_Sumida_00097.jpg,7 3 420 467 548
test_Ichihara_00007.jpg,1 128 417 293 593 8 384 386 598 581 8 25 400 281 597
test_Numazu_00295.jpg,2 318 396 410 588 8 2 302 160 465 8 337 361 529 572 8 289 295 466 541
test_Numazu_00209.jpg,2 324 415 435 598
test_Nagakute_00145.jpg,8 43 399 183 600
test_Adachi_00125.jpg,7 133 337 554 427 8 0 385 164 579 8 415 434 587 599
test_Numazu_00252.jpg,1 7 470 171 586 5 3 473 168 590
test_Muroran_00065.jpg,5 255 349 551 591
test_Adachi_00100.jpg,7 0 418 471 600 7 64 448 600 594
test_Sumida_00148.jpg,2 0 183 272 517
test_Muroran_00218.jpg,2 199 323 257 567 2 30 361 162 536 8 4 325 149 477
test_Nagakute_00249.jpg,2 168 332 251 600
test_Chiba_00072.jpg,2 187 505 326 596
test_Numazu_00104.jpg,5 126 363 581 586 5 32 309 354 600
test_Numazu_00298.jpg,1 63 440 291 595 8 359 369 553 600 8 4 299 221 493
test_Sumida_00207.jpg,2 0 183 272 517
test_Sumida_00191.jpg,2 0 183 272 517
test_Adachi_00281.jpg,2 3 297 203 584
test_Ichihara_00027.jpg,1 150 389 292 581 8 391 382 597 529 8 0 404 237 592 8 310 441 379 594
test_Numazu_00066.jpg,2 312 331 498 576 5 297 312 512 571
test_Sumida_00215.jpg,2 0 183 272 517
test_Sumida_00114.jpg,8 401 466 598 598
test_Numazu_00073.jpg,7 0 427 461 600
test_Nagakute_00151.jpg,8 302 348 600 594
test_Numazu_00129.jpg,5 262 426 556 585 6 240 281 422 385
test_Numazu_00102.jpg,5 188 361 588 600 5 155 349 391 593
test_Muroran_00169.jpg,1 443 493 532 599 5 0 384 302 523
test_Numazu_00035.jpg,2 250 328 327 584 8 50 324 197 600
test_Chiba_00040.jpg,8 306 478 384 595
test_Adachi_00147.jpg,2 312 320 389 600
test_Muroran_00395.jpg,8 387 372 502 456
test_Nagakute_00215.jpg,1 35 385 153 592 1 320 440 469 541 8 0 329 117 514
test_Chiba_00012.jpg,2 0 183 272 517
test_Muroran_00192.jpg,1 272 360 340 556 8 369 378 594 585
test_Numazu_00279.jpg,2 294 424 373 595 2 67 432 188 596 8 337 420 487 596 8 14 438 170 589
test_Numazu_00018.jpg,7 0 373 503 600
test_Muroran_00019.jpg,5 19 357 552 588 5 9 403 191 600 5 470 364 593 570
test_Muroran_00317.jpg,1 121 377 296 600
test_Adachi_00148.jpg,1 445 445 592 599
test_Muroran_00396.jpg,5 82 346 576 599
test_Ichihara_00006.jpg,5 129 393 587 595 5 40 422 370 599
test_Adachi_00232.jpg,8 395 447 530 600
test_Muroran_00403.jpg,5 160 390 489 600
test_Sumida_00049.jpg,2 332 425 396 540 8 376 424 534 554
test_Muroran_00123.jpg,2 0 183 272 517
test_Adachi_00279.jpg,1 339 300 542 594 1 314 308 428 441 2 2 306 201 485
test_Nagakute_00232.jpg,5 57 401 542 600 5 293 420 479 590
test_Adachi_00189.jpg,2 485 367 597 526 2 121 182 273 547 2 0 234 132 361
test_Chiba_00083.jpg,8 473 495 596 582 8 200 464 328 590
test_Muroran_00202.jpg,5 209 359 502 493
test_Numazu_00098.jpg,6 147 438 417 598
test_Adachi_00055.jpg,2 0 238 297 533 7 6 207 335 494 8 0 202 321 525
test_Muroran_00264.jpg,2 104 354 228 599 2 150 303 252 538
test_Numazu_00371.jpg,5 49 345 526 590 5 0 393 266 598
test_Chiba_00066.jpg,2 0 183 272 517
test_Numazu_00320.jpg,2 363 370 588 584 2 76 354 182 587
test_Muroran_00145.jpg,2 0 183 272 517
test_Muroran_00152.jpg,5 58 403 498 600
test_Chiba_00014.jpg,7 110 510 600 594
test_Sumida_00223.jpg,2 315 393 382 538 8 338 394 518 549
test_Numazu_00001.jpg,5 24 466 263 598
test_Numazu_00022.jpg,5 423 333 600 597
test_Muroran_00265.jpg,5 202 350 429 589 8 443 360 554 457
test_Numazu_00358.jpg,1 220 427 287 590 8 262 379 514 594
test_Numazu_00025.jpg,5 211 331 585 586
test_Muroran_00308.jpg,2 0 183 272 517
test_Ichihara_00011.jpg,3 263 534 446 599
test_Numazu_00247.jpg,5 26 482 471 600
test_Adachi_00048.jpg,7 86 154 548 261 8 483 248 600 375 8 145 486 600 600
test_Adachi_00233.jpg,1 300 170 438 353
test_Nagakute_00193.jpg,1 121 367 277 592 2 314 310 520 571 5 145 365 272 539 8 5 325 255 600
test_Sumida_00099.jpg,2 137 425 271 547
test_Adachi_00194.jpg,2 412 360 588 565
test_Chiba_00043.jpg,1 447 489 586 584 8 224 477 327 595
test_Muroran_00392.jpg,5 109 371 600 600
test_Nagakute_00166.jpg,2 201 341 261 600
test_Nagakute_00101.jpg,3 95 460 531 571 5 173 313 600 574 8 208 234 262 564
test_Nagakute_00077.jpg,2 331 317 453 597 2 333 321 412 513 8 43 348 269 600
test_Sumida_00119.jpg,7 3 442 573 555
test_Numazu_00089.jpg,5 212 359 496 590
test_Nagakute_00177.jpg,5 31 348 517 599
test_Muroran_00188.jpg,2 0 183 272 517
test_Numazu_00130.jpg,5 1 394 263 562 5 65 392 421 600
test_Muroran_00034.jpg,5 44 358 577 598
test_Chiba_00054.jpg,8 61 435 207 600 8 376 500 504 597
test_Adachi_00193.jpg,2 393 370 543 594
test_Ichihara_00012.jpg,5 120 424 600 592
test_Muroran_00161.jpg,5 315 387 600 593
test_Muroran_00281.jpg,5 257 332 600 594 8 429 359 549 436 8 221 312 274 600
test_Muroran_00106.jpg,2 0 399 131 565 5 253 371 503 503
test_Numazu_00194.jpg,1 111 385 245 590 2 316 337 503 544 8 334 345 474 496 8 4 331 141 487
test_Muroran_00337.jpg,2 0 183 272 517
test_Muroran_00196.jpg,5 40 356 575 600
test_Sumida_00162.jpg,2 136 406 272 548
test_Numazu_00330.jpg,5 19 349 199 596 5 212 347 472 588 5 0 331 429 595
test_Nagakute_00002.jpg,2 269 379 408 596
test_Muroran_00285.jpg,2 318 334 516 599 5 68 362 555 595
test_Sumida_00084.jpg,2 0 183 272 517
test_Nagakute_00094.jpg,7 0 467 461 595 7 171 480 600 592
test_Numazu_00318.jpg,2 312 383 533 600 2 215 368 265 600 8 70 380 224 600
test_Chiba_00085.jpg,8 420 490 523 594
test_Sumida_00133.jpg,2 188 379 290 503
test_Adachi_00146.jpg,2 350 366 446 546 8 400 427 536 596
test_Numazu_00291.jpg,5 61 434 305 597
test_Muroran_00208.jpg,3 128 393 285 451 8 283 328 580 516
test_Nagakute_00042.jpg,1 261 411 407 600 8 349 370 590 531
test_Nagakute_00045.jpg,5 189 323 600 597
test_Nagakute_00103.jpg,5 138 468 359 600 8 247 374 387 600
test_Muroran_00121.jpg,5 5 403 502 600 5 160 463 587 597
test_Adachi_00043.jpg,2 403 220 592 489 2 236 183 312 428 8 430 255 600 527
test_Numazu_00205.jpg,2 0 183 272 517
test_Sumida_00146.jpg,2 213 416 277 543 8 102 432 233 552 8 406 441 589 563
test_Muroran_00017.jpg,5 133 362 600 574 5 379 375 597 593 5 25 365 410 590
test_Muroran_00231.jpg,5 162 290 565 564 5 19 383 187 598 5 229 506 427 596
test_Muroran_00427.jpg,2 0 183 272 517
test_Muroran_00324.jpg,5 275 496 600 597
test_Sumida_00109.jpg,7 462 465 581 563 7 94 467 600 567 8 460 469 579 567
test_Numazu_00266.jpg,1 226 466 288 598
test_Muroran_00048.jpg,5 0 415 514 598 5 179 451 574 600 5 4 420 138 584
test_Muroran_00134.jpg,1 180 433 258 596 8 381 398 537 598 8 0 379 178 564
test_Adachi_00116.jpg,2 208 238 283 510
test_Sumida_00069.jpg,8 428 465 595 599
test_Muroran_00076.jpg,2 0 183 272 517
test_Adachi_00230.jpg,7 0 268 502 575 7 0 212 532 445
test_Adachi_00205.jpg,2 0 183 272 517
test_Nagakute_00230.jpg,2 277 313 407 587 5 99 418 258 577
test_Numazu_00112.jpg,1 200 456 289 591 5 141 440 515 592 5 302 461 500 600
test_Nagakute_00053.jpg,2 0 183 272 517
test_Numazu_00100.jpg,5 266 431 442 596
test_Adachi_00041.jpg,2 380 265 545 553 2 143 238 245 420 2 80 408 171 574 2 111 223 252 530
test_Adachi_00143.jpg,1 366 364 472 543
test_Numazu_00084.jpg,2 0 183 272 517
test_Muroran_00314.jpg,5 29 384 567 600 8 347 393 429 510
test_Muroran_00302.jpg,1 253 511 412 600 8 74 503 247 599
test_Chiba_00073.jpg,1 299 483 396 589
test_Muroran_00002.jpg,5 0 419 439 600 5 3 463 316 596
test_Muroran_00311.jpg,2 0 183 272 517
test_Muroran_00004.jpg,2 279 383 337 597 5 27 385 238 592
test_Muroran_00276.jpg,5 197 410 508 584
test_Nagakute_00137.jpg,2 0 183 272 517
test_Muroran_00054.jpg,5 273 278 440 414 5 137 488 540 600
test_Sumida_00185.jpg,8 218 396 298 532
test_Muroran_00181.jpg,2 359 406 477 535
test_Adachi_00007.jpg,5 0 230 393 547 5 183 273 600 505
test_Nagakute_00219.jpg,1 89 489 173 600 8 231 359 577 590
test_Adachi_00027.jpg,2 0 183 272 517
test_Sumida_00126.jpg,2 0 183 272 517
test_Chiba_00067.jpg,2 0 449 107 563
test_Nagakute_00035.jpg,1 336 436 433 560
test_Nagakute_00079.jpg,1 36 386 178 599
test_Adachi_00214.jpg,1 29 409 145 552 2 376 348 597 599 8 354 330 585 591
test_Muroran_00360.jpg,5 115 390 597 595
test_Adachi_00065.jpg,8 452 415 600 595
test_Sumida_00010.jpg,2 249 371 294 540
test_Muroran_00390.jpg,2 365 369 489 590
test_Adachi_00126.jpg,2 437 255 596 484
test_Adachi_00050.jpg,2 376 364 588 600
test_Adachi_00152.jpg,2 205 360 262 550
test_Nagakute_00234.jpg,2 247 328 299 596
test_Numazu_00219.jpg,5 124 375 600 591
test_Muroran_00368.jpg,5 53 400 547 600 5 435 363 596 446 8 515 440 599 544
test_Nagakute_00156.jpg,5 64 406 253 590 8 7 363 212 566
test_Sumida_00014.jpg,7 63 450 588 553
test_Adachi_00009.jpg,2 359 329 570 600 8 359 340 558 598
test_Muroran_00233.jpg,2 162 343 224 600
test_Nagakute_00245.jpg,2 166 319 238 594 2 283 342 600 598 8 4 286 140 461 8 287 352 600 596
test_Adachi_00133.jpg,2 419 271 590 514 2 328 269 381 580
test_Muroran_00239.jpg,5 15 419 538 599
test_Adachi_00192.jpg,2 234 104 340 515 8 467 349 600 529
test_Numazu_00038.jpg,5 270 436 600 593
test_Adachi_00297.jpg,2 0 121 171 455
test_Muroran_00253.jpg,5 90 381 575 599
test_Sumida_00175.jpg,2 0 183 272 517
test_Numazu_00257.jpg,5 72 294 407 408
test_Muroran_00140.jpg,5 133 328 574 594
test_Numazu_00004.jpg,1 185 439 259 566 3 169 507 600 597
test_Muroran_00001.jpg,8 53 404 224 598
test_Numazu_00307.jpg,8 0 263 198 553
test_Numazu_00327.jpg,2 102 425 187 563 7 262 429 600 562
test_Adachi_00012.jpg,2 397 390 577 596
test_Numazu_00127.jpg,2 122 397 188 598 5 136 461 450 600
test_Numazu_00394.jpg,5 49 391 578 595 8 141 338 211 566
test_Adachi_00301.jpg,2 335 177 425 343 2 399 300 546 582
test_Chiba_00017.jpg,8 103 505 267 595
test_Sumida_00160.jpg,2 400 440 559 589
test_Sumida_00008.jpg,2 0 183 272 517
test_Muroran_00236.jpg,5 71 368 413 598
test_Muroran_00329.jpg,2 0 183 272 517
test_Muroran_00200.jpg,2 49 372 228 598 5 172 369 587 597 8 225 397 272 597
test_Muroran_00242.jpg,5 145 414 596 598 5 365 442 599 600
test_Ichihara_00033.jpg,8 472 443 595 570 8 8 486 175 594
test_Sumida_00025.jpg,2 330 397 420 521
test_Muroran_00184.jpg,2 0 183 272 517
test_Sumida_00026.jpg,2 0 183 272 517
test_Adachi_00159.jpg,8 224 310 276 587
test_Muroran_00102.jpg,1 460 414 595 577 8 0 364 246 595 8 436 450 582 591 8 65 335 272 521
test_Muroran_00268.jpg,1 382 362 500 486
test_Nagakute_00138.jpg,8 353 327 592 600
test_Numazu_00316.jpg,3 326 418 575 477 3 121 394 557 479 5 4 293 212 512
test_Nagakute_00064.jpg,1 295 491 408 600
test_Ichihara_00044.jpg,2 0 183 272 517
test_Muroran_00347.jpg,5 292 413 600 599
test_Muroran_00338.jpg,5 97 353 374 591
test_Sumida_00204.jpg,8 448 450 600 559
test_Numazu_00269.jpg,5 14 307 542 577
test_Numazu_00143.jpg,1 308 364 476 577 8 1 314 177 504
test_Muroran_00339.jpg,1 132 459 316 600 5 135 361 597 596
test_Adachi_00006.jpg,2 32 373 121 525
test_Muroran_00377.jpg,5 155 365 595 596
test_Nagakute_00095.jpg,5 25 409 249 596 8 463 435 600 571
test_Sumida_00171.jpg,2 0 183 272 517
test_Chiba_00056.jpg,5 436 498 579 585
test_Muroran_00210.jpg,5 99 383 508 600
test_Muroran_00046.jpg,5 214 389 469 600
test_Sumida_00188.jpg,1 196 443 300 533 2 107 407 223 546
test_Muroran_00040.jpg,5 0 399 137 579 5 158 379 311 586
test_Numazu_00191.jpg,5 289 377 445 591
test_Chiba_00030.jpg,2 451 477 600 579 8 221 481 338 593
test_Nagakute_00136.jpg,1 133 326 295 593 5 145 346 290 589
test_Nagakute_00046.jpg,2 227 305 319 591
test_Sumida_00050.jpg,2 338 406 406 543
test_Nagakute_00268.jpg,3 367 402 600 459 5 84 279 349 600 8 80 245 234 585
test_Chiba_00022.jpg,1 479 489 592 576
test_Muroran_00394.jpg,5 107 366 600 600 5 64 402 396 600
test_Numazu_00331.jpg,2 0 183 272 517
test_Adachi_00049.jpg,2 0 183 272 517
test_Ichihara_00050.jpg,7 117 423 600 554 7 0 419 471 523
test_Numazu_00046.jpg,2 257 299 376 594
test_Muroran_00164.jpg,5 23 349 252 564
test_Chiba_00081.jpg,2 306 490 419 598
test_Ichihara_00009.jpg,1 246 425 354 597 2 27 435 259 588 5 135 432 592 600 8 181 386 326 565
test_Chiba_00013.jpg,2 0 183 272 517
test_Numazu_00369.jpg,2 244 315 320 567 5 117 340 535 585
test_Numazu_00014.jpg,6 74 390 506 587
test_Adachi_00137.jpg,1 422 288 598 438
test_Muroran_00018.jpg,1 251 427 359 597
test_Nagakute_00203.jpg,2 327 348 600 600 5 0 419 183 600 8 319 349 588 596
test_Numazu_00363.jpg,1 122 322 187 447 2 194 275 266 535 3 222 438 447 504
test_Adachi_00222.jpg,1 474 292 596 468 5 169 436 467 580 5 201 460 600 587
test_Muroran_00359.jpg,5 237 353 573 569 5 166 318 446 516 5 396 377 589 588 8 482 404 596 525
test_Sumida_00077.jpg,2 0 183 272 517
test_Adachi_00311.jpg,2 388 348 463 536
test_Adachi_00255.jpg,2 351 373 421 600 8 137 374 291 512
test_Numazu_00041.jpg,2 2 290 194 532 2 304 357 391 588
test_Muroran_00249.jpg,5 6 338 261 501
test_Sumida_00070.jpg,7 92 435 568 523
test_Numazu_00133.jpg,2 352 467 435 596
test_Adachi_00158.jpg,5 141 370 583 600 5 145 416 395 597
test_Adachi_00114.jpg,3 234 454 483 525
test_Adachi_00284.jpg,2 251 384 364 594
test_Muroran_00361.jpg,5 30 375 332 600 8 262 391 567 536
test_Muroran_00199.jpg,8 411 392 577 593
test_Adachi_00174.jpg,8 384 134 600 303
test_Adachi_00173.jpg,2 348 347 558 600
test_Numazu_00139.jpg,2 36 401 211 573
test_Adachi_00187.jpg,1 124 350 241 508 2 427 269 584 543 8 107 209 301 432 8 2 340 181 512
test_Sumida_00003.jpg,1 166 414 306 531 5 163 413 305 532
test_Muroran_00101.jpg,5 32 325 451 586
test_Muroran_00323.jpg,5 41 367 550 600
test_Chiba_00015.jpg,7 0 509 505 598
test_Muroran_00367.jpg,5 376 316 598 590
test_Nagakute_00052.jpg,1 325 418 494 594 2 27 351 184 594
test_Muroran_00351.jpg,2 121 380 205 539
test_Adachi_00282.jpg,1 343 203 505 465 1 157 209 278 353 1 41 242 239 501
test_Adachi_00045.jpg,2 351 218 514 566 8 183 286 394 537
test_Ichihara_00020.jpg,7 96 435 600 590
test_Muroran_00038.jpg,5 19 385 508 600 8 401 483 497 594
test_Numazu_00177.jpg,1 126 414 219 577 6 116 461 541 598
test_Nagakute_00218.jpg,2 175 317 301 592
test_Adachi_00111.jpg,1 300 237 493 495 2 294 235 491 506 7 85 151 373 289
test_Sumida_00199.jpg,2 167 412 284 558 8 372 427 585 578
test_Numazu_00196.jpg,1 307 296 557 580 8 265 259 554 541
test_Adachi_00034.jpg,7 29 413 590 596 8 259 379 587 600 8 7 412 152 599
test_Numazu_00057.jpg,5 31 406 527 597 8 12 380 189 597 8 432 470 599 596
test_Numazu_00123.jpg,2 19 317 193 554 5 229 393 443 598 8 15 322 191 600
test_Adachi_00182.jpg,2 353 183 563 600
test_Nagakute_00115.jpg,7 0 396 421 493
test_Muroran_00039.jpg,1 487 438 600 600 5 272 441 600 597
test_Sumida_00210.jpg,7 136 472 561 567
test_Adachi_00010.jpg,2 429 214 582 404 2 243 268 331 600
test_Muroran_00099.jpg,5 1 370 410 594 5 192 357 465 600
test_Muroran_00056.jpg,5 70 376 307 599
test_Muroran_00350.jpg,5 14 316 298 591 5 437 435 600 596
test_Ichihara_00004.jpg,1 290 466 385 596
test_Adachi_00181.jpg,2 7 235 252 543
test_Adachi_00323.jpg,2 0 183 272 517
test_Numazu_00032.jpg,1 129 390 208 498 8 291 279 582 522 8 2 280 178 439
test_Nagakute_00075.jpg,2 364 319 597 572 5 115 342 286 598 8 266 328 320 586
test_Sumida_00071.jpg,8 111 421 282 553
test_Numazu_00007.jpg,2 336 370 588 568
test_Numazu_00172.jpg,1 186 314 257 444 8 338 299 599 521
test_Muroran_00235.jpg,2 324 390 479 574 2 308 402 383 597
test_Adachi_00112.jpg,2 0 183 272 517
test_Nagakute_00212.jpg,2 0 183 272 517
test_Muroran_00095.jpg,5 47 378 522 594
test_Muroran_00062.jpg,5 377 345 600 593
test_Numazu_00238.jpg,2 300 321 496 588
test_Adachi_00026.jpg,1 198 442 419 598
test_Numazu_00151.jpg,2 270 293 395 585 8 373 393 600 597
test_Chiba_00080.jpg,1 419 479 507 588
test_Numazu_00116.jpg,1 191 362 285 557
test_Numazu_00398.jpg,5 122 351 310 452 5 86 338 453 461 8 9 266 202 466 8 342 339 483 520
test_Sumida_00120.jpg,2 0 183 272 517
test_Adachi_00177.jpg,8 427 296 571 588
test_Sumida_00136.jpg,7 82 461 579 555
test_Adachi_00298.jpg,2 357 334 502 600
test_Nagakute_00255.jpg,5 35 377 283 600 5 0 378 499 589 5 298 391 465 503
test_Chiba_00023.jpg,2 0 183 272 517
test_Numazu_00224.jpg,5 61 422 443 600
test_Sumida_00093.jpg,8 142 438 274 551
test_Muroran_00147.jpg,5 297 355 518 600
test_Numazu_00278.jpg,2 0 183 272 517
test_Nagakute_00065.jpg,2 164 404 229 600 2 178 343 240 558
test_Numazu_00027.jpg,2 0 183 272 517
test_Muroran_00382.jpg,2 6 329 186 518 2 277 279 341 433 5 274 415 445 496
test_Sumida_00184.jpg,2 322 414 381 550
test_Numazu_00335.jpg,2 6 287 215 528 2 211 408 263 600 5 338 330 589 595 5 324 302 489 434
test_Sumida_00085.jpg,1 417 448 597 563
test_Numazu_00299.jpg,1 306 317 557 568 2 12 343 188 556 5 293 313 469 478 8 289 315 548 541
test_Muroran_00303.jpg,5 7 302 268 586
test_Numazu_00265.jpg,2 267 379 489 598 8 5 386 189 600
test_Nagakute_00164.jpg,1 361 365 577 571 2 231 245 338 600
test_Numazu_00214.jpg,5 0 355 480 600 5 0 336 232 588 5 135 461 571 600
test_Adachi_00211.jpg,1 85 224 261 505 1 348 205 523 454
test_Muroran_00197.jpg,2 424 345 594 514 8 50 392 235 594
test_Muroran_00159.jpg,1 294 415 374 597 2 103 376 224 591 8 370 394 474 491
test_Sumida_00159.jpg,2 180 435 308 562
test_Numazu_00217.jpg,5 195 419 600 600
test_Ichihara_00041.jpg,1 168 424 295 595 8 386 388 600 592 8 4 403 275 598
test_Ichihara_00031.jpg,2 464 427 600 555
test_Nagakute_00071.jpg,1 408 413 584 594 5 399 407 592 600
test_Muroran_00189.jpg,5 6 360 264 600
test_Adachi_00066.jpg,7 0 398 559 600
test_Muroran_00178.jpg,1 92 437 270 597 8 2 352 209 510
test_Numazu_00042.jpg,3 60 396 284 450
test_Nagakute_00020.jpg,5 0 331 517 595 8 0 247 196 432 8 0 277 163 555
test_Adachi_00244.jpg,8 378 488 470 600
test_Numazu_00061.jpg,1 476 475 587 590 1 303 448 428 574
test_Adachi_00274.jpg,1 216 317 492 600 2 167 282 435 558
test_Numazu_00337.jpg,2 245 406 376 600 8 23 381 195 596 8 365 474 597 600
test_Chiba_00053.jpg,2 257 486 417 581
test_Sumida_00062.jpg,8 396 434 599 564
test_Numazu_00271.jpg,2 296 320 551 569 8 289 305 590 556 8 70 295 541 499
test_Nagakute_00160.jpg,8 61 334 223 595
test_Adachi_00053.jpg,2 87 345 297 578 2 145 326 304 499 8 396 296 524 527
test_Nagakute_00247.jpg,2 268 338 332 584 8 4 311 273 548 8 361 336 598 600
test_Muroran_00021.jpg,5 329 509 474 600
test_Muroran_00374.jpg,2 363 391 495 569
test_Nagakute_00068.jpg,7 13 355 574 545
test_Sumida_00101.jpg,2 0 183 272 517
test_Adachi_00295.jpg,2 354 310 580 590
test_Numazu_00181.jpg,2 254 284 408 597 2 372 350 592 539
test_Numazu_00406.jpg,2 15 316 214 589 5 280 335 571 592
test_Numazu_00203.jpg,5 327 392 569 563 5 133 305 490 571
test_Sumida_00142.jpg,8 320 397 419 540
test_Numazu_00346.jpg,5 210 436 349 508
test_Muroran_00229.jpg,5 306 353 541 594
test_Numazu_00332.jpg,2 317 332 386 452 2 2 328 106 421
test_Muroran_00414.jpg,5 37 344 522 597
test_Numazu_00047.jpg,2 310 307 543 580
test_Nagakute_00172.jpg,2 256 328 311 591
test_Muroran_00073.jpg,1 427 492 550 599 2 458 390 600 480
test_Muroran_00287.jpg,1 197 438 351 600
test_Adachi_00162.jpg,2 412 243 599 537 2 66 237 243 447
test_Chiba_00057.jpg,2 193 498 292 592 8 434 458 600 571
test_Numazu_00146.jpg,1 307 335 495 582 2 309 328 493 574
test_Nagakute_00238.jpg,1 397 350 588 511 5 107 380 600 582
test_Numazu_00376.jpg,5 53 390 490 600 5 32 397 230 600 8 154 424 454 599
test_Numazu_00216.jpg,5 64 334 236 595
test_Adachi_00140.jpg,8 431 391 590 600
test_Adachi_00058.jpg,1 308 121 547 403
test_Numazu_00297.jpg,5 292 441 460 600
test_Muroran_00084.jpg,2 233 364 331 600
test_Sumida_00147.jpg,2 0 183 272 517
test_Muroran_00217.jpg,5 111 421 279 595
test_Nagakute_00158.jpg,2 286 331 554 585 8 317 309 592 523
test_Adachi_00080.jpg,1 91 324 229 537 2 325 325 529 597 2 89 317 229 532 8 303 313 556 579
test_Adachi_00256.jpg,1 178 450 313 595 8 487 350 600 488
test_Numazu_00011.jpg,5 0 334 496 600 5 188 309 600 582
test_Sumida_00182.jpg,1 361 462 454 575
test_Muroran_00119.jpg,1 183 375 483 597 5 15 364 283 600 5 63 372 498 599
test_Nagakute_00206.jpg,1 289 421 380 524 8 0 303 206 511
test_Adachi_00252.jpg,1 282 330 388 444 1 319 426 572 584 8 320 312 600 459
test_Nagakute_00184.jpg,1 150 462 206 598 2 316 406 543 597 8 41 346 170 592
test_Numazu_00365.jpg,2 0 183 272 517
test_Nagakute_00142.jpg,2 198 295 305 594 5 335 338 513 516
test_Muroran_00075.jpg,8 76 373 245 600
test_Adachi_00305.jpg,8 36 247 123 600 8 71 162 142 439
test_Nagakute_00257.jpg,5 319 320 502 594 8 133 257 290 587
test_Muroran_00093.jpg,2 186 383 253 595 5 129 403 554 596 5 182 380 369 600
test_Numazu_00048.jpg,7 0 336 494 524
test_Adachi_00145.jpg,3 22 468 521 574 5 108 394 600 588
test_Sumida_00048.jpg,8 374 441 477 549
test_Nagakute_00133.jpg,5 7 466 537 599
test_Muroran_00356.jpg,1 494 340 597 495 8 364 352 441 588
test_Muroran_00289.jpg,5 218 363 600 598 8 431 444 527 595
test_Muroran_00336.jpg,8 489 434 600 600
test_Numazu_00056.jpg,7 37 415 600 600
test_Muroran_00009.jpg,5 61 407 530 597 5 318 434 600 584
test_Numazu_00137.jpg,1 183 376 276 574 1 370 355 592 589
test_Muroran_00089.jpg,5 262 476 459 595 5 1 408 104 534
test_Numazu_00301.jpg,2 295 276 496 555 5 0 338 411 581
test_Muroran_00271.jpg,2 302 355 443 600 5 323 362 586 557
test_Muroran_00133.jpg,2 0 183 272 517
test_Nagakute_00100.jpg,2 0 183 272 517
test_Sumida_00020.jpg,2 206 383 284 525
test_Nagakute_00243.jpg,2 358 462 516 596
test_Nagakute_00111.jpg,5 83 379 504 597
test_Muroran_00227.jpg,2 349 306 596 600 2 341 280 524 512
test_Sumida_00203.jpg,8 244 476 492 534
test_Sumida_00022.jpg,7 194 432 578 542
test_Chiba_00055.jpg,2 407 457 594 567 8 195 492 310 595
test_Sumida_00038.jpg,2 273 434 345 543
test_Adachi_00163.jpg,2 377 322 561 539
test_Sumida_00061.jpg,2 368 439 439 553 8 411 400 596 532 8 40 463 191 560
test_Muroran_00037.jpg,5 203 353 600 596
test_Sumida_00034.jpg,7 140 441 558 537
test_Adachi_00178.jpg,2 31 277 256 600 7 8 271 404 427
test_Numazu_00051.jpg,5 0 358 487 582
test_Nagakute_00001.jpg,2 27 337 249 597 2 406 368 600 535
test_Numazu_00232.jpg,2 275 314 417 600
test_Nagakute_00267.jpg,2 52 334 237 599 5 419 353 588 581 5 250 298 371 403 8 10 314 236 593
test_Sumida_00152.jpg,2 365 421 502 551
test_Adachi_00001.jpg,2 2 215 244 592
test_Numazu_00052.jpg,2 130 366 213 578 2 60 342 221 597
test_Adachi_00102.jpg,5 23 177 200 459
test_Adachi_00309.jpg,2 5 155 178 391 3 41 301 508 387 3 6 318 238 390 3 211 300 600 397
test_Sumida_00181.jpg,7 117 504 600 589
test_Nagakute_00186.jpg,1 219 464 295 598 1 149 447 418 593 2 322 427 515 594
test_Numazu_00260.jpg,2 0 183 272 517
test_Numazu_00248.jpg,2 232 309 301 584 5 125 407 262 503
test_Adachi_00052.jpg,3 135 312 600 412 3 129 342 440 389
test_Adachi_00092.jpg,2 201 330 309 587
test_Numazu_00286.jpg,5 41 375 257 600
test_Nagakute_00097.jpg,2 0 183 272 517
test_Sumida_00074.jpg,7 58 450 516 570
test_Adachi_00303.jpg,2 1 335 175 600 3 123 419 563 540
test_Nagakute_00104.jpg,2 327 333 600 551 8 320 315 600 554
test_Adachi_00115.jpg,8 517 422 600 533
test_Muroran_00426.jpg,5 56 437 576 600
test_Muroran_00370.jpg,1 2 362 229 591 1 154 467 288 600 5 0 380 419 591 8 417 490 511 600
test_Numazu_00187.jpg,1 361 436 510 591
test_Nagakute_00090.jpg,2 411 324 598 414 7 98 374 600 595
test_Adachi_00142.jpg,8 363 341 588 593
test_Numazu_00328.jpg,5 81 497 238 599 6 56 499 236 600 8 260 277 522 580 8 2 317 162 516 8 375 402 559 594
test_Muroran_00162.jpg,5 0 402 517 599 6 150 392 586 593
test_Chiba_00033.jpg,8 11 416 212 580
test_Numazu_00280.jpg,2 254 315 340 561
test_Muroran_00304.jpg,5 183 358 554 577
test_Muroran_00086.jpg,2 0 183 272 517
test_Muroran_00025.jpg,2 5 373 199 591 5 277 433 409 599 8 316 468 399 599
test_Numazu_00148.jpg,1 76 308 209 600 1 79 300 139 556 3 171 416 465 476
test_Numazu_00263.jpg,8 155 314 235 435
test_Adachi_00033.jpg,2 0 183 272 517
test_Nagakute_00039.jpg,1 80 416 205 599 8 2 302 195 516
test_Numazu_00020.jpg,1 26 415 218 600 2 165 409 221 600 5 22 415 225 599
test_Muroran_00378.jpg,5 87 372 582 563 5 262 386 600 523
test_Nagakute_00150.jpg,2 216 361 269 600 4 19 454 429 560
test_Nagakute_00102.jpg,2 376 330 428 600 8 20 366 259 600
test_Nagakute_00171.jpg,1 78 362 202 503
test_Chiba_00027.jpg,1 67 477 155 583
test_Numazu_00293.jpg,1 327 375 600 583 5 211 346 476 585
test_Numazu_00296.jpg,6 69 389 263 600
test_Adachi_00285.jpg,8 446 320 590 459
test_Muroran_00190.jpg,1 72 460 188 600 1 37 383 216 594 8 346 364 578 600 8 6 342 219 596
test_Muroran_00193.jpg,8 11 306 239 600
test_Numazu_00215.jpg,5 68 341 562 576 5 278 299 600 551 5 98 369 348 585 8 0 245 211 485 8 295 285 600 538
test_Ichihara_00035.jpg,1 385 437 493 600
test_Adachi_00259.jpg,5 63 279 600 542 5 24 232 569 438
test_Adachi_00064.jpg,2 0 183 272 517
test_Nagakute_00009.jpg,8 316 311 540 522 8 352 383 600 599 8 0 347 76 597
test_Adachi_00288.jpg,2 378 260 557 585 8 94 287 232 589
test_Nagakute_00224.jpg,2 85 343 175 433 2 256 437 321 591
test_Adachi_00206.jpg,2 0 183 272 517
test_Numazu_00347.jpg,2 136 404 203 552
test_Sumida_00004.jpg,2 0 183 272 517
test_Sumida_00023.jpg,2 318 394 404 535 8 317 399 404 533
test_Muroran_00277.jpg,5 179 383 385 583 5 126 358 572 593 5 445 483 600 598 5 216 413 379 512 8 440 484 586 600
test_Muroran_00155.jpg,5 219 515 406 600 5 0 422 489 597 5 416 525 593 598
test_Adachi_00200.jpg,2 432 346 600 514 8 445 358 600 507
test_Adachi_00166.jpg,2 146 290 205 598
test_Nagakute_00055.jpg,5 21 390 539 595
test_Numazu_00077.jpg,1 269 401 364 580
test_Adachi_00104.jpg,7 0 187 500 539 7 115 148 600 454
test_Adachi_00226.jpg,2 271 300 600 526 2 378 363 593 537 2 267 293 486 451
test_Nagakute_00124.jpg,1 305 369 586 600 1 98 387 275 574 8 4 366 163 572
test_Nagakute_00076.jpg,2 243 319 404 594 5 91 381 521 597
test_Muroran_00136.jpg,5 89 336 488 597
test_Numazu_00082.jpg,1 258 432 401 598 8 15 391 201 600
test_Muroran_00011.jpg,2 0 183 272 517
test_Muroran_00030.jpg,2 372 359 507 600 5 0 361 379 582
test_Sumida_00002.jpg,2 319 441 400 551
test_Adachi_00039.jpg,2 233 182 338 512 8 317 333 569 530 8 362 208 594 392 8 3 197 184 396
test_Adachi_00132.jpg,2 2 420 183 547 2 333 319 384 593 8 168 305 320 429
test_Sumida_00005.jpg,7 131 456 574 539
test_Nagakute_00026.jpg,5 139 411 281 600 8 3 345 135 443
test_Numazu_00282.jpg,2 0 183 272 517
test_Numazu_00349.jpg,8 121 311 295 388
test_Sumida_00108.jpg,2 0 183 272 517
test_Numazu_00173.jpg,2 164 265 249 474
test_Adachi_00079.jpg,8 153 309 229 581
test_Sumida_00161.jpg,8 327 394 581 549
test_Chiba_00086.jpg,2 0 183 272 517
test_Muroran_00406.jpg,7 84 381 594 522
test_Sumida_00173.jpg,1 3 462 152 564 2 148 409 264 554
test_Numazu_00255.jpg,8 303 368 428 597
test_Sumida_00115.jpg,2 200 406 317 556 8 466 429 596 537
test_Muroran_00256.jpg,5 0 348 457 579 5 48 383 193 599 5 217 347 405 558
test_Muroran_00429.jpg,5 35 359 271 598 5 45 383 509 599
test_Numazu_00125.jpg,7 54 434 600 597
test_Numazu_00069.jpg,2 164 376 249 478 5 472 465 592 597
test_Adachi_00067.jpg,2 190 392 251 600 2 348 326 490 500 8 345 314 571 600 8 342 324 494 506
test_Chiba_00090.jpg,7 25 508 587 600
test_Numazu_00223.jpg,1 309 424 408 599
test_Sumida_00206.jpg,2 0 183 272 517
test_Muroran_00248.jpg,5 267 384 600 600
test_Sumida_00140.jpg,2 0 183 272 517
test_Nagakute_00014.jpg,5 0 405 485 600 5 312 401 496 593 8 21 467 226 591
test_Nagakute_00059.jpg,8 329 401 591 597 8 0 334 182 523 8 259 328 517 538
test_Numazu_00094.jpg,5 202 326 388 412
test_Muroran_00296.jpg,5 98 388 591 600
test_Adachi_00283.jpg,1 381 295 590 479 1 385 321 515 445
test_Numazu_00045.jpg,1 274 437 400 596 2 73 349 224 600
test_Numazu_00055.jpg,2 270 371 451 599
test_Chiba_00050.jpg,2 403 456 600 568
test_Muroran_00340.jpg,2 48 371 127 528 3 421 384 588 440
test_Numazu_00375.jpg,3 0 488 459 590 5 252 453 413 600
test_Numazu_00021.jpg,2 37 307 187 549 8 248 322 358 448
test_Numazu_00149.jpg,5 0 394 507 599 5 226 412 574 599
test_Numazu_00190.jpg,1 83 357 195 474 2 350 383 559 600 2 246 311 320 485
test_Numazu_00099.jpg,5 172 494 295 598
test_Nagakute_00054.jpg,1 71 383 213 514
test_Muroran_00158.jpg,5 0 507 514 600 5 0 526 143 597
test_Numazu_00067.jpg,5 294 330 600 593 8 0 293 192 579
test_Adachi_00008.jpg,2 425 351 600 493
test_Muroran_00222.jpg,7 145 355 592 455 8 91 493 214 597
test_Muroran_00319.jpg,1 226 469 340 586 2 317 292 399 462 3 229 458 600 551 4 200 449 600 542
test_Adachi_00149.jpg,2 231 316 283 600
test_Muroran_00088.jpg,1 331 317 430 600
test_Nagakute_00209.jpg,5 103 486 444 600
test_Chiba_00064.jpg,8 358 425 563 578
test_Numazu_00120.jpg,5 231 318 460 591
test_Adachi_00241.jpg,2 114 444 212 596
test_Nagakute_00117.jpg,2 226 361 481 600
test_Adachi_00245.jpg,1 442 329 562 516 8 458 216 600 421
test_Numazu_00244.jpg,2 291 392 335 600 8 336 396 495 600
test_Nagakute_00081.jpg,1 90 403 198 532
test_Muroran_00309.jpg,5 287 434 600 594
test_Sumida_00216.jpg,7 94 436 600 529
test_Muroran_00036.jpg,2 29 406 204 591
test_Adachi_00307.jpg,5 0 438 284 552 8 387 349 600 545
test_Adachi_00248.jpg,5 176 285 600 567 5 385 298 597 517
test_Adachi_00191.jpg,1 494 253 598 428
test_Sumida_00228.jpg,2 0 183 272 517
test_Adachi_00167.jpg,2 373 338 444 545
test_Adachi_00258.jpg,2 380 367 569 600
test_Numazu_00243.jpg,8 1 309 170 516
test_Numazu_00115.jpg,2 0 183 272 517
test_Muroran_00270.jpg,3 0 491 468 595 5 57 347 490 585 5 176 333 389 526 5 230 347 372 461 8 318 342 478 562
test_Muroran_00092.jpg,5 0 335 305 599
test_Nagakute_00044.jpg,1 355 461 436 569 8 271 366 408 467
test_Ichihara_00017.jpg,7 164 413 600 521 7 0 430 489 525
test_Ichihara_00043.jpg,5 191 397 600 600 5 149 403 366 599
test_Numazu_00324.jpg,1 256 372 586 521 8 120 371 291 477
test_Sumida_00138.jpg,2 0 183 272 517
test_Adachi_00183.jpg,1 438 270 599 463
test_Muroran_00399.jpg,5 87 326 343 593
test_Muroran_00214.jpg,1 276 342 415 587 1 523 443 596 567 8 5 349 317 598 8 70 299 378 520
test_Numazu_00189.jpg,5 124 326 600 600
test_Adachi_00312.jpg,1 8 134 212 386
test_Muroran_00063.jpg,1 365 372 593 544 1 297 366 468 516
test_Muroran_00375.jpg,1 205 352 271 562 1 199 440 264 600 3 335 483 593 544
test_Muroran_00341.jpg,8 3 343 261 533 8 368 444 437 593
test_Numazu_00326.jpg,5 251 287 600 587 8 327 273 600 500
test_Numazu_00274.jpg,2 415 394 580 579
test_Adachi_00017.jpg,2 241 277 312 559
test_Adachi_00227.jpg,8 103 220 211 305
test_Nagakute_00108.jpg,2 179 398 283 597
test_Adachi_00024.jpg,2 44 208 274 600
test_Adachi_00326.jpg,2 371 179 596 449 8 1 152 165 435
test_Chiba_00051.jpg,1 419 494 501 587
test_Numazu_00169.jpg,5 72 295 215 577
test_Muroran_00332.jpg,5 343 357 600 600
test_Adachi_00168.jpg,2 357 454 434 598 8 21 297 256 479
test_Muroran_00033.jpg,1 264 436 357 600 5 98 373 600 588 8 417 447 512 600
test_Numazu_00096.jpg,5 11 445 145 582
test_Muroran_00234.jpg,5 175 374 600 595 5 197 406 450 599
test_Adachi_00271.jpg,7 134 333 600 587
test_Muroran_00279.jpg,1 323 452 446 600 2 54 389 187 590 2 281 373 344 598 8 332 461 440 597 8 4 386 112 493
test_Numazu_00231.jpg,5 64 368 506 591 5 1 413 306 597
test_Nagakute_00157.jpg,1 382 425 563 599
test_Adachi_00129.jpg,2 424 246 584 417 8 0 228 215 417
test_Nagakute_00266.jpg,1 237 325 299 490 1 16 383 165 478
test_Numazu_00228.jpg,1 281 410 367 558 8 272 416 355 555
test_Muroran_00387.jpg,2 29 364 172 599 2 269 402 353 590
test_Numazu_00070.jpg,5 19 422 396 584 8 292 388 445 595
test_Nagakute_00175.jpg,5 203 358 467 566
test_Nagakute_00192.jpg,2 312 332 581 589 8 338 343 600 590
test_Muroran_00282.jpg,5 275 415 550 559
test_Muroran_00080.jpg,2 216 364 344 597 2 383 351 472 600
test_Chiba_00008.jpg,1 277 478 369 573 2 431 429 563 591
test_Numazu_00226.jpg,5 37 353 502 598
test_Nagakute_00080.jpg,5 180 389 368 600
test_Numazu_00355.jpg,2 243 397 315 591 5 272 439 600 597
test_Muroran_00421.jpg,1 223 405 292 600
test_Numazu_00009.jpg,5 46 361 541 591
test_Chiba_00065.jpg,1 196 485 304 598
test_Sumida_00192.jpg,1 285 432 418 532
test_Adachi_00077.jpg,2 405 409 454 593
test_Nagakute_00236.jpg,1 268 393 351 547
test_Numazu_00081.jpg,1 278 339 448 583 8 41 256 226 581
test_Adachi_00176.jpg,2 404 307 491 446
test_Chiba_00007.jpg,8 368 433 508 579
test_Numazu_00383.jpg,2 412 327 540 589 2 293 306 369 585
test_Sumida_00150.jpg,8 395 431 554 567
test_Numazu_00275.jpg,2 320 289 415 586
test_Chiba_00016.jpg,1 324 475 405 580 2 468 482 600 575
test_Nagakute_00194.jpg,2 198 321 293 580
test_Numazu_00313.jpg,2 110 322 176 472 8 0 271 104 425
test_Nagakute_00126.jpg,2 291 345 600 588
test_Numazu_00136.jpg,2 128 381 215 572
test_Muroran_00107.jpg,5 42 373 476 599
test_Adachi_00319.jpg,2 490 338 597 490 2 372 191 476 341
test_Numazu_00138.jpg,5 87 428 600 594 5 0 383 196 508 5 0 483 488 599 5 2 522 173 600
test_Muroran_00151.jpg,1 321 437 423 597 1 435 439 597 599 1 194 411 250 598 5 441 444 597 599
test_Sumida_00117.jpg,2 342 422 431 527 8 125 441 238 555 8 460 446 597 524
test_Adachi_00328.jpg,1 380 213 580 561 1 438 332 583 555
test_Muroran_00016.jpg,1 477 430 570 598
test_Numazu_00175.jpg,1 170 432 251 595 8 276 408 539 595 8 3 392 200 559
test_Muroran_00110.jpg,1 224 363 517 588 2 330 397 549 600
test_Adachi_00025.jpg,2 300 268 394 461 2 298 293 360 558
test_Nagakute_00252.jpg,8 258 312 512 580 8 367 447 551 596
test_Numazu_00010.jpg,8 38 315 197 591
test_Numazu_00023.jpg,2 277 317 332 447 8 92 328 209 456
test_Adachi_00094.jpg,2 404 301 596 491 8 391 275 600 490
test_Adachi_00264.jpg,1 301 351 503 523 5 293 358 472 519
test_Adachi_00292.jpg,2 284 238 334 511
test_Sumida_00110.jpg,2 0 183 272 517
test_Nagakute_00220.jpg,2 236 301 460 600 3 170 467 359 517
test_Muroran_00135.jpg,5 300 360 600 598 5 151 359 507 594
test_Numazu_00183.jpg,5 210 349 491 600 5 35 369 388 507
test_Numazu_00294.jpg,5 137 377 254 591 8 1 288 171 470
test_Numazu_00163.jpg,1 255 394 537 592
test_Nagakute_00155.jpg,5 328 421 577 591
test_Numazu_00154.jpg,7 58 408 524 517 7 0 400 406 548 8 0 394 410 560
test_Muroran_00408.jpg,5 205 354 600 599 8 458 386 597 561
test_Numazu_00273.jpg,2 214 276 344 600
test_Nagakute_00214.jpg,2 22 296 190 568
test_Nagakute_00161.jpg,2 273 319 557 584
test_Numazu_00003.jpg,1 303 323 393 416 7 0 384 547 600
test_Muroran_00015.jpg,1 162 421 305 596 5 119 404 520 600
test_Muroran_00126.jpg,2 355 393 426 591
test_Adachi_00113.jpg,2 0 183 272 517
test_Nagakute_00123.jpg,5 62 355 468 600 5 288 364 461 584
test_Sumida_00001.jpg,2 0 183 272 517
test_Numazu_00174.jpg,8 6 255 213 562
test_Muroran_00423.jpg,1 343 434 514 598 5 114 394 550 600
test_Ichihara_00051.jpg,1 429 404 593 600 5 50 393 499 600 5 324 386 600 599
test_Adachi_00123.jpg,2 0 183 272 517
test_Adachi_00109.jpg,2 481 427 598 559
test_Nagakute_00208.jpg,8 309 489 415 599
test_Numazu_00017.jpg,2 0 183 272 517
test_Numazu_00039.jpg,2 260 346 501 582 2 258 349 386 491 2 396 507 487 599
test_Adachi_00036.jpg,2 432 247 599 442
test_Sumida_00213.jpg,2 328 395 437 528 8 323 395 432 527
test_Sumida_00225.jpg,8 386 428 565 560
test_Nagakute_00228.jpg,5 0 331 347 594 5 1 387 134 595
test_Muroran_00371.jpg,2 279 388 436 594 2 129 397 207 600
test_Nagakute_00015.jpg,7 0 419 516 600
test_Nagakute_00225.jpg,7 103 342 595 441 8 482 425 597 559 8 0 429 121 566
test_Muroran_00221.jpg,5 101 313 572 596
test_Adachi_00290.jpg,2 317 305 474 581 2 331 325 442 475 8 367 339 467 450
test_Numazu_00352.jpg,5 83 419 575 598 5 63 439 338 597 5 294 415 528 573
test_Chiba_00004.jpg,7 30 514 502 600
test_Muroran_00108.jpg,5 87 365 421 600
test_Numazu_00118.jpg,1 88 348 189 508 2 215 279 269 592 8 311 292 510 530
test_Sumida_00079.jpg,2 271 398 402 550 8 68 414 207 563
test_Adachi_00107.jpg,2 359 191 564 513 2 453 344 597 575 8 38 162 272 577 8 388 200 596 349 8 271 165 352 211
test_Adachi_00291.jpg,1 378 380 584 573 8 384 375 594 585
test_Numazu_00128.jpg,5 221 394 474 592 6 0 313 411 599
test_Sumida_00009.jpg,8 52 448 241 537 8 333 436 527 564
test_Numazu_00134.jpg,1 209 359 293 490 8 3 287 205 595 8 319 284 600 468
test_Nagakute_00047.jpg,5 87 372 549 597
test_Muroran_00212.jpg,5 128 353 427 593
test_Adachi_00060.jpg,2 0 183 272 517
test_Numazu_00249.jpg,2 270 365 537 599
test_Nagakute_00022.jpg,1 113 365 225 481
test_Adachi_00121.jpg,2 0 183 272 517
test_Numazu_00241.jpg,2 268 281 366 597 2 264 265 340 488
test_Adachi_00004.jpg,8 134 256 236 563
test_Numazu_00144.jpg,5 0 325 461 596 5 215 310 506 594 5 8 291 243 588 8 290 312 456 593
test_Chiba_00078.jpg,2 0 183 272 517
test_Muroran_00028.jpg,5 115 318 569 584
test_Nagakute_00191.jpg,1 26 430 150 582 5 201 512 353 600
test_Adachi_00155.jpg,2 388 313 600 526
test_Muroran_00410.jpg,1 401 433 559 598 5 397 420 560 600
test_Numazu_00028.jpg,1 248 350 404 509 2 142 308 260 594 2 450 491 555 596
test_Numazu_00034.jpg,5 243 357 453 593
test_Sumida_00094.jpg,2 150 419 256 542
test_Nagakute_00036.jpg,7 47 431 545 517
test_Ichihara_00013.jpg,2 0 183 272 517
test_Muroran_00373.jpg,8 123 359 263 500
test_Adachi_00216.jpg,1 458 350 600 454 1 159 329 251 451
test_Adachi_00110.jpg,1 278 421 358 600
test_Chiba_00074.jpg,7 120 495 600 596
test_Sumida_00198.jpg,2 369 413 522 562
test_Ichihara_00025.jpg,8 197 461 463 599 8 393 377 600 591
test_Muroran_00207.jpg,5 10 381 438 600
test_Sumida_00164.jpg,2 0 183 272 517
test_Adachi_00213.jpg,2 371 363 588 581
test_Ichihara_00037.jpg,1 369 419 495 593 8 2 407 241 592 8 398 384 591 588
test_Numazu_00117.jpg,2 0 183 272 517
test_Numazu_00107.jpg,8 119 286 267 494
test_Nagakute_00003.jpg,1 210 393 278 569
test_Sumida_00176.jpg,2 0 183 272 517
test_Muroran_00090.jpg,5 167 401 555 598
test_Chiba_00036.jpg,8 14 419 198 584
test_Sumida_00196.jpg,2 0 183 272 517
test_Adachi_00075.jpg,2 0 183 272 517
test_Adachi_00151.jpg,1 325 279 591 525 1 198 385 378 550
test_Numazu_00184.jpg,5 160 455 600 600
test_Muroran_00226.jpg,2 0 183 272 517
test_Ichihara_00003.jpg,1 325 417 473 597 1 380 399 585 573 2 358 395 599 560
test_Muroran_00160.jpg,2 17 379 250 600 2 350 334 407 595
test_Muroran_00149.jpg,5 59 374 477 600
test_Muroran_00251.jpg,8 1 349 215 593
test_Muroran_00122.jpg,2 0 183 272 517
test_Nagakute_00128.jpg,5 0 305 511 596 5 179 325 479 547
test_Nagakute_00049.jpg,2 278 316 451 577 2 324 384 481 600 5 32 408 480 593
test_Muroran_00292.jpg,5 102 340 550 595
test_Nagakute_00256.jpg,2 0 183 272 517
test_Sumida_00072.jpg,7 223 432 600 520
test_Muroran_00205.jpg,5 234 398 590 598
test_Muroran_00366.jpg,5 254 347 405 600
test_Numazu_00368.jpg,1 374 437 480 592 8 317 338 536 581 8 11 394 357 594 8 20 336 245 550
test_Adachi_00313.jpg,2 0 183 272 517
test_Nagakute_00233.jpg,1 347 380 530 600 2 169 332 278 586 2 339 337 585 598
test_Adachi_00322.jpg,2 492 401 592 576 8 331 325 530 409
test_Adachi_00083.jpg,2 330 186 427 564 8 0 228 209 505 8 241 176 335 309
test_Nagakute_00204.jpg,7 85 484 600 599
test_Numazu_00407.jpg,8 106 400 390 596 8 295 346 587 589 8 0 319 161 490
test_Adachi_00089.jpg,2 462 406 546 600 5 372 456 522 595 8 277 371 446 539 8 468 433 552 600
test_Numazu_00303.jpg,2 0 341 171 534
test_Chiba_00029.jpg,8 24 476 172 600
