test_Numazu_00321.jpg,7 36 331 600 536
test_Numazu_00126.jpg,2 206 405 261 599
test_Adachi_00249.jpg,1 229 352 492 600 8 147 353 473 592
test_Numazu_00119.jpg,2 270 364 529 600
test_Muroran_00176.jpg,5 175 420 600 600 8 358 426 512 600
test_Numazu_00373.jpg,7 80 329 580 471
test_Sumida_00209.jpg,2 407 451 516 550
test_Nagakute_00089.jpg,2 238 349 305 595 2 223 338 288 523 8 462 476 597 599 8 210 361 290 501
test_Muroran_00284.jpg,5 48 373 571 578
test_Ichihara_00022.jpg,5 356 432 561 599 8 156 382 494 600
test_Muroran_00385.jpg,5 54 382 374 596 5 347 390 600 600
test_Muroran_00389.jpg,1 456 385 600 581 1 366 325 589 579 2 364 301 600 589
test_Numazu_00157.jpg,2 0 183 272 517
test_Adachi_00134.jpg,2 1 282 122 552 8 344 374 597 574 8 324 346 543 505
test_Sumida_00086.jpg,2 0 183 272 517
test_Adachi_00199.jpg,1 126 204 280 442 1 337 201 478 381 8 7 287 150 432
test_Chiba_00046.jpg,8 314 408 481 569 8 3 420 188 587
test_Sumida_00102.jpg,2 316 404 393 555
test_Muroran_00024.jpg,1 469 504 600 599 2 360 494 444 599
test_Numazu_00379.jpg,2 246 288 322 425
test_Sumida_00051.jpg,8 371 420 567 558
test_Muroran_00402.jpg,5 150 393 582 484 5 71 380 600 550 8 456 357 600 483
test_Adachi_00150.jpg,2 0 183 272 517
test_Chiba_00006.jpg,1 414 451 571 563 8 134 488 287 589 8 414 444 584 573
test_Nagakute_00040.jpg,1 249 428 339 597 1 442 409 562 526
test_Sumida_00208.jpg,2 280 439 414 537 8 484 397 589 569
test_Adachi_00141.jpg,2 284 296 423 565
test_Chiba_00092.jpg,2 188 476 300 586 8 426 461 598 568
test_Numazu_00290.jpg,1 256 232 327 400 1 501 467 596 585 1 205 384 306 509 7 46 289 521 400
test_Ichihara_00001.jpg,2 5 396 259 589
test_Sumida_00180.jpg,8 433 443 600 548 8 121 469 222 564 8 25 443 187 547
test_Ichihara_00048.jpg,2 452 463 560 598
test_Numazu_00211.jpg,5 0 403 187 592
test_Nagakute_00013.jpg,8 157 351 269 522
test_Nagakute_00027.jpg,2 295 326 593 559 8 5 317 180 530 8 296 316 573 549
test_Chiba_00001.jpg,2 0 183 272 517
test_Chiba_00084.jpg,2 406 481 586 582
test_Adachi_00103.jpg,1 316 392 473 534
test_Numazu_00165.jpg,2 0 183 272 517
test_Nagakute_00112.jpg,1 53 383 185 572
test_Muroran_00069.jpg,5 356 488 521 600 8 143 403 200 600
test_Chiba_00049.jpg,8 335 397 519 575
test_Muroran_00103.jpg,1 440 443 521 598
test_Adachi_00040.jpg,1 8 273 211 541 1 0 261 441 472 3 160 321 555 429
test_Nagakute_00087.jpg,1 135 425 228 597 8 6 378 186 560
test_Numazu_00267.jpg,5 481 481 599 600 7 126 409 537 488
test_Ichihara_00034.jpg,1 436 451 595 596 1 218 440 585 595 1 70 419 270 599 5 86 416 277 597
test_Numazu_00087.jpg,2 327 350 518 598 5 73 333 291 600
test_Muroran_00041.jpg,2 0 390 169 558 5 165 367 600 596
test_Muroran_00346.jpg,8 0 298 209 559 8 407 437 546 600
test_Sumida_00169.jpg,2 53 401 277 524
test_Nagakute_00023.jpg,1 200 329 289 553 8 42 308 268 600
test_Sumida_00125.jpg,2 309 418 375 543
test_Numazu_00312.jpg,5 34 327 347 600
test_Adachi_00157.jpg,2 383 341 468 594
test_Muroran_00313.jpg,2 351 320 397 598
test_Muroran_00290.jpg,2 468 443 600 580 8 14 342 223 600
test_Numazu_00256.jpg,5 47 341 530 596
test_Adachi_00247.jpg,2 454 402 600 558 7 272 321 567 374
test_Muroran_00232.jpg,5 164 339 559 600
test_Adachi_00266.jpg,1 77 308 240 480 2 380 175 473 276 8 2 220 132 418
test_Chiba_00048.jpg,8 228 477 328 587 8 469 479 596 559
test_Nagakute_00132.jpg,8 1 351 187 600 8 305 322 600 581
test_Adachi_00031.jpg,2 292 456 401 582 2 164 264 427 460 8 451 345 597 454
test_Adachi_00046.jpg,8 369 211 502 570 8 1 198 170 286
test_Nagakute_00017.jpg,1 414 427 489 582
test_Adachi_00203.jpg,2 275 368 337 598
test_Chiba_00035.jpg,2 392 448 561 579
test_Nagakute_00092.jpg,5 39 350 600 594
test_Numazu_00344.jpg,5 16 418 439 551
test_Muroran_00305.jpg,1 55 399 248 591 5 432 443 583 600 8 457 466 590 600
test_Nagakute_00120.jpg,5 0 361 202 600 8 317 371 474 503
test_Muroran_00223.jpg,5 370 292 596 504 5 234 319 578 571
test_Adachi_00242.jpg,1 18 315 235 522 8 431 311 592 517
test_Sumida_00124.jpg,8 373 421 523 572
test_Numazu_00060.jpg,5 0 433 458 598
test_Numazu_00049.jpg,1 270 354 355 448 2 47 290 207 597 8 370 330 595 506
test_Sumida_00194.jpg,7 193 433 586 544
test_Numazu_00101.jpg,2 284 312 444 572 5 233 308 430 581
test_Nagakute_00170.jpg,8 0 351 568 600
test_Numazu_00080.jpg,1 398 460 590 589 8 292 407 474 600
test_Numazu_00311.jpg,5 31 403 539 597
test_Chiba_00018.jpg,2 147 472 332 591
test_Numazu_00309.jpg,5 317 392 424 505
test_Numazu_00386.jpg,1 128 363 206 584 2 360 370 579 574 8 354 356 587 579 8 0 328 134 532
test_Numazu_00359.jpg,2 109 385 262 600 5 119 392 547 600 5 136 406 302 600
test_Adachi_00090.jpg,3 426 409 600 467
test_Sumida_00143.jpg,7 93 438 570 560
test_Sumida_00047.jpg,2 357 385 538 517
test_Sumida_00078.jpg,2 243 407 305 559
test_Nagakute_00034.jpg,2 233 313 291 590 8 28 335 225 600
test_Muroran_00275.jpg,1 428 438 589 574 1 424 424 556 523 8 25 306 183 600 8 446 473 589 600
test_Numazu_00378.jpg,1 0 365 131 586 8 308 297 598 585 8 0 290 174 473 8 408 388 600 586
test_Nagakute_00152.jpg,1 488 431 597 538 1 137 488 251 600 8 2 400 121 544
test_Numazu_00380.jpg,7 51 382 600 600
test_Nagakute_00213.jpg,2 290 365 600 594 8 2 399 140 547
test_Numazu_00155.jpg,5 288 337 557 595 5 0 374 148 578 8 4 333 140 516 8 304 344 564 588
test_Chiba_00019.jpg,7 0 477 549 591
test_Sumida_00067.jpg,2 0 183 272 517
test_Numazu_00065.jpg,2 302 326 401 472
test_Sumida_00201.jpg,2 359 439 429 559
test_Numazu_00364.jpg,2 241 345 426 600
test_Numazu_00354.jpg,1 373 386 529 565 1 179 419 548 567 8 0 319 159 535 8 133 360 277 586
test_Numazu_00086.jpg,2 278 414 372 586 2 57 384 197 595 8 0 376 169 559 8 373 419 561 536
test_Chiba_00088.jpg,1 297 473 380 577 8 457 472 600 567
test_Chiba_00025.jpg,2 258 454 384 560
test_Chiba_00075.jpg,2 0 183 272 517
test_Nagakute_00163.jpg,1 57 273 166 418
test_Muroran_00195.jpg,1 155 324 389 587 1 203 398 274 600 5 3 394 171 600 5 0 355 441 599
test_Adachi_00106.jpg,2 369 279 559 600
test_Chiba_00070.jpg,2 456 497 545 582
test_Nagakute_00070.jpg,2 204 347 254 596
test_Adachi_00204.jpg,1 207 422 295 566
test_Muroran_00415.jpg,5 320 416 600 599
test_Adachi_00032.jpg,7 1 337 551 518
test_Adachi_00243.jpg,8 167 470 484 598 8 323 466 545 596
test_Sumida_00040.jpg,2 0 183 272 517
test_Nagakute_00162.jpg,1 104 433 248 600 8 312 366 600 595 8 0 365 150 562
test_Numazu_00403.jpg,8 3 278 186 471 8 331 313 600 560
test_Nagakute_00178.jpg,1 152 377 237 577 8 20 370 187 595
test_Muroran_00404.jpg,2 263 322 312 600
test_Numazu_00185.jpg,1 2 311 118 509 1 162 412 261 566 8 11 277 157 599 8 428 401 600 593
test_Numazu_00164.jpg,1 3 344 190 548 2 213 293 268 571 8 342 338 594 586
test_Muroran_00079.jpg,1 495 420 596 531 1 209 415 294 597 2 329 349 487 596
test_Nagakute_00012.jpg,2 107 401 275 596
test_Nagakute_00010.jpg,2 267 338 326 598
test_Adachi_00051.jpg,2 294 121 493 251 5 0 245 510 549
test_Muroran_00386.jpg,2 167 352 283 600 8 405 414 555 599
test_Nagakute_00083.jpg,5 62 334 491 596
test_Muroran_00029.jpg,2 340 377 446 551
test_Adachi_00190.jpg,8 252 428 366 598
test_Sumida_00058.jpg,2 29 418 212 517 8 374 454 561 559
test_Numazu_00033.jpg,5 156 331 311 583
test_Muroran_00125.jpg,2 333 383 523 588 6 60 353 472 582
test_Numazu_00356.jpg,5 150 435 600 598 5 5 510 123 600
test_Adachi_00005.jpg,3 118 488 600 581
test_Nagakute_00174.jpg,7 64 501 543 599
test_Chiba_00010.jpg,1 124 482 227 586 8 301 436 470 598 8 4 472 169 600
test_Nagakute_00062.jpg,1 269 384 434 600 2 215 375 453 600 5 286 386 436 599
test_Nagakute_00085.jpg,5 77 484 424 595 5 303 407 597 583 8 323 405 597 573
test_Nagakute_00058.jpg,1 277 417 365 582 8 5 330 160 462
test_Muroran_00055.jpg,5 461 393 591 501
test_Nagakute_00084.jpg,1 97 293 255 600 8 97 295 269 600
test_Sumida_00037.jpg,2 149 418 292 566
test_Nagakute_00240.jpg,1 205 326 299 420 8 266 288 594 537
test_Muroran_00141.jpg,5 76 442 491 600
test_Numazu_00204.jpg,3 179 474 566 587 5 0 361 532 590 8 5 278 183 481
test_Nagakute_00180.jpg,2 71 358 210 588
test_Adachi_00253.jpg,5 19 190 309 433
test_Adachi_00081.jpg,7 3 303 490 422
test_Numazu_00381.jpg,1 33 345 145 454 2 232 301 319 474
test_Muroran_00156.jpg,1 275 341 559 576 1 221 358 432 586 1 338 460 477 598 5 231 332 591 575 8 25 364 191 598
test_Sumida_00134.jpg,2 133 420 224 521
test_Numazu_00076.jpg,2 0 183 272 517
test_Ichihara_00049.jpg,8 0 474 122 580 8 477 466 599 581
test_Sumida_00190.jpg,2 0 183 272 517
test_Muroran_00201.jpg,1 321 377 501 600 1 40 385 193 599 2 311 310 510 545 5 296 312 505 558 8 4 365 182 588
test_Adachi_00286.jpg,1 18 369 317 546 1 42 308 500 542
test_Numazu_00092.jpg,2 170 370 244 552 5 91 410 243 600
test_Numazu_00218.jpg,5 252 416 534 564
test_Nagakute_00167.jpg,1 349 435 458 595 2 260 232 346 600 8 20 234 272 486
test_Numazu_00114.jpg,2 32 294 222 585 5 34 325 359 585
test_Adachi_00135.jpg,1 37 408 197 570 1 380 384 557 525
test_Chiba_00076.jpg,2 92 517 210 595 2 75 501 171 581
test_Muroran_00020.jpg,2 261 364 324 600
test_Muroran_00383.jpg,5 58 394 343 599
test_Numazu_00171.jpg,5 102 307 276 444 8 350 293 575 539
test_Numazu_00285.jpg,5 261 410 600 599 8 141 399 221 599
test_Sumida_00098.jpg,7 2 446 436 534
test_Muroran_00312.jpg,2 348 394 598 594 8 207 350 378 428
test_Nagakute_00146.jpg,5 194 409 600 600 5 349 419 600 591 8 90 417 597 599
test_Adachi_00308.jpg,2 0 183 272 517
test_Muroran_00014.jpg,2 297 356 457 600 5 353 351 598 544 5 300 355 512 599
test_Muroran_00333.jpg,2 0 183 272 517
test_Muroran_00174.jpg,1 154 388 281 596 2 160 384 293 598
test_Adachi_00014.jpg,2 200 374 332 598
test_Numazu_00230.jpg,2 285 417 484 584 8 83 304 214 472
test_Nagakute_00114.jpg,1 223 334 307 576 2 36 365 162 595 8 267 315 543 588
test_Muroran_00299.jpg,5 272 372 572 600
test_Nagakute_00196.jpg,1 214 351 328 521 1 42 341 170 463 8 3 319 171 456
test_Muroran_00240.jpg,1 167 422 269 595 8 435 383 599 556 8 73 389 259 598
test_Sumida_00033.jpg,2 327 404 424 516
test_Muroran_00112.jpg,5 57 406 355 600
test_Sumida_00105.jpg,2 0 183 272 517
test_Numazu_00338.jpg,5 410 468 600 584 8 254 423 372 545 8 42 449 205 598
test_Numazu_00202.jpg,8 446 478 570 600 8 4 268 218 484
test_Adachi_00069.jpg,2 0 183 272 517
test_Ichihara_00021.jpg,1 154 407 298 599 8 406 399 598 582 8 55 399 277 597
test_Numazu_00160.jpg,7 0 413 515 600
test_Adachi_00299.jpg,2 11 377 191 595
test_Muroran_00345.jpg,1 90 304 397 594 5 47 319 373 595 5 5 314 131 592
test_Muroran_00163.jpg,5 204 371 600 598 5 358 342 600 552 5 199 447 401 600
test_Numazu_00390.jpg,2 453 478 600 594 5 71 399 260 598 5 43 409 542 597 5 333 451 527 600
test_Adachi_00068.jpg,1 111 319 457 576 3 38 314 566 530
test_Chiba_00026.jpg,8 454 482 595 566 8 193 490 302 590
test_Adachi_00072.jpg,8 486 299 596 442
test_Nagakute_00125.jpg,3 0 376 468 551 3 203 401 600 525 3 8 414 302 568 5 373 384 600 535
test_Muroran_00260.jpg,1 394 483 586 600 1 301 451 386 598 2 299 439 382 596
test_Numazu_00176.jpg,2 289 343 594 597 2 230 308 342 598 3 2 408 143 505
test_Muroran_00005.jpg,2 96 368 215 578 5 154 415 600 596
test_Adachi_00329.jpg,2 381 361 585 597
test_Numazu_00333.jpg,7 31 426 600 600
test_Sumida_00081.jpg,7 23 457 559 567
test_Numazu_00310.jpg,1 434 372 600 534 2 283 353 414 594 5 428 362 590 525 8 440 360 598 500
test_Numazu_00284.jpg,2 241 329 299 600
test_Numazu_00357.jpg,2 319 383 554 589 8 282 367 528 587
test_Nagakute_00185.jpg,5 255 343 422 594
test_Muroran_00322.jpg,2 192 361 313 583
test_Nagakute_00091.jpg,5 39 284 204 528 5 339 252 495 361
test_Nagakute_00159.jpg,2 178 269 242 501 2 53 482 129 599
test_Adachi_00180.jpg,2 327 166 414 600
test_Adachi_00130.jpg,2 116 297 264 506 2 420 331 583 599 2 53 366 216 593 2 42 249 279 600 8 374 215 599 552
test_Numazu_00317.jpg,2 360 439 559 600
test_Numazu_00388.jpg,2 58 276 218 589 5 79 286 256 592
test_Numazu_00374.jpg,2 259 298 380 600 5 14 296 278 588 6 16 281 340 591
test_Nagakute_00029.jpg,2 364 275 423 439 7 0 425 507 597 8 100 289 308 436
test_Muroran_00006.jpg,2 389 361 557 569 8 429 387 556 525 8 17 343 283 599
test_Muroran_00397.jpg,7 281 292 565 355
test_Numazu_00396.jpg,2 297 450 383 596
test_Sumida_00060.jpg,2 55 479 176 568
test_Adachi_00164.jpg,5 42 308 357 569
test_Adachi_00236.jpg,8 399 266 597 495
test_Muroran_00131.jpg,1 408 450 494 598 1 194 449 280 595 8 65 376 274 600
test_Nagakute_00199.jpg,2 339 322 586 592 8 9 282 178 567
test_Muroran_00238.jpg,5 108 289 247 437 5 128 273 293 553
test_Sumida_00217.jpg,2 0 183 272 517
test_Muroran_00045.jpg,5 0 385 459 599 5 7 391 252 600
test_Nagakute_00254.jpg,8 1 323 199 522
test_Sumida_00226.jpg,8 209 426 311 576
test_Ichihara_00024.jpg,1 157 459 283 600 2 441 382 557 453
test_Adachi_00265.jpg,1 185 232 413 450
test_Adachi_00021.jpg,2 167 171 277 533
test_Muroran_00104.jpg,1 304 340 363 493 2 195 396 284 599 8 476 461 600 600 8 0 372 238 595
test_Sumida_00168.jpg,2 262 439 298 536
test_Nagakute_00099.jpg,5 132 346 482 597 5 364 406 599 600
test_Nagakute_00086.jpg,7 0 406 512 600
test_Nagakute_00121.jpg,1 76 429 186 600 1 214 420 289 593 8 1 393 139 579 8 312 419 515 600
test_Nagakute_00154.jpg,4 121 465 598 579 8 128 476 221 599
test_Numazu_00340.jpg,5 365 413 574 574 8 0 327 142 579
test_Numazu_00222.jpg,2 0 183 272 517
test_Muroran_00283.jpg,5 7 341 187 582 5 80 391 536 600
test_Sumida_00100.jpg,2 0 183 272 517
test_Numazu_00029.jpg,5 15 396 423 599 5 185 416 554 598
test_Numazu_00393.jpg,1 343 287 598 424 5 337 279 600 428
test_Adachi_00251.jpg,1 346 409 466 537
test_Nagakute_00216.jpg,5 15 464 138 594 5 221 477 523 597
test_Numazu_00405.jpg,5 164 327 342 564 8 342 266 600 541 8 4 254 166 445
test_Muroran_00071.jpg,5 350 392 452 560 5 0 410 599 600
test_Sumida_00227.jpg,2 353 411 459 552
test_Numazu_00131.jpg,5 32 359 294 588
test_Muroran_00198.jpg,5 0 368 513 596 5 31 362 410 500
test_Sumida_00042.jpg,1 381 425 442 473 8 247 403 340 454
test_Numazu_00348.jpg,5 74 442 380 586 5 430 445 599 596 5 184 446 600 600 8 444 455 600 595 8 3 424 82 550
test_Chiba_00020.jpg,2 0 183 272 517
test_Muroran_00261.jpg,1 136 387 216 588
test_Adachi_00224.jpg,2 192 179 316 574 2 184 359 277 579 2 449 306 593 485 2 263 149 321 314
test_Adachi_00195.jpg,1 351 497 509 600 3 98 433 339 501
test_Adachi_00124.jpg,2 407 378 600 589
test_Adachi_00131.jpg,1 326 358 505 518 5 326 354 486 491
test_Numazu_00254.jpg,1 47 379 258 599
test_Nagakute_00229.jpg,1 110 427 206 571 2 254 336 326 584 5 333 388 541 600
test_Nagakute_00144.jpg,1 11 383 245 568 2 52 380 243 542
test_Nagakute_00073.jpg,2 344 304 600 589 8 35 343 267 600
test_Nagakute_00021.jpg,2 90 256 225 600
test_Sumida_00029.jpg,2 365 440 453 549
test_Muroran_00365.jpg,1 454 404 593 562 8 0 377 215 581 8 401 422 552 598
test_Sumida_00030.jpg,8 356 415 531 557
test_Sumida_00165.jpg,2 0 417 215 552 2 56 435 165 519 8 417 451 575 562
test_Muroran_00023.jpg,5 90 314 547 600 5 289 359 600 600 5 23 306 329 600
test_Numazu_00361.jpg,2 0 183 272 517
test_Muroran_00295.jpg,5 235 470 393 578
test_Muroran_00179.jpg,2 370 440 483 596
test_Adachi_00219.jpg,5 328 395 463 502
test_Nagakute_00241.jpg,1 109 410 236 593 2 308 326 386 600 8 15 333 254 594 8 406 350 600 500
test_Numazu_00180.jpg,8 280 410 496 595
test_Ichihara_00046.jpg,2 141 410 307 574
test_Sumida_00123.jpg,2 0 389 219 547 8 6 418 173 520
test_Numazu_00108.jpg,5 450 409 596 561
test_Numazu_00288.jpg,2 302 422 441 590
test_Numazu_00258.jpg,2 0 183 272 517
test_Sumida_00096.jpg,2 3 407 169 520 2 225 427 312 546 8 424 433 590 577 8 476 495 585 582
test_Adachi_00262.jpg,7 61 400 589 563
test_Numazu_00372.jpg,2 119 302 255 600 5 164 295 575 597 6 219 277 500 576
test_Sumida_00118.jpg,2 0 183 272 517
test_Numazu_00385.jpg,5 11 349 205 591
test_Adachi_00327.jpg,8 441 377 600 535 8 17 400 251 559
test_Nagakute_00202.jpg,8 272 370 584 594
test_Numazu_00339.jpg,8 0 296 196 564 8 318 300 565 558
test_Nagakute_00217.jpg,1 162 387 275 599
test_Nagakute_00008.jpg,2 299 384 375 545 5 208 382 531 577
test_Chiba_00069.jpg,2 0 183 272 517
test_Numazu_00168.jpg,5 0 358 455 600 5 230 327 576 600 8 282 309 494 600 8 0 322 127 477
test_Chiba_00045.jpg,1 281 477 365 583 1 16 522 135 594 8 440 477 596 567 8 207 469 316 584
test_Sumida_00111.jpg,8 419 474 586 563
test_Numazu_00302.jpg,1 408 437 522 588 2 0 338 121 512
test_Muroran_00194.jpg,1 192 403 263 584 1 143 364 579 566 2 271 381 585 528 5 14 397 166 576
test_Numazu_00292.jpg,2 310 300 583 563
test_Numazu_00225.jpg,2 148 295 226 549 5 157 346 470 585
test_Sumida_00045.jpg,7 201 434 586 543
test_Sumida_00068.jpg,2 334 403 405 537
test_Muroran_00407.jpg,5 235 371 533 598
test_Muroran_00293.jpg,2 316 360 561 600 4 0 427 414 518
test_Muroran_00418.jpg,5 40 386 484 584
test_Ichihara_00030.jpg,5 70 394 311 600 5 125 390 592 599
test_Adachi_00117.jpg,2 0 183 272 517
test_Sumida_00106.jpg,8 420 415 600 520
test_Muroran_00153.jpg,1 104 432 262 593 1 447 341 594 445 8 2 340 250 580
test_Nagakute_00187.jpg,1 304 425 488 596 2 176 379 265 599 2 278 381 523 590
test_Adachi_00018.jpg,2 338 330 424 598
test_Muroran_00354.jpg,2 324 384 514 595
test_Numazu_00210.jpg,5 92 464 504 600 6 89 435 450 596
test_Ichihara_00026.jpg,8 441 483 559 599
test_Ichihara_00047.jpg,2 469 420 595 533
test_Adachi_00269.jpg,2 383 315 485 398 7 34 391 599 600
test_Adachi_00276.jpg,2 416 292 597 534
test_Nagakute_00190.jpg,1 35 345 217 567 2 308 287 591 600
test_Muroran_00425.jpg,8 280 316 340 600
test_Muroran_00074.jpg,2 0 183 272 517
test_Muroran_00130.jpg,5 139 374 455 598
test_Adachi_00153.jpg,1 268 442 364 596
test_Numazu_00395.jpg,2 53 376 227 598
test_Numazu_00366.jpg,2 289 364 438 585 2 3 388 109 577 7 93 270 390 339 8 412 376 600 576 8 246 438 319 578
test_Sumida_00166.jpg,2 327 387 393 539
test_Numazu_00259.jpg,1 336 448 420 600 1 466 430 577 536
test_Muroran_00315.jpg,5 88 343 585 600 5 332 367 600 595
test_Nagakute_00078.jpg,1 268 339 446 512 1 290 350 406 460 8 288 233 595 529 8 2 280 180 525
test_Numazu_00246.jpg,2 266 395 408 596 5 218 397 588 600 5 67 507 233 600 8 390 408 595 574
test_Chiba_00079.jpg,2 0 183 272 517
test_Numazu_00323.jpg,7 144 355 600 485
test_Numazu_00397.jpg,2 234 385 324 600
test_Numazu_00235.jpg,1 48 322 197 560 1 337 367 558 578 8 347 333 586 562
test_Numazu_00315.jpg,1 304 421 425 573 8 4 374 110 516 8 343 306 583 595
test_Chiba_00089.jpg,8 286 465 476 595
test_Adachi_00263.jpg,1 398 356 588 600
test_Adachi_00128.jpg,1 0 314 267 591 5 4 310 235 517
test_Muroran_00007.jpg,5 21 356 514 600
test_Numazu_00277.jpg,2 69 389 187 523 8 307 397 561 600 8 5 386 179 532
test_Nagakute_00109.jpg,2 237 293 413 543 2 299 379 464 600 3 82 430 334 493
test_Numazu_00281.jpg,5 15 346 246 590 8 391 327 599 450
test_Ichihara_00045.jpg,7 73 443 600 597
test_Muroran_00132.jpg,5 49 369 594 596
test_Muroran_00213.jpg,5 20 376 496 598
test_Muroran_00120.jpg,1 352 500 470 600 5 0 469 386 599
test_Numazu_00105.jpg,2 329 337 557 587
test_Nagakute_00201.jpg,5 208 398 385 598 8 23 403 186 600
test_Adachi_00096.jpg,2 292 308 413 590 8 276 331 469 404
test_Adachi_00270.jpg,2 189 337 252 600
test_Muroran_00419.jpg,5 36 339 559 596 5 269 332 541 557
test_Adachi_00289.jpg,8 0 296 253 600
test_Muroran_00298.jpg,2 381 391 582 597
test_Numazu_00036.jpg,2 7 268 209 600 5 56 317 293 577 8 354 401 550 589
test_Ichihara_00028.jpg,7 0 458 518 600 7 146 449 600 599
test_Numazu_00391.jpg,5 8 365 450 586
test_Nagakute_00244.jpg,1 304 407 408 538 8 1 317 192 506
test_Muroran_00294.jpg,5 140 416 348 591
test_Sumida_00193.jpg,2 188 407 286 542
test_Ichihara_00029.jpg,1 389 407 568 600
test_Muroran_00143.jpg,1 106 413 253 600 3 37 451 215 515 8 370 393 474 600
test_Sumida_00197.jpg,2 0 183 272 517
test_Sumida_00141.jpg,1 169 454 290 562 8 390 448 598 595 8 70 452 206 567
test_Muroran_00047.jpg,2 178 359 252 596 8 431 403 594 533
test_Muroran_00085.jpg,1 364 373 528 597 5 31 330 331 595 5 94 351 573 600 5 371 382 534 600
test_Muroran_00244.jpg,5 438 415 593 578 8 497 459 600 564 8 73 329 253 600
test_Muroran_00348.jpg,5 231 337 568 586
test_Nagakute_00250.jpg,7 3 382 600 600
test_Adachi_00154.jpg,1 399 399 565 587
test_Nagakute_00274.jpg,1 328 433 542 595 5 13 462 215 599 5 0 473 429 596 8 327 393 549 599 8 0 369 174 547
test_Adachi_00085.jpg,2 151 304 264 600 8 0 276 77 426
test_Adachi_00261.jpg,2 8 157 157 489
test_Sumida_00031.jpg,1 358 410 545 566 7 325 420 567 572
test_Muroran_00100.jpg,5 130 465 555 578
test_Nagakute_00198.jpg,1 249 409 313 590 2 250 402 310 599
test_Nagakute_00139.jpg,1 39 380 156 599 5 275 409 522 599 8 3 302 124 496
test_Numazu_00229.jpg,2 0 311 99 515
test_Adachi_00073.jpg,2 413 461 537 596 8 353 427 547 486
test_Muroran_00031.jpg,5 19 359 529 599
test_Muroran_00257.jpg,5 64 356 422 594 5 97 337 269 498
test_Muroran_00357.jpg,5 49 396 526 599
test_Numazu_00370.jpg,2 251 361 330 583
test_Nagakute_00168.jpg,4 13 459 471 564 8 362 369 498 515 8 11 329 178 469
test_Adachi_00165.jpg,7 32 192 581 393
test_Adachi_00208.jpg,2 116 399 213 511 5 344 337 585 593 5 141 372 600 596 8 416 388 572 600
test_Adachi_00086.jpg,1 154 322 256 514 1 315 297 420 412 1 9 321 151 419
test_Adachi_00273.jpg,2 140 245 292 600 8 218 283 393 422
test_Adachi_00225.jpg,8 26 234 234 533 8 57 149 385 400 8 141 191 481 498
test_Adachi_00030.jpg,7 0 174 535 372
test_Muroran_00204.jpg,1 395 384 546 600 5 112 324 513 575
test_Numazu_00240.jpg,2 257 372 412 597
test_Muroran_00328.jpg,1 310 400 371 599 1 169 429 282 600
test_Sumida_00043.jpg,2 331 460 384 554
test_Adachi_00228.jpg,7 55 334 600 598
test_Muroran_00008.jpg,5 151 338 564 592 5 3 433 161 599
test_Adachi_00029.jpg,8 414 222 596 355 8 1 203 199 361
test_Muroran_00384.jpg,2 387 349 584 600 5 382 372 597 600 5 435 493 566 594
test_Numazu_00250.jpg,2 107 327 251 586 2 295 314 564 600 2 378 400 545 595
test_Adachi_00240.jpg,2 0 183 272 517
test_Nagakute_00227.jpg,5 167 328 333 539
test_Ichihara_00038.jpg,1 406 381 506 574
test_Nagakute_00127.jpg,1 282 524 396 598
test_Adachi_00197.jpg,2 344 230 420 420 8 395 413 489 588
test_Muroran_00420.jpg,1 323 359 399 471 8 367 393 591 600 8 9 422 179 600
test_Adachi_00105.jpg,1 107 181 234 582 2 498 225 600 345 2 101 89 238 390
test_Numazu_00095.jpg,5 245 313 392 590 7 6 411 323 584 8 15 409 263 589
test_Muroran_00297.jpg,2 357 340 592 550 5 160 417 286 537
test_Nagakute_00226.jpg,1 90 355 176 471 8 272 333 518 593
test_Chiba_00052.jpg,2 0 183 272 517
test_Muroran_00115.jpg,2 297 347 363 600
test_Muroran_00058.jpg,1 329 520 512 597 8 0 506 104 599
test_Muroran_00381.jpg,2 119 347 194 585
test_Sumida_00151.jpg,2 372 388 507 544 2 414 431 500 532
test_Nagakute_00173.jpg,1 94 473 480 600 5 45 445 600 600 7 209 334 600 459 7 83 329 600 549
test_Chiba_00034.jpg,2 289 399 413 551
test_Muroran_00059.jpg,7 4 475 567 600
test_Numazu_00097.jpg,5 111 412 294 599
test_Numazu_00233.jpg,1 148 359 321 570 8 344 288 598 502
test_Chiba_00038.jpg,8 311 451 496 595
test_Adachi_00314.jpg,2 369 355 554 600
test_Sumida_00059.jpg,2 325 407 411 543
test_Sumida_00205.jpg,8 370 414 595 577
test_Muroran_00321.jpg,5 125 377 582 597 8 408 502 523 600
test_Nagakute_00016.jpg,5 60 364 563 596 5 285 392 600 597
test_Numazu_00268.jpg,8 128 361 300 600
test_Adachi_00246.jpg,7 0 142 475 325 7 97 144 587 280
test_Numazu_00384.jpg,7 45 300 584 465
test_Adachi_00087.jpg,2 343 433 416 595
test_Numazu_00170.jpg,7 134 347 507 512
test_Adachi_00127.jpg,1 136 467 213 598 8 362 305 598 568
test_Adachi_00172.jpg,1 139 211 285 467
test_Sumida_00041.jpg,2 0 183 272 517
test_Numazu_00193.jpg,1 49 417 157 567 8 346 282 595 532
test_Sumida_00028.jpg,2 360 418 483 554
test_Muroran_00376.jpg,5 62 352 415 508
test_Adachi_00237.jpg,8 265 307 593 512
test_Nagakute_00239.jpg,1 231 415 325 597 8 287 387 500 600
test_Ichihara_00042.jpg,1 395 402 515 475 8 4 478 156 598
test_Nagakute_00181.jpg,5 52 363 521 600
test_Sumida_00135.jpg,8 451 482 595 596
test_Numazu_00083.jpg,5 0 348 382 595 8 223 343 494 590
test_Muroran_00180.jpg,1 155 504 287 600
test_Muroran_00269.jpg,5 12 369 577 598
test_Numazu_00030.jpg,8 184 303 344 554
test_Chiba_00002.jpg,7 0 510 382 598
test_Numazu_00336.jpg,8 288 354 558 597 8 302 326 485 522 8 378 457 594 597 8 64 276 227 588
test_Adachi_00035.jpg,2 0 183 272 517
test_Nagakute_00030.jpg,1 352 445 581 595 2 265 353 358 599
test_Muroran_00035.jpg,1 65 403 223 595 8 442 380 597 543
test_Muroran_00424.jpg,5 54 412 600 598
test_Muroran_00186.jpg,1 271 334 330 542 1 143 369 246 592 8 0 341 216 567 8 356 352 468 504
test_Muroran_00326.jpg,5 40 368 297 600
test_Muroran_00417.jpg,2 389 334 597 598 8 188 383 337 550
test_Muroran_00398.jpg,5 361 419 594 593
test_Nagakute_00260.jpg,1 71 353 224 591 2 259 299 499 598 3 347 412 572 475
test_Muroran_00053.jpg,5 177 441 510 597
test_Sumida_00091.jpg,5 166 383 284 477
test_Sumida_00170.jpg,2 312 387 404 535
test_Muroran_00413.jpg,2 420 370 531 598 2 418 298 589 429 7 74 297 260 404 8 78 305 257 402
test_Muroran_00388.jpg,5 10 338 281 600 5 127 386 583 589 5 341 461 561 594
test_Adachi_00061.jpg,1 422 254 600 454
test_Nagakute_00074.jpg,5 113 337 288 600 8 456 364 597 479
test_Nagakute_00043.jpg,1 121 430 209 596 1 300 389 432 569 8 2 313 205 508
test_Adachi_00196.jpg,2 332 309 571 598
test_Muroran_00078.jpg,2 0 183 272 517
test_Adachi_00013.jpg,2 425 401 544 590
test_Numazu_00064.jpg,6 175 398 417 595
test_Muroran_00273.jpg,2 14 330 192 598
test_Nagakute_00041.jpg,1 237 493 385 600
test_Nagakute_00057.jpg,2 392 476 478 595
test_Ichihara_00002.jpg,1 376 420 531 592 8 23 450 199 597
test_Nagakute_00221.jpg,1 352 460 600 599 3 26 484 269 534
test_Muroran_00109.jpg,5 54 358 559 598
test_Numazu_00161.jpg,8 354 301 594 530 8 6 280 206 466
test_Adachi_00250.jpg,2 299 297 439 599
test_Muroran_00138.jpg,5 115 370 570 596
test_Muroran_00211.jpg,5 466 440 594 598
test_Nagakute_00061.jpg,7 0 443 534 599
test_Numazu_00006.jpg,2 0 183 272 517
test_Numazu_00353.jpg,2 308 352 471 600
test_Numazu_00201.jpg,2 318 465 389 593 2 442 462 508 599
test_Muroran_00391.jpg,2 338 376 438 600
test_Muroran_00219.jpg,2 343 349 599 569 2 273 357 356 599
test_Sumida_00018.jpg,8 439 487 599 577
test_Numazu_00147.jpg,5 1 421 410 596
test_Muroran_00344.jpg,5 29 358 576 596
test_Numazu_00013.jpg,5 137 307 223 404
test_Numazu_00261.jpg,2 83 264 229 597 2 86 368 182 585 2 140 268 220 471 5 37 370 212 575
test_Adachi_00098.jpg,1 394 408 482 519 2 163 371 260 588 7 197 301 600 389
test_Nagakute_00113.jpg,2 85 258 251 579
test_Numazu_00110.jpg,2 298 328 579 587 5 162 358 316 595 8 323 335 543 576 8 157 354 297 557
test_Adachi_00321.jpg,2 308 339 484 600
test_Chiba_00061.jpg,2 0 183 272 517
test_Adachi_00217.jpg,7 0 327 490 534
test_Nagakute_00116.jpg,1 321 386 501 599 1 301 380 425 512 1 166 434 247 576
test_Chiba_00011.jpg,2 366 442 595 575
test_Muroran_00310.jpg,1 472 426 597 537
test_Numazu_00178.jpg,5 153 495 328 598
test_Ichihara_00023.jpg,8 388 386 600 596
test_Adachi_00275.jpg,2 438 297 600 593
test_Numazu_00306.jpg,1 194 309 272 443 8 382 309 593 481
test_Nagakute_00140.jpg,2 235 393 414 600
test_Muroran_00098.jpg,2 380 406 594 594 8 9 472 127 595
test_Nagakute_00031.jpg,7 0 417 591 600
test_Numazu_00063.jpg,5 0 351 452 576 5 14 351 253 535 5 185 324 381 504
test_Muroran_00137.jpg,1 288 390 430 593 1 371 409 481 566
test_Nagakute_00038.jpg,5 138 459 256 555 8 8 412 187 600 8 399 349 588 556
test_Nagakute_00262.jpg,1 286 354 430 538 1 284 391 382 586 8 0 346 169 510
test_Adachi_00201.jpg,2 311 446 388 597 2 503 489 597 580 8 374 383 480 467
test_Muroran_00111.jpg,5 249 398 452 598 8 343 443 447 600
test_Muroran_00416.jpg,5 285 418 507 502 5 65 398 317 485
test_Chiba_00058.jpg,1 306 438 385 537
test_Nagakute_00149.jpg,2 373 408 525 509
test_Adachi_00318.jpg,7 118 141 583 261
test_Sumida_00056.jpg,7 58 459 556 553
test_Adachi_00161.jpg,8 145 341 447 597
test_Nagakute_00093.jpg,8 19 355 193 595 8 337 414 585 598
test_Nagakute_00147.jpg,1 53 423 179 600
test_Numazu_00093.jpg,2 0 183 272 517
test_Numazu_00192.jpg,2 18 290 196 600 2 119 280 209 431 5 324 324 598 577
test_Nagakute_00072.jpg,1 222 430 277 600 2 220 405 275 595
test_Adachi_00020.jpg,1 97 193 257 459 1 80 324 165 535 8 254 85 336 428 8 346 163 595 392
test_Sumida_00015.jpg,8 323 408 464 554
test_Muroran_00068.jpg,5 69 343 294 596 5 405 472 591 598 5 203 467 560 599 5 449 335 592 444 8 415 372 550 503
test_Numazu_00071.jpg,8 31 350 178 593
test_Adachi_00054.jpg,2 0 183 272 517
test_Sumida_00006.jpg,1 95 459 219 554 8 12 463 182 566
test_Numazu_00132.jpg,5 58 336 352 598
test_Muroran_00246.jpg,1 310 347 421 600
test_Numazu_00401.jpg,1 139 398 237 559 1 264 394 349 482 8 280 366 598 600
test_Numazu_00103.jpg,5 238 372 558 527
test_Sumida_00016.jpg,2 226 430 298 542
test_Muroran_00255.jpg,5 10 323 466 600 5 232 347 600 596
test_Numazu_00078.jpg,6 140 383 350 600
test_Muroran_00343.jpg,2 0 183 272 517
test_Nagakute_00066.jpg,2 276 336 324 595
test_Muroran_00060.jpg,1 129 449 220 578 1 424 443 599 586
test_Numazu_00350.jpg,2 308 325 361 584
test_Chiba_00021.jpg,1 416 465 584 560 5 334 459 600 581
test_Nagakute_00197.jpg,2 0 183 272 517
test_Adachi_00268.jpg,1 247 322 367 433
test_Muroran_00245.jpg,2 243 355 314 600
test_Numazu_00220.jpg,6 253 342 504 581
test_Muroran_00117.jpg,2 191 422 284 600 2 0 406 180 558
test_Adachi_00088.jpg,2 188 281 272 486
test_Numazu_00308.jpg,5 45 468 233 600 8 211 409 375 536
test_Muroran_00183.jpg,5 109 296 507 600
test_Sumida_00055.jpg,2 336 430 406 547 8 384 428 541 560
test_Nagakute_00265.jpg,2 358 424 594 600 2 147 320 271 535
test_Sumida_00195.jpg,8 414 444 598 583
test_Nagakute_00135.jpg,1 167 500 341 595 8 14 383 204 600 8 338 369 600 595
test_Sumida_00063.jpg,2 383 415 600 522 2 257 424 355 550 2 150 420 281 512
test_Adachi_00099.jpg,8 25 311 202 600
test_Adachi_00257.jpg,7 28 173 506 312
test_Numazu_00088.jpg,5 38 398 538 600 5 348 456 593 595 8 5 361 194 598 8 411 471 590 597
test_Chiba_00068.jpg,2 0 183 272 517
test_Muroran_00070.jpg,2 148 338 268 600
test_Sumida_00224.jpg,7 162 429 600 556
test_Nagakute_00007.jpg,2 50 325 247 600 5 157 327 600 591 5 198 388 357 588
test_Muroran_00286.jpg,5 66 374 505 599
test_Numazu_00090.jpg,2 283 347 412 600
test_Numazu_00251.jpg,8 329 415 449 535
test_Muroran_00012.jpg,5 346 392 594 592
test_Nagakute_00025.jpg,1 53 397 160 547 8 269 346 574 592
test_Muroran_00352.jpg,5 106 361 600 592 5 114 403 423 589
test_Muroran_00278.jpg,8 229 396 305 600
test_Muroran_00116.jpg,6 66 379 600 589
test_Numazu_00113.jpg,1 344 340 578 586 5 335 340 578 580 8 8 299 189 486
test_Muroran_00262.jpg,5 117 324 581 600
test_Muroran_00243.jpg,2 410 391 517 521 5 179 321 546 593 5 62 288 414 600 8 6 271 228 600
test_Sumida_00044.jpg,2 353 410 467 547
test_Sumida_00052.jpg,2 106 404 252 564 2 122 443 223 540
test_Sumida_00095.jpg,1 165 399 261 493
test_Muroran_00422.jpg,1 62 366 171 584
test_Adachi_00120.jpg,2 380 240 564 536
test_Muroran_00342.jpg,2 400 409 590 591 5 0 360 314 598 5 102 384 505 598
test_Nagakute_00004.jpg,1 430 451 577 599 1 275 442 573 596 1 112 440 424 597 5 74 455 265 600
test_Sumida_00035.jpg,2 325 405 410 541 8 473 442 594 515
test_Adachi_00287.jpg,2 429 334 578 521
test_Adachi_00139.jpg,1 452 419 590 597 8 427 200 600 349
test_Adachi_00070.jpg,2 347 366 512 599
test_Muroran_00022.jpg,5 37 445 287 600 5 35 420 536 595 8 321 384 381 548
test_Nagakute_00134.jpg,1 0 421 254 600 2 240 311 400 586
test_Sumida_00046.jpg,2 318 407 379 543
test_Sumida_00087.jpg,2 376 420 480 562 2 370 417 448 516
test_Numazu_00221.jpg,2 270 368 341 595 2 246 309 358 600 8 309 331 394 435
test_Nagakute_00096.jpg,1 339 371 473 542 1 197 489 334 594 2 14 283 140 392
test_Sumida_00027.jpg,1 341 420 409 555
test_Adachi_00296.jpg,2 371 312 597 565
test_Ichihara_00014.jpg,1 162 498 266 599 2 415 422 600 582
test_Muroran_00091.jpg,1 10 417 173 600 1 35 420 145 541 2 311 355 486 590 2 299 335 420 486 8 312 354 415 477
test_Adachi_00330.jpg,5 157 218 350 345 5 396 224 591 364 5 187 215 600 365 7 104 258 554 600
test_Adachi_00315.jpg,7 58 182 549 269
test_Sumida_00082.jpg,2 284 397 325 508
test_Muroran_00247.jpg,8 78 377 205 595
test_Nagakute_00032.jpg,2 130 355 226 600
test_Sumida_00053.jpg,8 338 423 431 538
test_Adachi_00277.jpg,2 16 347 106 468
test_Sumida_00128.jpg,8 72 392 171 541
test_Muroran_00172.jpg,5 0 397 452 597
test_Nagakute_00248.jpg,1 69 458 191 593 8 233 307 600 596
test_Numazu_00062.jpg,1 78 413 189 540 5 279 412 534 590 5 76 396 204 538 8 273 309 582 539 8 1 342 114 446
test_Muroran_00083.jpg,5 230 314 351 506 5 333 336 588 598
test_Nagakute_00259.jpg,1 312 382 497 596 8 0 316 214 600
test_Numazu_00239.jpg,6 228 424 375 519
test_Muroran_00335.jpg,5 358 412 600 600 5 42 354 220 600 5 0 352 480 587
test_Nagakute_00235.jpg,1 222 438 474 590 8 0 334 188 506
test_Numazu_00212.jpg,8 280 401 570 600
test_Numazu_00342.jpg,1 105 365 269 599
test_Nagakute_00176.jpg,1 401 353 517 442 1 402 453 504 592 2 400 439 507 600 8 0 348 517 600
test_Muroran_00003.jpg,5 139 362 450 595
test_Muroran_00409.jpg,5 0 376 470 593 5 146 363 600 600
test_Nagakute_00246.jpg,2 253 377 339 600
test_Numazu_00206.jpg,2 0 183 272 517
test_Sumida_00212.jpg,2 0 183 272 517
test_Numazu_00053.jpg,1 353 387 493 580 2 353 376 495 576 8 401 350 595 541
test_Sumida_00156.jpg,2 198 450 273 559
test_Muroran_00142.jpg,2 0 183 272 517
test_Nagakute_00130.jpg,1 177 435 246 599
test_Numazu_00389.jpg,5 0 352 597 597
test_Adachi_00185.jpg,1 236 363 403 600
test_Sumida_00007.jpg,5 154 431 336 526 8 5 413 93 555
test_Muroran_00052.jpg,1 76 395 318 585 1 403 374 597 505
test_Chiba_00041.jpg,2 0 183 272 517
test_Numazu_00072.jpg,8 318 322 489 460 8 367 357 526 468 8 175 270 252 387
test_Sumida_00076.jpg,2 340 423 411 557
test_Sumida_00186.jpg,8 419 455 595 596
test_Sumida_00088.jpg,2 0 183 272 517
test_Sumida_00080.jpg,8 329 397 427 537
test_Sumida_00019.jpg,7 126 463 600 568
test_Sumida_00131.jpg,8 142 430 258 561
test_Muroran_00206.jpg,5 0 357 337 595
test_Adachi_00238.jpg,2 225 198 285 493
test_Muroran_00263.jpg,1 291 395 466 599 5 0 389 70 597 5 290 390 471 598
test_Muroran_00128.jpg,2 427 379 588 524 8 28 414 192 599
test_Numazu_00272.jpg,5 212 318 361 599 8 300 314 394 438
test_Muroran_00300.jpg,3 330 526 529 587
test_Adachi_00220.jpg,2 0 183 272 517
test_Sumida_00137.jpg,2 1 417 194 542 2 329 425 412 539
test_Muroran_00318.jpg,2 302 369 356 599 5 6 435 226 600
test_Numazu_00343.jpg,7 0 396 536 598
test_Adachi_00198.jpg,2 343 298 590 548
test_Muroran_00252.jpg,2 297 307 373 558
test_Sumida_00145.jpg,8 382 429 549 564
test_Muroran_00224.jpg,5 18 361 228 564 8 323 401 409 593
test_Muroran_00334.jpg,2 278 353 511 546 2 248 328 448 495
test_Numazu_00360.jpg,1 171 302 245 569 8 306 281 579 586 8 2 282 168 476
test_Muroran_00401.jpg,8 314 436 413 594
test_Nagakute_00067.jpg,1 162 393 349 594
test_Nagakute_00019.jpg,2 391 303 589 478
test_Numazu_00197.jpg,2 0 183 272 517
test_Muroran_00113.jpg,5 113 360 324 600 5 405 353 596 558
test_Nagakute_00153.jpg,7 0 427 580 600
test_Sumida_00064.jpg,2 112 401 200 527
test_Muroran_00216.jpg,5 24 361 504 600 5 0 366 229 600
test_Numazu_00208.jpg,1 257 453 332 596 5 180 406 600 600 8 325 423 432 513
test_Sumida_00013.jpg,2 406 440 598 598
test_Nagakute_00183.jpg,1 0 362 119 492 8 1 355 126 507 8 171 363 292 448
test_Muroran_00379.jpg,5 137 427 314 600
test_Adachi_00223.jpg,2 0 183 272 517
test_Nagakute_00048.jpg,1 55 424 190 598 2 260 383 417 598 8 270 391 411 598
test_Muroran_00241.jpg,2 179 287 249 432 7 0 422 501 598 8 33 303 201 464
test_Adachi_00059.jpg,2 124 292 290 586
test_Sumida_00144.jpg,2 0 183 272 517
test_Adachi_00160.jpg,2 315 337 396 567
test_Muroran_00154.jpg,5 113 384 459 595
test_Adachi_00138.jpg,2 432 295 597 553
test_Numazu_00400.jpg,2 112 419 196 599 2 270 384 351 597 2 133 390 337 600
test_Muroran_00067.jpg,5 181 392 600 596 8 107 356 309 600
test_Muroran_00026.jpg,2 325 323 506 600 2 119 354 279 600
test_Adachi_00179.jpg,5 248 362 525 599 5 0 417 517 597 8 295 314 528 592
test_Chiba_00063.jpg,8 461 484 594 574
test_Sumida_00167.jpg,8 412 462 593 599
test_Adachi_00231.jpg,1 160 116 291 514 1 370 181 594 478 1 289 126 561 404
test_Adachi_00260.jpg,2 447 351 596 486
test_Sumida_00024.jpg,2 209 395 288 524 8 347 426 445 535
test_Nagakute_00122.jpg,2 235 316 357 524 3 109 377 285 431
test_Adachi_00320.jpg,1 144 260 233 432 2 347 168 468 542 2 310 124 422 428 2 303 119 380 305 8 300 170 383 368
test_Numazu_00159.jpg,1 5 405 178 599
test_Adachi_00074.jpg,1 425 413 566 600
test_Muroran_00405.jpg,2 265 321 429 597 2 373 357 600 553
test_Chiba_00039.jpg,5 136 471 529 570
test_Muroran_00066.jpg,5 0 370 490 596 6 238 417 523 579
test_Muroran_00148.jpg,2 312 388 367 530 8 498 470 597 591 8 86 380 279 600
test_Muroran_00144.jpg,5 80 447 481 595
test_Muroran_00013.jpg,2 0 183 272 517
test_Sumida_00036.jpg,2 26 441 203 567
test_Muroran_00228.jpg,5 195 440 494 599
test_Muroran_00349.jpg,2 135 331 210 598 8 313 378 416 481
test_Muroran_00364.jpg,8 126 392 272 597 8 381 342 594 504
test_Sumida_00202.jpg,2 261 422 313 562
test_Adachi_00302.jpg,2 0 183 272 517
test_Nagakute_00182.jpg,8 301 330 527 587
test_Nagakute_00242.jpg,2 0 377 184 600 2 291 356 429 600
test_Chiba_00082.jpg,8 311 470 578 599
test_Ichihara_00019.jpg,8 9 437 235 595
test_Numazu_00237.jpg,5 60 399 421 599
test_Muroran_00353.jpg,2 0 183 272 517
test_Sumida_00021.jpg,2 0 183 272 517
test_Numazu_00325.jpg,1 328 459 498 541 1 77 418 170 589 8 8 399 151 568
test_Numazu_00262.jpg,1 55 356 184 465 8 285 283 531 581 8 197 425 301 593
test_Numazu_00207.jpg,1 359 361 544 546 7 193 267 464 343
test_Adachi_00215.jpg,2 361 223 531 588
test_Muroran_00412.jpg,5 28 359 491 600
test_Adachi_00324.jpg,2 403 388 593 541 2 167 379 279 594
test_Numazu_00141.jpg,2 244 353 344 596 8 297 327 516 599
test_Sumida_00122.jpg,7 73 435 524 523
test_Sumida_00116.jpg,2 0 183 272 517
test_Nagakute_00258.jpg,5 353 449 490 562 7 113 368 538 456
test_Adachi_00002.jpg,2 75 191 301 600 2 149 196 293 495
test_Sumida_00200.jpg,5 248 443 347 548
test_Numazu_00198.jpg,1 243 306 390 556 5 130 344 600 581 5 240 322 384 584
test_Numazu_00059.jpg,7 0 376 508 584 7 152 380 600 600
test_Muroran_00258.jpg,1 246 377 383 600 1 11 349 171 600 1 226 341 333 567 5 8 338 178 600 8 359 413 535 597
test_Numazu_00016.jpg,2 307 331 457 560
test_Muroran_00044.jpg,5 44 366 600 600
test_Sumida_00104.jpg,2 248 409 381 531 2 365 405 413 502
test_Nagakute_00261.jpg,1 30 433 143 558 8 6 334 199 533
test_Sumida_00211.jpg,8 344 406 535 554
test_Adachi_00022.jpg,1 289 485 401 598 1 185 346 275 483
test_Adachi_00095.jpg,2 191 348 289 596
test_Muroran_00272.jpg,8 377 406 531 563
test_Adachi_00294.jpg,2 346 237 511 564 2 392 322 539 594 2 359 249 466 452 7 203 189 524 251
test_Adachi_00084.jpg,1 381 476 488 598
test_Muroran_00127.jpg,5 274 460 372 590 8 406 325 593 450
test_Adachi_00019.jpg,8 355 440 474 600 8 233 376 370 458
test_Adachi_00136.jpg,2 285 74 479 252 7 10 241 541 600
test_Sumida_00154.jpg,1 381 425 442 473 8 246 403 344 454
test_Numazu_00188.jpg,1 393 385 529 492
test_Nagakute_00141.jpg,3 137 370 309 436
test_Adachi_00091.jpg,1 137 379 317 599
test_Chiba_00044.jpg,8 321 454 433 589 8 174 461 271 599
test_Muroran_00082.jpg,5 2 317 541 600
test_Muroran_00050.jpg,5 220 363 600 593
test_Nagakute_00105.jpg,2 338 445 498 599 8 371 522 581 599
test_Muroran_00167.jpg,5 10 330 408 597
test_Sumida_00017.jpg,1 183 427 311 524
test_Adachi_00063.jpg,2 475 284 597 439
test_Numazu_00387.jpg,2 0 183 272 517
test_Numazu_00399.jpg,5 0 305 283 508 5 366 381 571 542 6 0 301 291 496
test_Sumida_00103.jpg,7 149 464 600 569
test_Muroran_00057.jpg,5 251 386 525 587 6 266 384 466 536
test_Muroran_00061.jpg,1 426 339 593 517 2 279 384 341 600 2 243 350 348 600
test_Muroran_00077.jpg,2 191 370 240 600 5 72 376 378 600
test_Nagakute_00028.jpg,1 293 444 440 531 2 115 452 190 596 5 277 421 455 543
test_Muroran_00331.jpg,5 0 334 86 545 7 109 357 589 520
test_Numazu_00040.jpg,8 333 295 600 481 8 14 278 201 600
test_Ichihara_00032.jpg,7 77 479 594 599
test_Muroran_00170.jpg,8 0 379 190 568
test_Muroran_00185.jpg,5 66 350 545 598
test_Nagakute_00110.jpg,2 332 232 596 498 8 11 266 236 575
test_Nagakute_00210.jpg,2 352 427 597 500 8 60 399 281 505
test_Muroran_00250.jpg,2 388 370 510 563 5 149 405 291 593 5 91 397 555 598 8 273 472 335 600
test_Chiba_00037.jpg,7 167 496 600 587
test_Sumida_00221.jpg,2 0 183 272 517
test_Numazu_00152.jpg,2 0 183 272 517
test_Muroran_00182.jpg,1 187 418 274 595
test_Sumida_00089.jpg,7 79 444 600 541
test_Muroran_00288.jpg,5 131 344 504 591
test_Muroran_00150.jpg,5 271 293 489 442 5 233 447 563 599
test_Chiba_00031.jpg,2 69 462 194 596
test_Sumida_00075.jpg,2 215 400 290 544
test_Numazu_00075.jpg,5 22 388 273 596
test_Numazu_00234.jpg,1 238 358 302 570
test_Numazu_00091.jpg,1 188 406 264 592 8 19 267 216 600 8 363 313 600 483
test_Chiba_00094.jpg,2 0 183 272 517
test_Adachi_00078.jpg,1 374 311 509 470 8 363 248 600 430
test_Sumida_00012.jpg,2 370 440 499 589
test_Muroran_00306.jpg,2 289 334 338 600
test_Sumida_00073.jpg,2 250 400 349 538 2 248 428 287 543
test_Muroran_00171.jpg,5 78 364 576 596
test_Muroran_00105.jpg,8 364 486 521 600
test_Nagakute_00263.jpg,1 288 347 483 549
test_Adachi_00062.jpg,7 76 359 539 495 8 0 412 213 589
test_Adachi_00122.jpg,1 132 258 365 559
test_Sumida_00121.jpg,8 5 439 225 567
test_Muroran_00380.jpg,1 129 455 246 596 8 395 413 596 599
test_Adachi_00016.jpg,1 363 336 475 518
test_Muroran_00187.jpg,5 53 369 436 594
test_Adachi_00221.jpg,1 389 418 482 539 8 399 379 553 550
test_Adachi_00317.jpg,2 0 340 155 494 2 459 360 596 474 8 455 363 593 483
test_Adachi_00207.jpg,1 420 217 593 448
test_Adachi_00218.jpg,1 437 188 560 543 2 448 212 559 535 7 0 223 356 522
test_Adachi_00015.jpg,1 115 99 256 516 8 471 238 600 380
test_Adachi_00209.jpg,1 403 277 525 468 1 382 276 579 543 2 4 196 158 519
test_Numazu_00186.jpg,5 249 340 535 514 5 263 337 434 471
test_Numazu_00304.jpg,2 276 249 573 576 8 300 271 599 589
test_Sumida_00222.jpg,2 0 183 272 517
test_Numazu_00153.jpg,6 184 396 394 592 8 408 403 599 600 8 152 390 390 592 8 109 374 275 600
test_Nagakute_00273.jpg,1 75 466 156 597 2 241 225 327 600 5 300 301 571 564 8 23 249 211 563
test_Muroran_00032.jpg,5 77 345 540 596 5 309 370 600 579 5 42 336 318 575 8 372 367 600 575 8 391 374 540 483
test_Numazu_00377.jpg,2 74 336 259 590
test_Adachi_00234.jpg,2 0 183 272 517
test_Nagakute_00272.jpg,1 456 425 588 532
test_Chiba_00060.jpg,8 215 466 327 589 8 414 458 599 572
test_Numazu_00182.jpg,1 62 508 156 599 1 292 439 422 593 2 289 421 423 600 5 287 438 428 600
test_Adachi_00293.jpg,2 0 183 272 517
test_Ichihara_00005.jpg,2 472 428 600 568 8 21 401 261 596
test_Nagakute_00118.jpg,8 303 332 567 598
test_Sumida_00054.jpg,2 0 183 272 517
test_Numazu_00054.jpg,2 250 376 345 599 8 352 439 568 600
test_Nagakute_00188.jpg,8 288 375 504 598
test_Numazu_00058.jpg,5 71 427 333 596
test_Adachi_00082.jpg,2 94 266 263 445
test_Muroran_00307.jpg,5 105 401 556 600 5 0 471 69 595
test_Adachi_00003.jpg,2 0 318 180 471
test_Muroran_00010.jpg,2 144 377 274 600
test_Numazu_00404.jpg,5 222 350 523 577 6 215 361 500 583
test_Numazu_00227.jpg,5 78 406 596 599 5 311 432 589 592 8 44 361 216 595
test_Nagakute_00011.jpg,5 106 323 552 546 7 65 325 533 566 8 225 317 528 551
test_Muroran_00254.jpg,1 371 378 586 582 1 345 346 537 517 1 101 366 195 470 8 340 386 436 521
test_Nagakute_00033.jpg,1 75 487 154 600 2 224 360 490 600
test_Muroran_00175.jpg,5 77 396 557 595
test_Sumida_00057.jpg,7 194 434 582 543
test_Numazu_00122.jpg,1 0 386 136 582
test_Sumida_00127.jpg,7 11 483 580 567
test_Sumida_00149.jpg,2 0 183 272 517
test_Numazu_00024.jpg,2 185 383 247 589 3 229 430 475 484 8 372 341 600 562 8 2 332 160 519
test_Nagakute_00005.jpg,5 48 416 313 599
test_Chiba_00093.jpg,5 299 460 371 593 8 446 468 596 555
test_Muroran_00358.jpg,2 0 183 272 517
test_Sumida_00092.jpg,2 0 183 272 517
test_Adachi_00093.jpg,2 217 298 282 549 8 191 340 600 580 8 155 340 535 469
test_Numazu_00106.jpg,5 83 409 571 581
test_Muroran_00051.jpg,1 7 437 163 596 5 3 372 155 526 5 263 337 534 600
test_Muroran_00209.jpg,5 98 350 600 595
test_Nagakute_00024.jpg,5 0 455 354 598
test_Sumida_00183.jpg,2 0 183 272 517
test_Numazu_00079.jpg,1 215 412 276 581 8 298 408 571 599
test_Adachi_00056.jpg,2 346 236 510 564 2 398 329 539 595 2 360 247 467 462 7 201 192 524 252
test_Numazu_00158.jpg,2 308 273 479 588
test_Nagakute_00269.jpg,5 77 342 351 582
test_Sumida_00177.jpg,8 422 422 594 555
test_Numazu_00050.jpg,7 0 392 523 590
test_Nagakute_00223.jpg,8 86 354 600 589
test_Numazu_00236.jpg,5 0 350 490 600
test_Muroran_00362.jpg,5 188 363 471 600 8 475 465 600 586
test_Muroran_00316.jpg,5 81 349 286 595
test_Numazu_00167.jpg,7 0 378 526 600
test_Nagakute_00207.jpg,2 262 240 513 597 2 326 267 595 504 3 358 401 543 476
test_Numazu_00253.jpg,2 293 302 529 590
test_Chiba_00003.jpg,2 399 447 569 575
test_Muroran_00118.jpg,2 299 371 355 599 5 329 402 600 599
test_Nagakute_00082.jpg,1 399 344 569 505 2 114 335 286 596
test_Adachi_00202.jpg,2 119 383 290 522
test_Muroran_00411.jpg,5 0 364 474 598
test_Adachi_00076.jpg,8 175 281 513 565 8 65 252 324 519
test_Muroran_00369.jpg,7 0 434 537 600
test_Muroran_00400.jpg,2 428 448 577 597 6 0 434 255 594
test_Adachi_00316.jpg,1 175 398 226 579
test_Ichihara_00016.jpg,2 0 183 272 517
test_Nagakute_00271.jpg,1 343 370 572 597 1 422 438 571 595 2 318 460 408 595 8 84 262 222 600
test_Muroran_00166.jpg,1 134 413 278 598 5 74 403 326 590
test_Nagakute_00107.jpg,2 136 377 221 600 8 258 316 591 582
test_Chiba_00032.jpg,1 388 448 581 584
test_Muroran_00191.jpg,1 0 446 359 590 5 79 451 600 595
test_Adachi_00278.jpg,8 365 309 600 537
test_Numazu_00392.jpg,2 273 319 347 569
test_Numazu_00314.jpg,2 264 393 329 600
test_Numazu_00015.jpg,5 43 297 351 593
test_Adachi_00310.jpg,2 301 60 409 488 2 321 144 442 600
test_Nagakute_00018.jpg,1 7 375 121 497
test_Chiba_00009.jpg,2 15 472 82 593
test_Sumida_00178.jpg,2 0 183 272 517
test_Nagakute_00050.jpg,8 257 397 377 599
test_Numazu_00026.jpg,1 257 308 392 510
test_Muroran_00393.jpg,5 40 399 526 600
test_Numazu_00044.jpg,2 127 287 230 587 8 373 304 597 492
test_Muroran_00291.jpg,1 229 349 293 596 8 84 408 215 600
test_Muroran_00363.jpg,1 169 480 263 599 2 405 378 581 558 8 0 373 219 534 8 395 372 579 561
test_Adachi_00169.jpg,1 197 313 302 567
test_Adachi_00267.jpg,2 389 285 471 529
test_Chiba_00028.jpg,8 458 485 593 565
test_Sumida_00214.jpg,8 70 467 194 564
test_Adachi_00044.jpg,2 6 158 152 280 2 52 183 205 541 2 100 150 229 373
test_Muroran_00203.jpg,5 134 357 600 573 5 203 353 520 519
test_Numazu_00305.jpg,1 18 458 202 598 1 0 423 298 586 8 0 422 382 531
test_Muroran_00168.jpg,5 236 363 600 595
test_Numazu_00140.jpg,8 170 515 600 595
test_Numazu_00008.jpg,2 0 183 272 517
test_Chiba_00062.jpg,8 284 459 455 600
test_Nagakute_00165.jpg,2 7 372 184 592 4 23 368 588 458 4 170 480 600 581
test_Sumida_00155.jpg,2 140 437 255 552
test_Muroran_00129.jpg,2 111 433 205 600 2 355 352 576 600 2 120 357 249 600
test_Sumida_00129.jpg,2 185 445 305 564 2 429 469 557 579
test_Chiba_00024.jpg,2 0 183 272 517
test_Sumida_00189.jpg,1 293 420 371 534
test_Muroran_00114.jpg,2 378 494 479 597 5 165 389 314 553
test_Sumida_00163.jpg,2 0 183 272 517
test_Numazu_00156.jpg,2 299 301 458 474 3 245 392 427 450 8 359 327 593 545
test_Numazu_00334.jpg,1 221 463 296 582
test_Muroran_00139.jpg,2 0 183 272 517
test_Sumida_00113.jpg,2 0 183 272 517
test_Ichihara_00018.jpg,1 323 441 486 594 8 427 405 600 556
test_Adachi_00011.jpg,2 210 310 476 583 8 0 256 89 426
test_Sumida_00011.jpg,5 248 448 414 557 8 383 426 515 579
test_Nagakute_00129.jpg,2 231 335 454 598 5 270 407 543 596
test_Adachi_00170.jpg,1 418 348 598 528 5 157 386 567 600
test_Adachi_00239.jpg,1 481 378 595 543
test_Numazu_00300.jpg,2 282 409 364 516
test_Sumida_00107.jpg,2 0 183 272 517
test_Numazu_00166.jpg,1 65 401 190 591 8 4 291 186 553 8 0 393 93 547
test_Numazu_00319.jpg,2 0 183 272 517
test_Muroran_00146.jpg,5 264 454 600 600
test_Nagakute_00169.jpg,2 227 313 369 582 2 238 309 328 483 3 50 449 325 507
test_Nagakute_00264.jpg,5 71 316 435 589
test_Sumida_00174.jpg,8 404 383 600 558
test_Numazu_00135.jpg,1 173 352 256 585 1 277 340 434 474 1 46 341 490 597 2 2 332 143 495
test_Numazu_00345.jpg,2 0 183 272 517
test_Muroran_00327.jpg,2 271 317 331 600 8 460 489 576 598
test_Nagakute_00189.jpg,1 278 431 378 541 1 267 440 443 562 2 338 374 573 597 8 370 427 600 600
test_Chiba_00071.jpg,8 299 430 455 590
test_Muroran_00096.jpg,5 273 458 371 590 8 406 325 593 450
test_Sumida_00153.jpg,8 342 409 423 553
test_Nagakute_00088.jpg,1 7 355 250 572 1 71 322 277 503 8 313 344 533 600
test_Numazu_00002.jpg,6 7 444 219 596
test_Numazu_00124.jpg,1 130 411 232 596 2 283 299 490 593 8 429 363 599 509
test_Muroran_00027.jpg,5 206 488 311 600
test_Nagakute_00205.jpg,2 300 383 433 600
test_Numazu_00341.jpg,2 158 281 424 587 8 366 379 537 523
test_Adachi_00175.jpg,2 352 283 447 583
test_Muroran_00157.jpg,2 202 311 281 566
test_Adachi_00057.jpg,2 0 183 272 517
test_Adachi_00306.jpg,2 256 274 421 582
test_Muroran_00087.jpg,5 189 393 496 598
test_Adachi_00119.jpg,7 89 325 600 561
test_Muroran_00225.jpg,1 215 392 355 591 6 446 381 597 511 8 22 375 280 574
test_Adachi_00144.jpg,7 0 310 434 398 8 305 374 560 583
test_Muroran_00237.jpg,1 180 371 315 585 1 444 375 600 538 1 393 404 549 588 8 374 414 533 585
test_Adachi_00254.jpg,2 318 144 461 546 8 10 153 177 365
test_Nagakute_00060.jpg,2 0 183 272 517
test_Adachi_00325.jpg,2 10 330 193 471
test_Numazu_00121.jpg,2 0 183 272 517
test_Sumida_00179.jpg,2 355 423 472 535
test_Muroran_00094.jpg,2 311 493 353 600
test_Adachi_00300.jpg,1 257 494 354 598
test_Muroran_00043.jpg,1 49 324 464 591 5 29 319 507 596
test_Adachi_00188.jpg,1 334 319 380 572
test_Nagakute_00131.jpg,1 46 347 210 490 1 283 356 384 515 8 0 344 185 513
test_Chiba_00087.jpg,1 351 503 445 583 2 485 473 598 570 8 193 473 338 558
test_Adachi_00042.jpg,8 390 218 595 551
test_Nagakute_00270.jpg,1 51 342 212 513 1 245 360 327 519 8 0 293 217 470 8 282 317 567 545
test_Muroran_00320.jpg,5 251 371 580 600
test_Adachi_00210.jpg,8 91 364 407 592
test_Muroran_00124.jpg,1 237 392 300 560 3 30 484 321 537 5 324 347 487 595 8 363 386 454 595
test_Nagakute_00179.jpg,7 315 398 600 600
test_Numazu_00270.jpg,7 314 416 600 542
test_Chiba_00091.jpg,2 0 183 272 517
test_Muroran_00165.jpg,1 114 446 223 576 1 153 365 276 547 5 301 316 600 588 8 409 397 566 567
test_Numazu_00074.jpg,2 269 272 471 581 8 269 282 458 558
test_Ichihara_00039.jpg,7 178 447 600 597
test_Adachi_00229.jpg,1 424 460 574 598 2 433 456 574 596
test_Sumida_00187.jpg,2 334 393 512 548 2 386 439 485 528
test_Nagakute_00006.jpg,5 0 409 299 600
test_Adachi_00118.jpg,3 83 433 544 560
test_Sumida_00039.jpg,7 0 435 491 530
test_Adachi_00272.jpg,2 354 205 533 549 8 4 179 264 593 8 264 173 346 213 8 378 213 567 351
test_Adachi_00235.jpg,7 28 156 578 285
test_Sumida_00065.jpg,8 358 412 567 560
test_Numazu_00287.jpg,1 4 439 152 589
test_Sumida_00219.jpg,2 338 391 434 535 2 234 390 309 529 2 222 441 292 534 8 364 393 600 572
test_Sumida_00132.jpg,2 392 443 505 558
test_Nagakute_00119.jpg,5 294 388 460 568
test_Adachi_00280.jpg,2 0 183 272 517
test_Nagakute_00231.jpg,1 176 348 275 469 2 300 305 348 473 8 134 313 268 468
test_Muroran_00280.jpg,2 261 359 333 551 5 236 435 600 600 8 420 507 537 600
test_Sumida_00220.jpg,2 209 395 287 542
test_Numazu_00329.jpg,1 268 331 362 448 8 36 258 227 584 8 386 325 600 498
test_Muroran_00215.jpg,5 202 412 600 600
test_Adachi_00186.jpg,2 30 231 195 505 2 160 234 226 510 2 110 218 230 575 3 126 232 573 338
test_Numazu_00245.jpg,6 170 285 324 596
test_Chiba_00059.jpg,8 484 495 600 569
test_Nagakute_00069.jpg,8 239 308 546 598
test_Numazu_00362.jpg,2 232 352 313 572 5 446 441 598 592
test_Sumida_00066.jpg,5 155 439 294 559
test_Sumida_00157.jpg,8 139 416 268 547 8 334 425 453 545
test_Numazu_00162.jpg,1 290 338 426 504 8 0 301 191 597 8 414 338 599 486
test_Muroran_00325.jpg,1 53 370 186 554 1 235 381 288 589
test_Sumida_00218.jpg,2 242 392 300 531
test_Muroran_00274.jpg,8 308 356 396 429
test_Numazu_00085.jpg,5 220 356 462 598
test_Nagakute_00195.jpg,8 100 399 600 591
test_Sumida_00172.jpg,7 125 451 581 551
test_Nagakute_00253.jpg,8 345 478 503 600
test_Numazu_00145.jpg,2 311 340 487 588 8 335 317 515 409 8 517 432 597 589
test_Ichihara_00036.jpg,7 81 429 600 598
test_Ichihara_00015.jpg,1 68 435 365 586 5 85 431 395 586
test_Numazu_00367.jpg,5 105 425 221 576 5 290 451 461 578
test_Numazu_00031.jpg,1 325 334 527 564 2 196 289 243 544 5 318 336 523 565 8 4 236 221 580
test_Numazu_00402.jpg,2 0 183 272 517
test_Nagakute_00211.jpg,2 378 451 595 600 8 0 402 577 599
test_Adachi_00023.jpg,2 86 293 238 561 8 281 239 488 296
test_Muroran_00081.jpg,2 391 397 555 578
test_Nagakute_00098.jpg,8 296 319 597 575
test_Adachi_00047.jpg,1 134 289 242 512
test_Numazu_00019.jpg,5 271 400 529 597 5 113 464 473 598 8 280 403 508 599 8 2 441 124 567
test_Adachi_00097.jpg,1 6 315 170 544 1 0 318 114 468
test_Nagakute_00200.jpg,2 300 392 570 600
test_Numazu_00012.jpg,1 24 284 193 454 5 437 355 593 518 8 9 282 190 470
test_Adachi_00071.jpg,2 328 298 405 427
test_Numazu_00200.jpg,5 213 342 525 600
test_Sumida_00090.jpg,8 257 429 342 576
test_Numazu_00322.jpg,2 360 344 600 599
test_Muroran_00097.jpg,5 138 457 429 541 8 346 358 507 556 8 399 425 557 598
test_Muroran_00372.jpg,1 384 383 596 596
test_Adachi_00037.jpg,2 411 206 569 387
test_Muroran_00301.jpg,2 0 183 272 517
test_Muroran_00355.jpg,2 192 346 317 600 5 246 312 537 596
test_Sumida_00158.jpg,2 135 396 253 528
test_Numazu_00043.jpg,2 301 458 384 596 8 362 440 587 600
test_Nagakute_00037.jpg,7 9 375 578 566
test_Numazu_00213.jpg,1 115 365 555 573 3 122 398 521 559 8 1 271 277 478 8 468 301 594 545
test_Numazu_00195.jpg,5 0 400 321 596
test_Sumida_00032.jpg,7 157 504 600 590
test_Muroran_00267.jpg,5 74 323 543 567 5 283 318 597 600
test_Numazu_00289.jpg,5 192 417 600 596
test_Numazu_00199.jpg,8 343 313 595 551
test_Nagakute_00051.jpg,1 96 392 230 600 1 36 336 204 573 8 287 322 590 600 8 7 317 178 526
test_Nagakute_00106.jpg,7 108 373 382 427
test_Numazu_00283.jpg,2 118 422 199 578 5 127 419 260 582 5 89 307 600 582 8 67 266 189 373
test_Numazu_00109.jpg,1 120 305 379 588 1 216 373 365 581 1 149 330 327 503
test_Muroran_00064.jpg,5 107 371 600 592 5 0 447 372 592 5 0 421 547 539
test_Muroran_00330.jpg,5 179 327 351 414
test_Nagakute_00063.jpg,2 0 318 185 497 2 226 297 303 600 5 164 411 290 600
test_Adachi_00304.jpg,2 0 183 272 517
test_Muroran_00049.jpg,5 25 343 294 595
test_Numazu_00150.jpg,5 118 362 600 542 5 359 366 600 519
test_Nagakute_00251.jpg,8 337 310 592 562
test_Adachi_00156.jpg,1 415 327 589 468 7 7 231 526 440
test_Ichihara_00010.jpg,8 286 415 333 596
test_Numazu_00242.jpg,5 288 374 587 586 8 93 271 258 600
test_Adachi_00038.jpg,2 380 389 593 556
test_Muroran_00259.jpg,2 0 183 272 517
test_Numazu_00068.jpg,1 404 432 574 597 5 142 398 363 594
test_Muroran_00266.jpg,5 77 363 584 600 5 83 338 329 599
test_Adachi_00171.jpg,2 341 313 599 561 8 437 396 599 558
test_Chiba_00077.jpg,2 387 470 561 598 3 68 483 468 577
test_Muroran_00220.jpg,5 201 384 600 598 6 368 442 536 588
test_Numazu_00264.jpg,1 58 376 213 570 2 331 375 466 572 5 53 376 211 577 8 201 326 354 483
test_Sumida_00139.jpg,2 182 437 256 532
test_Sumida_00083.jpg,2 389 417 577 531 2 57 442 214 557 8 60 433 218 553
test_Adachi_00184.jpg,1 189 190 266 440
test_Nagakute_00237.jpg,1 72 386 190 584 1 205 403 284 531
test_Adachi_00028.jpg,2 316 177 545 600 2 296 142 459 483
test_Numazu_00005.jpg,1 393 482 594 595 5 82 483 516 598 5 139 487 343 595
test_Adachi_00212.jpg,1 78 375 242 536
test_Ichihara_00040.jpg,1 192 439 306 596 8 483 447 600 543
test_Sumida_00112.jpg,7 118 453 600 558
test_Nagakute_00056.jpg,2 14 246 249 543
test_Numazu_00142.jpg,5 423 369 591 547 8 4 277 202 521
test_Nagakute_00143.jpg,5 237 300 560 599 8 255 249 599 578 8 6 293 162 501
test_Ichihara_00008.jpg,1 185 442 310 600 8 468 448 597 561
test_Numazu_00351.jpg,2 288 498 406 592
test_Adachi_00108.jpg,2 13 87 180 360
test_Numazu_00111.jpg,8 7 412 182 579 8 287 321 372 600
test_Chiba_00042.jpg,1 312 441 403 540 2 82 444 192 528
test_Nagakute_00148.jpg,1 406 413 576 586
test_Numazu_00382.jpg,7 138 326 558 449
test_Muroran_00072.jpg,1 0 373 178 576 5 97 334 527 584 5 0 376 179 571
test_Numazu_00179.jpg,2 319 295 599 578 6 205 488 354 589
test_Muroran_00428.jpg,5 101 328 570 594
test_Numazu_00037.jpg,2 34 408 116 600 5 9 417 147 600
test_Muroran_00230.jpg,2 0 183 272 517
test_Chiba_00005.jpg,8 432 461 597 568
test_Muroran_00177.jpg,5 132 347 574 598 5 284 368 563 542 6 339 394 523 487 8 353 387 505 539
test_Sumida_00130.jpg,2 352 410 425 547
test_Nagakute_00222.jpg,2 298 385 600 531
test_Chiba_00047.jpg,2 472 469 589 551
test_Adachi_00101.jpg,7 0 396 515 590
test_Muroran_00173.jpg,2 0 183 272 517
test_Muroran_00042.jpg,2 404 368 591 600
test_Numazu_00276.jpg,7 113 381 600 563
test_Sumida_00097.jpg,7 10 420 453 549
test_Ichihara_00007.jpg,1 117 415 293 595 8 407 399 596 573 8 32 405 278 594
test_Numazu_00295.jpg,2 317 393 407 582 8 290 299 466 549 8 336 353 527 558 8 2 301 159 444
test_Numazu_00209.jpg,2 326 414 432 596 3 46 405 350 463
test_Nagakute_00145.jpg,8 49 403 178 598
test_Adachi_00125.jpg,7 133 337 557 427 8 412 431 581 598 8 0 379 160 579
test_Numazu_00252.jpg,1 10 470 170 583 1 246 466 397 556 5 6 471 165 587
test_Muroran_00065.jpg,5 189 362 593 599
test_Adachi_00100.jpg,7 0 414 451 600 7 73 450 566 600
test_Sumida_00148.jpg,2 0 183 272 517
test_Muroran_00218.jpg,2 37 360 162 523 2 203 314 256 560 8 399 348 600 521 8 7 332 143 479
test_Nagakute_00249.jpg,2 179 331 249 578
test_Chiba_00072.jpg,2 178 505 316 591
test_Numazu_00104.jpg,5 276 382 547 581 5 10 329 477 590 5 43 302 275 566 8 410 279 600 393
test_Numazu_00298.jpg,1 69 437 288 595 8 1 298 218 490 8 360 360 550 600
test_Sumida_00207.jpg,2 0 183 272 517
test_Sumida_00191.jpg,2 346 442 383 550
test_Adachi_00281.jpg,2 0 316 188 599 8 439 308 599 450
test_Ichihara_00027.jpg,1 156 380 293 579 8 0 399 245 594 8 393 376 600 528
test_Numazu_00066.jpg,2 295 301 469 543 5 302 320 509 579
test_Sumida_00215.jpg,8 398 449 598 592
test_Sumida_00114.jpg,8 422 465 594 597
test_Numazu_00073.jpg,7 0 428 460 600
test_Nagakute_00151.jpg,5 2 342 127 593 8 280 346 588 596
test_Numazu_00129.jpg,5 330 423 526 582 6 242 280 415 382
test_Numazu_00102.jpg,5 187 353 560 600 5 152 347 374 593
test_Muroran_00169.jpg,1 445 490 536 599 5 0 379 303 529
test_Numazu_00035.jpg,2 248 324 326 586 8 52 324 197 600
test_Chiba_00040.jpg,2 305 470 380 595 8 303 469 379 596
test_Adachi_00147.jpg,2 313 321 391 600
test_Muroran_00395.jpg,8 383 370 499 454 8 122 339 224 463
test_Nagakute_00215.jpg,1 51 378 150 569 1 309 392 498 549 8 0 327 113 503
test_Chiba_00012.jpg,2 0 183 272 517
test_Muroran_00192.jpg,1 265 356 338 575 8 366 367 588 592 8 4 370 179 577
test_Numazu_00279.jpg,2 292 415 369 600 2 72 428 193 593 8 339 422 487 596 8 5 441 169 588
test_Numazu_00018.jpg,7 0 378 534 600
test_Muroran_00019.jpg,5 70 369 586 596 5 214 386 450 600 5 448 366 597 553
test_Muroran_00317.jpg,1 124 378 294 600
test_Adachi_00148.jpg,1 446 451 597 595
test_Muroran_00396.jpg,5 94 346 563 599
test_Ichihara_00006.jpg,5 4 392 433 597
test_Adachi_00232.jpg,8 392 443 527 600
test_Muroran_00403.jpg,5 161 363 497 600
test_Sumida_00049.jpg,2 333 421 402 543 8 378 423 535 553
test_Muroran_00123.jpg,2 103 379 230 469
test_Adachi_00279.jpg,1 332 303 539 596 1 318 305 434 451 2 5 301 204 488
test_Nagakute_00232.jpg,5 91 401 553 600
test_Adachi_00189.jpg,2 0 234 129 366 2 121 186 272 550 2 488 369 595 527
test_Chiba_00083.jpg,8 475 494 594 582 8 212 468 327 587
test_Muroran_00202.jpg,5 239 361 503 491
test_Numazu_00098.jpg,6 145 414 379 600
test_Adachi_00055.jpg,2 0 243 291 539 7 7 209 333 495 8 0 205 321 529
test_Muroran_00264.jpg,2 104 350 227 600
test_Numazu_00371.jpg,5 61 345 510 584 5 1 383 276 596
test_Chiba_00066.jpg,2 0 183 272 517
test_Numazu_00320.jpg,2 365 373 588 582 2 71 349 191 600 8 0 317 144 473
test_Muroran_00145.jpg,8 0 305 141 435
test_Muroran_00152.jpg,5 69 405 499 600 5 40 443 320 598
test_Chiba_00014.jpg,8 6 522 191 596
test_Sumida_00223.jpg,2 316 392 383 537 8 342 395 517 549
test_Numazu_00001.jpg,5 42 455 223 596
test_Numazu_00022.jpg,5 439 331 599 594
test_Muroran_00265.jpg,5 203 347 433 587 8 443 357 555 453
test_Numazu_00358.jpg,1 218 425 286 590 8 273 386 513 597 8 162 383 272 454
test_Numazu_00025.jpg,2 312 288 470 534 5 244 318 528 575
test_Muroran_00308.jpg,2 0 183 272 517
test_Ichihara_00011.jpg,3 253 536 422 598
test_Numazu_00247.jpg,5 19 485 481 600
test_Adachi_00048.jpg,7 124 156 530 264 8 482 249 600 379
test_Adachi_00233.jpg,1 312 168 418 348 8 1 177 155 447
test_Nagakute_00193.jpg,1 116 369 277 600 2 317 314 531 589 5 154 372 271 527 8 7 330 251 600
test_Sumida_00099.jpg,2 144 428 271 544
test_Adachi_00194.jpg,2 409 360 592 570
test_Chiba_00043.jpg,1 437 475 590 577 8 422 463 600 565 8 234 476 329 590
test_Muroran_00392.jpg,5 95 374 600 600
test_Nagakute_00166.jpg,2 202 360 262 600
test_Nagakute_00101.jpg,3 129 460 543 573 5 225 298 600 581 8 210 229 259 553
test_Nagakute_00077.jpg,2 333 327 449 593 2 331 317 412 508 8 44 352 263 600
test_Sumida_00119.jpg,7 11 441 552 558
test_Numazu_00089.jpg,5 229 378 496 585
test_Nagakute_00177.jpg,5 72 343 500 597
test_Muroran_00188.jpg,2 0 183 272 517
test_Numazu_00130.jpg,5 0 407 255 573 5 89 403 416 599
test_Muroran_00034.jpg,2 388 347 596 594 5 54 357 589 600 5 29 352 314 597 5 322 331 600 585
test_Chiba_00054.jpg,8 72 436 204 596 8 282 444 506 594
test_Adachi_00193.jpg,2 391 365 536 590
test_Ichihara_00012.jpg,5 307 443 595 594
test_Muroran_00161.jpg,5 334 382 600 596
test_Muroran_00281.jpg,5 252 324 593 594 8 224 304 275 573 8 426 360 544 435
test_Muroran_00106.jpg,2 0 396 135 569 5 255 374 503 501
test_Numazu_00194.jpg,1 106 383 247 589 8 333 342 475 494 8 0 328 140 489
test_Muroran_00337.jpg,2 0 183 272 517
test_Muroran_00196.jpg,5 33 358 565 600
test_Sumida_00162.jpg,2 133 410 270 550
test_Numazu_00330.jpg,5 19 350 198 597 5 0 328 421 593 5 209 341 446 585
test_Nagakute_00002.jpg,2 268 375 401 595
test_Muroran_00285.jpg,2 322 336 517 600 5 88 355 529 594
test_Sumida_00084.jpg,8 421 445 573 525
test_Nagakute_00094.jpg,7 0 467 449 595 7 136 473 600 594
test_Numazu_00318.jpg,2 312 383 522 598 2 215 367 265 600 8 82 365 233 598
test_Chiba_00085.jpg,2 0 183 272 517
test_Sumida_00133.jpg,2 187 378 289 502
test_Adachi_00146.jpg,2 350 362 448 547
test_Numazu_00291.jpg,5 64 433 303 598 6 120 431 300 591
test_Muroran_00208.jpg,3 125 389 292 453 8 272 319 584 572
test_Nagakute_00042.jpg,1 265 412 407 600 8 358 374 593 532
test_Nagakute_00045.jpg,5 194 331 600 597
test_Nagakute_00103.jpg,5 145 465 351 600 8 249 375 384 600
test_Muroran_00121.jpg,5 0 403 499 600 5 146 482 600 598
test_Adachi_00043.jpg,2 390 202 595 491 2 233 182 308 427 8 424 251 596 535
test_Numazu_00205.jpg,2 0 183 272 517
test_Sumida_00146.jpg,2 211 413 277 543 8 100 429 234 552 8 397 434 589 563
test_Muroran_00017.jpg,5 83 366 536 571 5 381 370 596 597
test_Muroran_00231.jpg,1 16 412 186 597 5 194 289 559 568 5 232 504 426 596
test_Muroran_00427.jpg,2 0 183 272 517
test_Muroran_00324.jpg,5 328 499 500 595
test_Sumida_00109.jpg,7 460 466 582 561
test_Numazu_00266.jpg,1 226 466 288 598
test_Muroran_00048.jpg,5 0 426 571 600 5 11 430 144 591 5 293 444 576 600
test_Muroran_00134.jpg,1 184 419 267 599 2 186 415 271 598 8 0 377 180 577 8 368 360 541 600
test_Adachi_00116.jpg,2 210 241 283 502
test_Sumida_00069.jpg,8 433 456 600 596
test_Muroran_00076.jpg,1 251 427 371 600
test_Adachi_00230.jpg,7 0 266 504 581 7 0 204 533 444
test_Adachi_00205.jpg,2 235 237 298 565
test_Nagakute_00230.jpg,2 282 313 411 600 5 104 418 264 578
test_Numazu_00112.jpg,5 306 447 486 600
test_Nagakute_00053.jpg,2 0 183 272 517
test_Numazu_00100.jpg,5 276 446 436 596
test_Adachi_00041.jpg,2 372 259 542 556 2 77 407 169 575 2 141 243 242 431 2 118 188 263 517
test_Adachi_00143.jpg,1 349 326 497 536
test_Numazu_00084.jpg,5 3 438 375 595
test_Muroran_00314.jpg,5 28 385 572 600 5 320 395 600 599 8 347 399 433 508
test_Muroran_00302.jpg,1 227 498 326 600 8 78 517 232 598
test_Chiba_00073.jpg,1 306 475 390 584 5 310 478 392 582
test_Muroran_00002.jpg,5 0 420 455 600
test_Muroran_00311.jpg,2 0 183 272 517
test_Muroran_00004.jpg,1 423 459 584 591 2 278 384 337 597 5 30 392 229 595
test_Muroran_00276.jpg,5 111 396 485 596
test_Nagakute_00137.jpg,1 181 431 270 594
test_Muroran_00054.jpg,5 267 279 439 414
test_Sumida_00185.jpg,8 219 394 296 527
test_Muroran_00181.jpg,2 362 405 473 535
test_Adachi_00007.jpg,5 0 227 395 549
test_Nagakute_00219.jpg,1 93 491 174 600 8 231 328 592 582
test_Adachi_00027.jpg,2 0 183 272 517
test_Sumida_00126.jpg,2 340 415 433 506
test_Chiba_00067.jpg,2 4 450 102 547 2 375 422 456 563
test_Nagakute_00035.jpg,1 87 346 205 569 1 333 439 436 562
test_Nagakute_00079.jpg,1 34 381 175 596
test_Adachi_00214.jpg,1 30 410 145 552 2 375 347 595 600 8 357 333 583 590
test_Muroran_00360.jpg,5 123 376 589 599
test_Adachi_00065.jpg,8 459 420 599 595
test_Sumida_00010.jpg,2 0 183 272 517
test_Muroran_00390.jpg,2 368 371 495 598
test_Adachi_00126.jpg,2 438 253 597 491
test_Adachi_00050.jpg,2 386 372 590 600
test_Adachi_00152.jpg,2 206 356 264 548
test_Nagakute_00234.jpg,2 247 320 300 593
test_Numazu_00219.jpg,5 35 363 600 588
test_Muroran_00368.jpg,5 75 397 519 600 8 514 439 599 544
test_Nagakute_00156.jpg,5 63 415 250 588 8 6 366 207 568
test_Sumida_00014.jpg,7 58 449 580 554
test_Adachi_00009.jpg,2 362 337 563 600 8 363 343 554 600
test_Muroran_00233.jpg,2 164 343 223 595
test_Nagakute_00245.jpg,2 165 323 236 586 8 216 315 562 592 8 0 301 131 465
test_Adachi_00133.jpg,2 415 267 593 527 2 327 263 381 566
test_Muroran_00239.jpg,5 23 418 548 599
test_Adachi_00192.jpg,2 231 115 338 508 8 468 349 600 534
test_Numazu_00038.jpg,5 247 438 580 595
test_Adachi_00297.jpg,2 0 119 169 463
test_Muroran_00253.jpg,5 103 382 572 599
test_Sumida_00175.jpg,4 328 435 570 485
test_Numazu_00257.jpg,5 78 295 421 409
test_Muroran_00140.jpg,5 131 325 555 597
test_Numazu_00004.jpg,1 187 439 259 565 3 173 508 600 595 3 385 542 600 597
test_Muroran_00001.jpg,8 54 402 225 599
test_Numazu_00307.jpg,1 226 419 395 592 8 0 268 196 560
test_Numazu_00327.jpg,2 102 424 183 557 7 272 431 600 566
test_Adachi_00012.jpg,2 397 389 577 597
test_Numazu_00127.jpg,2 120 405 187 599 5 146 462 446 600
test_Numazu_00394.jpg,5 83 380 546 588
test_Adachi_00301.jpg,2 398 303 546 589 2 337 170 423 349
test_Chiba_00017.jpg,8 92 500 274 595
test_Sumida_00160.jpg,2 394 429 547 581
test_Sumida_00008.jpg,2 0 183 272 517
test_Muroran_00236.jpg,5 79 368 411 595
test_Muroran_00329.jpg,2 0 183 272 517
test_Muroran_00200.jpg,2 55 373 227 600 5 168 360 570 597 8 227 396 272 597
test_Muroran_00242.jpg,5 160 428 600 598 5 396 434 600 599
test_Ichihara_00033.jpg,1 192 470 306 595 8 439 415 599 576 8 6 483 174 597
test_Sumida_00025.jpg,2 328 397 419 521
test_Muroran_00184.jpg,2 0 183 272 517
test_Sumida_00026.jpg,2 0 183 272 517
test_Adachi_00159.jpg,8 224 313 276 579
test_Muroran_00102.jpg,1 465 414 592 579 8 0 367 245 592 8 65 337 268 523 8 438 451 582 592
test_Muroran_00268.jpg,1 384 360 504 489
test_Nagakute_00138.jpg,8 347 306 579 596
test_Numazu_00316.jpg,1 5 291 204 519 3 159 391 551 481 3 325 417 576 479 5 6 294 215 514
test_Nagakute_00064.jpg,1 303 502 406 598 8 280 385 540 600
test_Ichihara_00044.jpg,2 0 183 272 517
test_Muroran_00347.jpg,5 327 391 599 596
test_Muroran_00338.jpg,5 99 342 365 596
test_Sumida_00204.jpg,8 443 430 600 555
test_Numazu_00269.jpg,5 66 299 517 573
test_Numazu_00143.jpg,1 309 361 479 583 8 1 316 172 505
test_Muroran_00339.jpg,1 141 460 309 600 5 127 368 596 598
test_Adachi_00006.jpg,2 36 358 128 524 2 8 328 140 587
test_Muroran_00377.jpg,5 159 372 600 598
test_Nagakute_00095.jpg,5 23 407 245 600 8 463 429 597 570
test_Sumida_00171.jpg,2 0 183 272 517
test_Chiba_00056.jpg,2 0 183 272 517
test_Muroran_00210.jpg,5 98 379 497 600
test_Muroran_00046.jpg,5 92 398 508 599
test_Sumida_00188.jpg,2 104 405 222 541
test_Muroran_00040.jpg,5 4 392 145 596 5 160 373 313 592
test_Numazu_00191.jpg,5 286 374 443 586
test_Chiba_00030.jpg,2 451 476 595 576 8 225 483 336 589
test_Nagakute_00136.jpg,5 133 339 294 600
test_Nagakute_00046.jpg,2 234 314 315 589 8 295 332 592 544
test_Sumida_00050.jpg,2 337 405 402 543
test_Nagakute_00268.jpg,3 355 402 600 464 5 86 281 350 600 8 88 289 228 589
test_Chiba_00022.jpg,1 477 487 590 573
test_Muroran_00394.jpg,5 113 370 600 600 5 49 422 435 600
test_Numazu_00331.jpg,2 0 183 272 517
test_Adachi_00049.jpg,3 153 276 372 401 5 175 279 370 398
test_Ichihara_00050.jpg,7 104 421 600 553 7 0 418 455 523
test_Numazu_00046.jpg,2 255 295 373 594
test_Muroran_00164.jpg,5 20 349 253 565
test_Chiba_00081.jpg,2 305 493 422 596 7 0 497 512 597
test_Ichihara_00009.jpg,1 250 424 349 600 1 23 437 245 591 2 26 433 263 582 5 209 425 600 590 8 400 382 598 522
test_Chiba_00013.jpg,2 0 183 272 517
test_Numazu_00369.jpg,2 243 313 321 570 5 14 335 527 585 5 265 325 503 575 8 378 362 556 556
test_Numazu_00014.jpg,6 56 396 478 590
test_Adachi_00137.jpg,1 421 288 600 445
test_Muroran_00018.jpg,5 241 428 366 594
test_Nagakute_00203.jpg,5 4 417 178 599 8 282 323 567 585
test_Numazu_00363.jpg,1 121 316 183 446 2 192 274 262 523 3 228 437 450 506
test_Adachi_00222.jpg,1 461 285 596 474 5 184 442 464 584
test_Muroran_00359.jpg,5 235 350 578 561 5 173 336 422 509 5 396 376 591 589 8 479 397 599 530
test_Sumida_00077.jpg,2 0 183 272 517
test_Adachi_00311.jpg,2 388 347 464 537
test_Adachi_00255.jpg,2 351 377 422 600 8 138 373 291 514
test_Numazu_00041.jpg,2 0 285 198 534 2 304 358 393 582
test_Muroran_00249.jpg,5 4 337 280 502
test_Sumida_00070.jpg,7 85 436 560 521
test_Numazu_00133.jpg,2 352 467 432 591
test_Adachi_00158.jpg,5 151 371 585 600 5 143 426 414 598
test_Adachi_00114.jpg,3 264 441 436 527
test_Adachi_00284.jpg,2 252 386 358 600
test_Muroran_00361.jpg,5 34 370 342 600 8 268 390 563 538
test_Muroran_00199.jpg,8 402 383 574 598
test_Adachi_00174.jpg,2 0 183 272 517
test_Adachi_00173.jpg,2 346 349 554 600
test_Numazu_00139.jpg,1 31 399 218 571 2 45 408 212 574
test_Adachi_00187.jpg,1 112 344 242 513 2 423 266 582 537
test_Sumida_00003.jpg,1 175 410 311 526
test_Muroran_00101.jpg,5 23 328 465 592
test_Muroran_00323.jpg,5 43 365 560 600
test_Chiba_00015.jpg,7 10 511 484 598
test_Muroran_00367.jpg,5 350 306 600 597
test_Nagakute_00052.jpg,2 31 351 183 600
test_Muroran_00351.jpg,2 0 183 272 517
test_Adachi_00282.jpg,1 352 215 499 470 1 68 213 283 471 1 159 205 279 356 1 29 262 222 515
test_Adachi_00045.jpg,2 348 216 505 546 8 188 285 390 544
test_Ichihara_00020.jpg,7 70 427 600 589
test_Muroran_00038.jpg,5 14 384 532 600 8 402 481 501 593
test_Numazu_00177.jpg,1 126 409 219 579 6 162 462 534 597
test_Nagakute_00218.jpg,1 185 297 319 596 2 173 284 308 594
test_Adachi_00111.jpg,1 305 240 491 495 2 298 237 485 503 7 85 147 403 291
test_Sumida_00199.jpg,2 175 410 288 556 8 375 431 587 578
test_Numazu_00196.jpg,1 8 329 156 508 1 300 305 536 576 5 12 323 169 506 8 268 261 587 600
test_Adachi_00034.jpg,7 0 402 487 599 8 2 300 123 442
test_Numazu_00057.jpg,5 42 402 543 597 8 14 382 189 597 8 432 471 600 596
test_Numazu_00123.jpg,5 229 391 441 599 8 17 317 193 595
test_Adachi_00182.jpg,2 351 178 561 600
test_Nagakute_00115.jpg,7 0 397 405 490
test_Muroran_00039.jpg,5 503 443 600 599
test_Sumida_00210.jpg,7 137 474 548 571
test_Adachi_00010.jpg,2 423 212 585 408 2 244 255 331 600
test_Muroran_00099.jpg,5 4 362 435 595 5 0 371 199 596
test_Muroran_00056.jpg,5 61 356 323 600
test_Muroran_00350.jpg,1 462 365 598 474 5 15 329 322 592
test_Ichihara_00004.jpg,2 0 183 272 517
test_Adachi_00181.jpg,2 355 199 445 335
test_Adachi_00323.jpg,2 0 183 272 517
test_Numazu_00032.jpg,1 134 381 211 492 8 314 297 588 556 8 4 282 175 439
test_Nagakute_00075.jpg,2 368 316 600 571 5 115 353 282 599 8 268 324 320 591
test_Sumida_00071.jpg,2 353 433 388 536 8 108 418 284 554
test_Numazu_00007.jpg,2 330 376 584 571
test_Numazu_00172.jpg,1 177 317 251 448 8 330 279 592 526
test_Muroran_00235.jpg,2 327 391 484 575 2 309 398 383 594
test_Adachi_00112.jpg,2 0 183 272 517
test_Nagakute_00212.jpg,1 299 368 424 474 2 197 308 244 580
test_Muroran_00095.jpg,5 142 384 572 599
test_Muroran_00062.jpg,5 370 340 600 598
test_Numazu_00238.jpg,2 307 326 481 575 8 447 405 595 567
test_Adachi_00026.jpg,1 200 441 417 598
test_Numazu_00151.jpg,2 270 297 399 583 8 375 388 600 600
test_Chiba_00080.jpg,1 423 481 505 583
test_Numazu_00116.jpg,1 191 362 283 564
test_Numazu_00398.jpg,5 120 351 310 451 5 90 341 461 458 8 11 270 198 464 8 340 338 487 522
test_Sumida_00120.jpg,2 0 183 272 517
test_Adachi_00177.jpg,8 425 295 563 593
test_Sumida_00136.jpg,7 67 458 562 561
test_Adachi_00298.jpg,2 363 344 486 600
test_Nagakute_00255.jpg,5 40 376 296 600 5 0 376 553 596 5 265 346 569 557 5 300 395 464 507
test_Chiba_00023.jpg,2 0 183 272 517
test_Numazu_00224.jpg,5 59 423 499 600 5 43 430 263 599
test_Sumida_00093.jpg,8 139 440 273 551
test_Muroran_00147.jpg,5 294 374 510 600
test_Numazu_00278.jpg,2 0 183 272 517
test_Nagakute_00065.jpg,2 173 344 242 565 2 161 414 231 600
test_Numazu_00027.jpg,2 0 183 272 517
test_Muroran_00382.jpg,2 2 322 195 520 5 274 414 443 496
test_Sumida_00184.jpg,2 321 417 383 546
test_Numazu_00335.jpg,2 0 299 207 534 2 213 411 265 593 5 327 316 596 593 6 317 326 600 600
test_Sumida_00085.jpg,8 445 447 600 542
test_Numazu_00299.jpg,1 306 319 551 567 2 9 346 189 561 5 296 310 475 488 8 326 333 566 565
test_Muroran_00303.jpg,2 0 183 272 517
test_Numazu_00265.jpg,2 257 372 481 600 8 5 385 186 600
test_Nagakute_00164.jpg,2 232 240 337 600 5 333 330 572 590
test_Numazu_00214.jpg,5 0 352 467 600 5 173 464 555 599 5 0 331 221 588
test_Adachi_00211.jpg,1 88 213 264 501 1 351 201 517 460
test_Muroran_00197.jpg,2 423 344 594 513 8 66 404 219 595
test_Muroran_00159.jpg,2 108 377 222 592 8 369 392 476 491
test_Sumida_00159.jpg,2 188 433 313 556
test_Numazu_00217.jpg,5 253 403 588 594
test_Ichihara_00041.jpg,1 165 422 295 596 8 373 366 600 591 8 10 416 258 600
test_Ichihara_00031.jpg,2 464 427 600 555
test_Nagakute_00071.jpg,1 416 410 589 599
test_Muroran_00189.jpg,5 2 359 244 600
test_Adachi_00066.jpg,7 76 404 600 600
test_Muroran_00178.jpg,1 95 434 272 596 8 0 363 198 523
test_Numazu_00042.jpg,2 0 183 272 517
test_Nagakute_00020.jpg,1 13 297 298 564 5 0 321 500 591 8 0 247 201 437
test_Adachi_00244.jpg,8 379 490 469 600
test_Numazu_00061.jpg,1 477 465 591 588 1 299 444 426 571
test_Adachi_00274.jpg,1 213 307 472 600 2 165 267 426 566
test_Numazu_00337.jpg,2 250 411 375 600 8 25 379 197 597 8 366 473 595 600
test_Chiba_00053.jpg,2 265 486 418 573
test_Sumida_00062.jpg,8 393 420 598 560
test_Numazu_00271.jpg,2 297 319 538 562 8 289 296 594 557 8 72 294 538 505
test_Nagakute_00160.jpg,8 58 323 231 598
test_Adachi_00053.jpg,2 89 344 300 585 8 394 297 531 535
test_Nagakute_00247.jpg,2 266 335 334 574 8 350 313 591 596 8 3 319 252 559
test_Muroran_00021.jpg,5 329 509 469 600
test_Muroran_00374.jpg,2 365 394 482 554
test_Nagakute_00068.jpg,7 19 355 575 547
test_Sumida_00101.jpg,2 0 183 272 517
test_Adachi_00295.jpg,2 352 306 576 596
test_Numazu_00181.jpg,2 251 280 406 597 2 361 337 595 545
test_Numazu_00406.jpg,5 303 348 557 586 8 24 309 222 598
test_Numazu_00203.jpg,5 128 303 499 578 5 319 388 561 566
test_Sumida_00142.jpg,8 313 385 419 540
test_Numazu_00346.jpg,5 206 436 346 507
test_Muroran_00229.jpg,1 249 406 385 592 5 336 347 542 595
test_Numazu_00332.jpg,2 313 324 385 451 7 41 491 598 595
test_Muroran_00414.jpg,5 51 357 536 597
test_Numazu_00047.jpg,2 309 306 528 576
test_Nagakute_00172.jpg,2 256 329 312 592
test_Muroran_00073.jpg,1 427 492 549 599
test_Muroran_00287.jpg,1 203 438 361 600
test_Adachi_00162.jpg,2 409 242 596 536
test_Chiba_00057.jpg,2 198 495 292 587 8 431 457 599 568
test_Numazu_00146.jpg,1 303 338 499 587 2 309 326 493 577
test_Nagakute_00238.jpg,1 399 351 572 504 5 124 374 600 580
test_Numazu_00376.jpg,5 82 396 476 600 5 39 395 242 600 8 158 425 442 599
test_Numazu_00216.jpg,5 77 331 233 598
test_Adachi_00140.jpg,2 419 381 593 600 8 419 372 600 600
test_Adachi_00058.jpg,1 304 123 539 407 1 371 149 596 492
test_Numazu_00297.jpg,5 285 449 488 599
test_Muroran_00084.jpg,2 231 363 333 594
test_Sumida_00147.jpg,2 0 183 272 517
test_Muroran_00217.jpg,5 110 411 282 597
test_Nagakute_00158.jpg,2 281 322 558 589 8 316 307 587 539
test_Adachi_00080.jpg,1 85 316 233 539 1 308 313 509 584 2 322 324 533 600 2 82 319 228 540 8 334 321 566 587
test_Adachi_00256.jpg,1 175 446 317 596 8 489 349 600 487
test_Numazu_00011.jpg,5 0 330 495 600 5 217 327 585 589 5 4 315 255 569
test_Sumida_00182.jpg,1 361 461 451 573
test_Muroran_00119.jpg,1 175 377 442 597 5 1 368 268 600 5 59 373 479 595
test_Nagakute_00206.jpg,1 291 420 380 523 8 0 306 202 518
test_Adachi_00252.jpg,1 292 330 394 439 1 328 411 567 589 8 321 303 600 457
test_Nagakute_00184.jpg,1 148 463 206 598 2 350 435 534 599 8 46 327 178 600
test_Numazu_00365.jpg,8 125 410 526 562
test_Nagakute_00142.jpg,1 334 333 508 513 5 335 316 514 510 8 342 297 595 527 8 35 284 402 567
test_Muroran_00075.jpg,8 81 382 241 597
test_Adachi_00305.jpg,8 34 243 123 600 8 73 163 140 440
test_Nagakute_00257.jpg,5 316 323 491 600 8 139 254 283 600
test_Muroran_00093.jpg,2 187 368 257 596 5 125 389 549 598 5 177 368 380 595
test_Numazu_00048.jpg,7 0 337 469 524
test_Adachi_00145.jpg,3 29 465 526 575 5 102 391 600 586
test_Sumida_00048.jpg,2 265 434 306 542
test_Nagakute_00133.jpg,5 14 470 537 600
test_Muroran_00356.jpg,1 492 341 598 493 1 165 374 359 578 1 516 374 587 464 8 358 357 434 600
test_Muroran_00289.jpg,5 209 359 600 600 8 428 440 524 596
test_Muroran_00336.jpg,1 372 399 441 559 8 489 435 600 600
test_Numazu_00056.jpg,7 34 417 600 599
test_Muroran_00009.jpg,5 61 397 519 596 5 320 433 600 584
test_Numazu_00137.jpg,1 178 373 273 573 1 363 348 590 588
test_Muroran_00089.jpg,5 253 464 428 595 5 1 405 102 528
test_Numazu_00301.jpg,2 299 273 502 560 5 0 332 403 577
test_Muroran_00271.jpg,2 303 359 447 597 5 352 359 597 550 5 308 355 503 600
test_Muroran_00133.jpg,6 229 331 398 600
test_Nagakute_00100.jpg,2 0 183 272 517
test_Sumida_00020.jpg,2 209 384 284 525
test_Nagakute_00243.jpg,2 349 446 491 595
test_Nagakute_00111.jpg,5 109 391 520 597
test_Muroran_00227.jpg,2 354 303 591 600
test_Sumida_00203.jpg,8 244 479 479 536
test_Sumida_00022.jpg,7 196 434 586 543
test_Chiba_00055.jpg,2 413 462 595 566 8 208 490 312 593
test_Sumida_00038.jpg,2 273 436 342 536
test_Adachi_00163.jpg,2 378 323 566 547
test_Sumida_00061.jpg,2 368 439 441 554 8 42 462 190 560 8 406 399 597 530
test_Muroran_00037.jpg,5 202 351 600 596
test_Sumida_00034.jpg,1 343 402 393 457 7 154 442 562 537
test_Adachi_00178.jpg,2 30 279 253 600 7 5 273 410 423
test_Numazu_00051.jpg,5 0 366 600 559
test_Nagakute_00001.jpg,2 12 334 250 600 2 389 353 600 535 8 399 351 597 546
test_Numazu_00232.jpg,2 276 322 419 600
test_Nagakute_00267.jpg,2 56 333 237 600 5 423 360 600 579 5 258 310 366 400 8 10 310 234 599
test_Sumida_00152.jpg,2 366 424 504 552
test_Adachi_00001.jpg,2 0 213 245 600
test_Numazu_00052.jpg,2 128 371 222 572 2 60 343 217 597
test_Adachi_00102.jpg,5 34 182 198 467
test_Adachi_00309.jpg,3 4 317 241 390 3 54 301 499 387
test_Sumida_00181.jpg,7 91 501 600 594
test_Nagakute_00186.jpg,1 219 465 296 597 1 215 446 372 596 2 345 442 519 600
test_Numazu_00260.jpg,2 0 183 272 517
test_Numazu_00248.jpg,2 232 310 301 577 5 126 409 266 505
test_Adachi_00052.jpg,3 139 308 600 412
test_Adachi_00092.jpg,2 206 335 314 600
test_Numazu_00286.jpg,5 40 376 256 600
test_Nagakute_00097.jpg,8 1 357 151 469
test_Sumida_00074.jpg,7 94 453 543 577
test_Adachi_00303.jpg,2 0 336 176 600
test_Nagakute_00104.jpg,2 322 332 600 562 8 297 322 600 573
test_Adachi_00115.jpg,2 295 322 344 600 8 517 421 600 535
test_Muroran_00426.jpg,5 72 412 579 600
test_Muroran_00370.jpg,1 0 365 239 592 1 162 467 285 600 2 353 445 418 595 8 418 489 513 600
test_Numazu_00187.jpg,1 357 428 507 593
test_Nagakute_00090.jpg,7 91 377 600 597
test_Adachi_00142.jpg,2 335 359 408 492 8 371 341 592 599
test_Numazu_00328.jpg,5 54 500 230 599 6 58 498 229 600 8 299 303 532 589 8 0 318 160 522
test_Muroran_00162.jpg,5 0 403 528 599 6 172 390 588 592
test_Chiba_00033.jpg,8 313 408 487 570 8 2 430 175 579
test_Numazu_00280.jpg,2 252 313 339 553
test_Muroran_00304.jpg,1 55 479 177 595 5 194 362 565 582
test_Muroran_00086.jpg,2 0 183 272 517
test_Muroran_00025.jpg,2 5 371 201 594 5 284 431 406 600 8 318 468 394 596
test_Numazu_00148.jpg,1 68 303 204 600 1 77 290 138 562 3 176 416 454 477
test_Numazu_00263.jpg,5 194 372 412 585 8 155 315 234 435
test_Adachi_00033.jpg,2 0 183 272 517
test_Nagakute_00039.jpg,1 71 400 209 599 8 285 340 554 589 8 7 308 188 524
test_Numazu_00020.jpg,1 22 430 196 600 2 162 408 221 600 5 25 418 224 598
test_Muroran_00378.jpg,1 145 414 233 593 5 144 371 600 558
test_Nagakute_00150.jpg,2 215 363 267 593 4 19 453 399 559
test_Nagakute_00102.jpg,2 371 270 422 563 8 29 350 283 600
test_Nagakute_00171.jpg,1 64 355 207 514
test_Chiba_00027.jpg,2 0 183 272 517
test_Numazu_00293.jpg,1 338 369 600 580 5 213 345 421 587 8 219 348 405 590
test_Numazu_00296.jpg,5 87 384 247 600 6 90 381 259 600
test_Adachi_00285.jpg,8 450 324 590 464
test_Muroran_00190.jpg,1 70 462 186 600 1 45 381 215 594 8 352 377 577 600 8 10 351 215 595
test_Muroran_00193.jpg,1 452 504 544 597
test_Numazu_00215.jpg,5 82 318 534 566 5 92 359 343 581 5 341 298 600 559 8 0 251 207 487 8 296 289 600 531
test_Ichihara_00035.jpg,1 391 450 494 600
test_Adachi_00259.jpg,5 62 278 600 543 5 18 221 563 439
test_Adachi_00064.jpg,2 0 183 272 517
test_Nagakute_00009.jpg,8 303 291 600 575 8 0 344 76 596
test_Adachi_00288.jpg,2 366 248 555 594 2 359 224 501 480 8 107 289 235 581
test_Nagakute_00224.jpg,2 83 342 180 433 2 256 433 323 593
test_Adachi_00206.jpg,8 440 295 595 504
test_Numazu_00347.jpg,2 135 401 204 553
test_Sumida_00004.jpg,2 0 183 272 517
test_Sumida_00023.jpg,2 314 395 401 527
test_Muroran_00277.jpg,5 146 347 560 600 5 167 377 393 587 5 447 483 599 600 8 439 483 587 600
test_Muroran_00155.jpg,5 0 428 540 596 5 213 509 395 598 5 445 530 600 599
test_Adachi_00200.jpg,2 433 344 598 503 8 440 352 599 512
test_Adachi_00166.jpg,2 145 292 206 597
test_Nagakute_00055.jpg,5 33 380 518 597
test_Numazu_00077.jpg,1 272 408 364 589 1 421 376 504 538
test_Adachi_00104.jpg,7 0 190 501 549
test_Adachi_00226.jpg,2 280 303 580 523 2 266 294 485 453
test_Nagakute_00124.jpg,1 104 387 270 574 1 318 372 584 600 8 296 314 600 555 8 4 361 164 573
test_Nagakute_00076.jpg,2 248 319 421 594 5 99 382 498 598 5 280 367 428 597
test_Muroran_00136.jpg,5 110 347 556 599
test_Numazu_00082.jpg,1 278 431 397 597 8 17 386 201 600
test_Muroran_00011.jpg,2 0 183 272 517
test_Muroran_00030.jpg,2 374 359 511 600 5 0 346 322 591
test_Sumida_00002.jpg,2 316 437 392 551
test_Adachi_00039.jpg,2 234 190 346 528 8 10 196 185 393 8 320 333 560 535 8 364 211 595 390
test_Adachi_00132.jpg,2 3 420 184 547 2 329 320 384 600 8 167 304 320 430
test_Sumida_00005.jpg,7 138 455 589 538
test_Nagakute_00026.jpg,5 138 406 267 587 8 4 346 140 443
test_Numazu_00282.jpg,5 0 514 150 600 6 22 430 458 600
test_Numazu_00349.jpg,8 118 313 323 389
test_Sumida_00108.jpg,2 0 183 272 517
test_Numazu_00173.jpg,2 166 263 254 476
test_Adachi_00079.jpg,8 156 302 229 586
test_Sumida_00161.jpg,8 330 392 575 554
test_Chiba_00086.jpg,7 196 494 600 570
test_Muroran_00406.jpg,7 113 387 600 526
test_Sumida_00173.jpg,1 6 460 149 564 2 156 418 259 554
test_Numazu_00255.jpg,8 302 361 440 597
test_Sumida_00115.jpg,2 201 403 320 556 2 209 446 288 546 8 464 426 595 540
test_Muroran_00256.jpg,5 41 389 190 595 5 41 356 407 591 5 203 361 397 559
test_Muroran_00429.jpg,5 51 357 293 598
test_Numazu_00125.jpg,7 59 431 600 598
test_Numazu_00069.jpg,2 167 375 248 477 5 470 464 594 597
test_Adachi_00067.jpg,2 190 389 253 600 2 348 325 497 513 8 345 310 565 600 8 339 322 497 507
test_Chiba_00090.jpg,7 61 510 598 599
test_Numazu_00223.jpg,1 306 418 407 598
test_Sumida_00206.jpg,8 166 437 264 550
test_Muroran_00248.jpg,5 273 381 600 600
test_Sumida_00140.jpg,2 0 183 272 517
test_Nagakute_00014.jpg,5 313 393 524 600 5 0 404 461 600 8 25 464 223 590
test_Nagakute_00059.jpg,8 318 395 596 600 8 2 343 173 525
test_Numazu_00094.jpg,2 292 302 407 407 5 218 333 396 413
test_Muroran_00296.jpg,5 86 386 568 600
test_Adachi_00283.jpg,1 383 318 514 447 1 388 290 585 475
test_Numazu_00045.jpg,1 270 424 408 591 2 102 393 206 581
test_Numazu_00055.jpg,2 263 366 449 600
test_Chiba_00050.jpg,2 399 454 600 566
test_Muroran_00340.jpg,3 415 381 587 443
test_Numazu_00375.jpg,3 0 489 463 590 5 253 452 413 600
test_Numazu_00021.jpg,1 201 338 344 558 2 34 302 187 552 8 247 319 357 446
test_Numazu_00149.jpg,5 0 392 508 598 5 228 415 577 600
test_Numazu_00190.jpg,1 80 356 195 471 2 315 356 559 600 2 246 315 320 485
test_Numazu_00099.jpg,1 173 498 293 598 5 173 496 296 598
test_Nagakute_00054.jpg,1 75 384 211 516
test_Muroran_00158.jpg,3 285 528 544 596 5 0 523 142 598 5 0 449 565 600
test_Numazu_00067.jpg,5 294 338 600 597 8 0 299 187 587
test_Adachi_00008.jpg,2 424 351 600 494
test_Muroran_00222.jpg,7 139 354 600 455 8 96 490 212 598
test_Muroran_00319.jpg,1 223 453 340 584 2 318 292 400 459 2 225 433 348 589 2 214 322 372 587 4 240 449 600 542
test_Adachi_00149.jpg,2 231 315 284 600
test_Muroran_00088.jpg,1 332 313 430 600
test_Nagakute_00209.jpg,5 123 482 465 600
test_Chiba_00064.jpg,8 348 408 560 575
test_Numazu_00120.jpg,5 234 321 454 592
test_Adachi_00241.jpg,2 114 450 211 595
test_Nagakute_00117.jpg,2 217 357 463 600 3 164 484 381 536
test_Adachi_00245.jpg,1 443 330 557 516
test_Numazu_00244.jpg,2 290 391 336 599
test_Nagakute_00081.jpg,1 92 400 196 531
test_Muroran_00309.jpg,5 285 432 600 594
test_Sumida_00216.jpg,7 91 437 599 529
test_Muroran_00036.jpg,2 32 402 204 590
test_Adachi_00307.jpg,5 2 425 335 551 8 375 341 598 546
test_Adachi_00248.jpg,5 188 285 589 562 5 421 287 595 474 5 253 244 600 482 8 447 286 600 451
test_Adachi_00191.jpg,1 474 238 598 441
test_Sumida_00228.jpg,2 0 183 272 517
test_Adachi_00167.jpg,2 370 332 445 544
test_Adachi_00258.jpg,2 380 365 565 600
test_Numazu_00243.jpg,5 157 314 288 407 8 3 313 165 522
test_Numazu_00115.jpg,2 0 183 272 517
test_Muroran_00270.jpg,3 0 491 460 587 5 41 355 506 595 5 226 346 368 460 8 307 340 475 562
test_Muroran_00092.jpg,5 111 365 308 600
test_Nagakute_00044.jpg,8 268 364 410 469
test_Ichihara_00017.jpg,7 148 419 600 520
test_Ichihara_00043.jpg,5 178 403 600 600 5 146 400 371 600
test_Numazu_00324.jpg,1 252 371 555 516 8 94 370 293 497
test_Sumida_00138.jpg,2 0 183 272 517
test_Adachi_00183.jpg,1 452 293 598 466
test_Muroran_00399.jpg,5 92 324 342 597
test_Muroran_00214.jpg,1 271 342 411 591 1 523 435 596 560 8 13 351 312 600 8 121 325 356 520
test_Numazu_00189.jpg,5 143 328 600 600
test_Adachi_00312.jpg,1 61 125 217 308 1 2 165 189 373
test_Muroran_00063.jpg,1 366 374 594 546 1 296 366 414 498
test_Muroran_00375.jpg,1 204 352 267 571
test_Muroran_00341.jpg,8 2 348 250 532 8 369 446 437 593
test_Numazu_00326.jpg,5 235 306 571 596 5 331 275 593 512 8 339 278 600 488
test_Numazu_00274.jpg,2 403 377 585 582
test_Adachi_00017.jpg,2 239 274 313 566
test_Adachi_00227.jpg,2 9 212 221 374 8 96 216 213 312
test_Nagakute_00108.jpg,2 190 413 293 598
test_Adachi_00024.jpg,2 42 207 275 600
test_Adachi_00326.jpg,2 362 173 600 451 8 4 130 173 433
test_Chiba_00051.jpg,2 0 183 272 517
test_Numazu_00169.jpg,5 79 285 216 585
test_Muroran_00332.jpg,5 350 356 600 599
test_Adachi_00168.jpg,1 356 450 433 598 2 354 446 435 597 8 14 283 258 483
test_Muroran_00033.jpg,1 260 423 360 600 5 196 357 510 599 8 416 446 512 600
test_Numazu_00096.jpg,5 5 418 151 581 8 7 321 189 563
test_Muroran_00234.jpg,5 184 380 447 598
test_Adachi_00271.jpg,7 71 327 542 594
test_Muroran_00279.jpg,1 324 450 444 600 2 42 371 199 600 2 281 368 345 597 8 332 460 437 597 8 3 385 114 491
test_Numazu_00231.jpg,5 62 375 506 588 5 3 414 295 596
test_Nagakute_00157.jpg,1 385 424 565 598
test_Adachi_00129.jpg,2 424 247 588 420
test_Nagakute_00266.jpg,1 236 325 298 489 1 12 371 167 492
test_Numazu_00228.jpg,8 271 415 349 549
test_Muroran_00387.jpg,1 254 392 337 578 2 31 363 173 600 2 273 408 353 592
test_Numazu_00070.jpg,1 199 384 418 596 5 16 410 436 577 8 217 394 417 594
test_Nagakute_00175.jpg,5 199 365 465 560
test_Nagakute_00192.jpg,2 306 325 578 595 8 338 336 600 596
test_Muroran_00282.jpg,5 286 387 521 567
test_Muroran_00080.jpg,2 222 360 344 600 2 381 345 460 580 2 399 403 483 598
test_Chiba_00008.jpg,1 278 477 367 574 2 433 427 558 584
test_Numazu_00226.jpg,5 65 354 496 596
test_Nagakute_00080.jpg,2 10 357 176 503 5 189 402 358 596
test_Numazu_00355.jpg,2 243 388 314 594 5 288 447 600 592
test_Muroran_00421.jpg,1 221 390 292 600 1 205 340 275 563
test_Numazu_00009.jpg,5 65 363 543 590
test_Chiba_00065.jpg,1 194 483 285 597
test_Sumida_00192.jpg,1 332 426 434 536 2 246 423 289 539
test_Adachi_00077.jpg,2 406 404 455 594
test_Nagakute_00236.jpg,1 266 396 362 584 8 238 336 475 597 8 239 360 387 540
test_Numazu_00081.jpg,1 280 346 450 588 8 36 257 222 586 8 355 297 600 492
test_Adachi_00176.jpg,2 403 307 503 466
test_Chiba_00007.jpg,8 354 415 502 565
test_Numazu_00383.jpg,2 417 332 543 587 2 293 305 367 580
test_Sumida_00150.jpg,8 389 428 562 566
test_Numazu_00275.jpg,2 318 291 417 598
test_Chiba_00016.jpg,1 323 469 404 573
test_Nagakute_00194.jpg,2 184 321 292 599
test_Numazu_00313.jpg,8 2 270 118 422
test_Nagakute_00126.jpg,2 215 334 600 592
test_Numazu_00136.jpg,2 125 381 213 568
test_Muroran_00107.jpg,5 78 372 491 597
test_Adachi_00319.jpg,2 491 335 599 496 2 370 188 477 339
test_Numazu_00138.jpg,5 74 430 600 595 5 0 378 199 507 5 0 481 455 597
test_Muroran_00151.jpg,1 436 444 597 599 1 321 438 421 597 1 192 415 249 600
test_Sumida_00117.jpg,8 117 443 240 562 8 445 437 595 521
test_Adachi_00328.jpg,1 389 232 581 557 1 148 273 256 398
test_Muroran_00016.jpg,1 477 430 567 597
test_Numazu_00175.jpg,1 171 432 246 599 8 287 411 536 600 8 1 401 187 564
test_Muroran_00110.jpg,1 254 355 509 597
test_Adachi_00025.jpg,2 300 266 395 463 2 297 294 361 560
test_Nagakute_00252.jpg,8 261 309 507 595
test_Numazu_00010.jpg,8 39 318 198 596
test_Numazu_00023.jpg,8 95 327 207 453
test_Adachi_00094.jpg,2 418 305 598 495 8 411 290 600 498
test_Adachi_00264.jpg,1 301 356 474 507 5 295 356 463 517
test_Adachi_00292.jpg,2 284 237 334 508
test_Sumida_00110.jpg,8 414 448 598 589
test_Nagakute_00220.jpg,2 235 291 452 600 3 164 463 350 520
test_Muroran_00135.jpg,5 300 354 600 600
test_Numazu_00183.jpg,5 201 342 479 595 5 35 368 376 509
test_Numazu_00294.jpg,5 148 383 248 582 8 0 292 165 478
test_Numazu_00163.jpg,1 252 398 553 588
test_Nagakute_00155.jpg,1 338 432 557 599 5 322 418 567 600
test_Numazu_00154.jpg,7 110 413 590 536 7 0 406 356 581 8 152 412 596 598
test_Muroran_00408.jpg,5 189 357 600 600 8 457 385 597 562
test_Numazu_00273.jpg,2 212 273 343 589
test_Nagakute_00214.jpg,2 12 294 189 586
test_Nagakute_00161.jpg,2 290 324 565 598 8 283 306 570 535
test_Numazu_00003.jpg,1 305 328 397 413 7 0 384 560 600
test_Muroran_00015.jpg,5 173 408 502 600 5 157 424 341 597
test_Muroran_00126.jpg,2 353 388 424 589
test_Adachi_00113.jpg,2 0 183 272 517
test_Nagakute_00123.jpg,5 73 357 463 600 5 283 366 478 593
test_Sumida_00001.jpg,2 0 183 272 517
test_Numazu_00174.jpg,1 296 346 487 549 8 8 243 215 569
test_Muroran_00423.jpg,1 361 436 509 594 5 166 369 493 595
test_Ichihara_00051.jpg,1 444 409 597 600 1 90 397 284 593 8 22 386 296 595
test_Adachi_00123.jpg,2 0 183 272 517
test_Adachi_00109.jpg,2 480 427 600 560
test_Nagakute_00208.jpg,1 32 407 155 597 8 304 488 411 598
test_Numazu_00017.jpg,2 0 183 272 517
test_Numazu_00039.jpg,2 261 353 485 592 2 395 507 487 600 2 259 349 385 492
test_Adachi_00036.jpg,2 433 246 600 444
test_Sumida_00213.jpg,2 327 404 435 525 8 321 399 430 525
test_Sumida_00225.jpg,8 406 436 574 568
test_Nagakute_00228.jpg,5 2 339 336 596 5 1 369 137 599
test_Muroran_00371.jpg,2 286 396 442 600 2 129 387 208 600
test_Nagakute_00015.jpg,7 0 418 517 600
test_Nagakute_00225.jpg,7 114 342 590 442 8 1 426 125 567 8 475 422 595 555
test_Muroran_00221.jpg,5 132 315 570 596
test_Adachi_00290.jpg,2 316 311 471 592 2 327 314 429 496 8 367 339 471 458
test_Numazu_00352.jpg,5 89 422 568 598 5 304 415 526 577
test_Chiba_00004.jpg,7 38 512 492 599
test_Muroran_00108.jpg,2 448 426 595 589 5 122 357 425 600
test_Numazu_00118.jpg,1 84 346 189 507 2 214 278 269 588 8 323 292 564 581
test_Sumida_00079.jpg,2 272 402 404 551 8 63 413 206 562
test_Adachi_00107.jpg,2 361 192 565 521 2 457 352 597 572 8 36 163 271 591 8 392 201 596 354 8 269 165 355 211
test_Adachi_00291.jpg,1 387 356 591 579 8 9 303 208 478
test_Numazu_00128.jpg,5 235 407 474 595
test_Sumida_00009.jpg,7 34 451 245 559 8 307 420 513 555 8 24 457 236 572
test_Numazu_00134.jpg,1 211 358 294 496 8 4 293 200 600 8 339 300 600 483
test_Nagakute_00047.jpg,5 106 369 568 597
test_Muroran_00212.jpg,5 139 352 423 598
test_Adachi_00060.jpg,2 0 183 272 517
test_Numazu_00249.jpg,2 264 366 532 600
test_Nagakute_00022.jpg,1 110 357 230 482 3 212 409 524 471
test_Adachi_00121.jpg,2 0 183 272 517
test_Numazu_00241.jpg,2 266 271 366 576 2 264 263 337 471
test_Adachi_00004.jpg,2 139 226 240 533 8 134 258 235 570
test_Numazu_00144.jpg,5 0 319 452 594 5 206 303 502 597 5 7 288 248 582 8 291 312 459 596
test_Chiba_00078.jpg,2 0 183 272 517
test_Muroran_00028.jpg,5 90 324 544 586
test_Nagakute_00191.jpg,1 29 424 152 585 5 205 510 353 600
test_Adachi_00155.jpg,2 374 301 600 531
test_Muroran_00410.jpg,1 401 430 537 596 5 392 415 536 594
test_Numazu_00028.jpg,1 234 350 404 513 2 148 303 258 596 2 448 488 557 595
test_Numazu_00034.jpg,5 241 352 442 589
test_Sumida_00094.jpg,2 147 418 256 543
test_Nagakute_00036.jpg,2 0 183 272 517
test_Ichihara_00013.jpg,2 0 183 272 517
test_Muroran_00373.jpg,5 202 425 536 600 8 62 331 271 600 8 109 339 284 497
test_Adachi_00216.jpg,1 458 351 600 462 1 155 331 246 450
test_Adachi_00110.jpg,1 275 417 355 598
test_Chiba_00074.jpg,7 168 495 600 590 7 0 494 460 598
test_Sumida_00198.jpg,2 367 410 515 553
test_Ichihara_00025.jpg,8 199 460 461 600 8 394 376 600 592
test_Muroran_00207.jpg,5 0 379 436 600
test_Sumida_00164.jpg,7 163 419 600 504
test_Adachi_00213.jpg,2 370 362 583 578
test_Ichihara_00037.jpg,1 375 419 492 586 8 400 381 596 586 8 1 424 226 596
test_Numazu_00117.jpg,2 234 294 282 583
test_Numazu_00107.jpg,5 222 312 468 556 8 125 286 267 501 8 433 403 598 559
test_Nagakute_00003.jpg,1 210 396 273 570
test_Sumida_00176.jpg,2 0 183 272 517
test_Muroran_00090.jpg,5 183 392 545 600
test_Chiba_00036.jpg,8 314 403 500 568 8 17 442 174 583
test_Sumida_00196.jpg,2 178 429 221 532
test_Adachi_00075.jpg,2 0 183 272 517
test_Adachi_00151.jpg,1 201 395 363 555 1 309 269 592 541
test_Numazu_00184.jpg,5 161 455 600 600
test_Muroran_00226.jpg,2 0 183 272 517
test_Ichihara_00003.jpg,1 326 414 473 596 1 370 403 583 573 2 362 395 597 559
test_Muroran_00160.jpg,2 17 379 249 600 2 351 325 404 594
test_Muroran_00149.jpg,5 69 387 481 600
test_Muroran_00251.jpg,8 1 347 218 587
test_Muroran_00122.jpg,2 0 183 272 517
test_Nagakute_00128.jpg,5 88 321 539 595 5 11 268 366 581
test_Nagakute_00049.jpg,1 58 399 412 589 2 281 323 451 582 5 51 407 468 594
test_Muroran_00292.jpg,5 131 346 555 590
test_Nagakute_00256.jpg,2 0 183 272 517
test_Sumida_00072.jpg,7 194 426 600 521
test_Muroran_00205.jpg,5 239 394 567 598
test_Muroran_00366.jpg,5 251 348 408 600
test_Numazu_00368.jpg,1 354 409 488 591 8 0 388 365 593 8 297 339 497 567 8 20 331 246 550
test_Adachi_00313.jpg,2 0 183 272 517
test_Nagakute_00233.jpg,1 347 382 533 600 2 170 328 281 588 2 342 342 572 592
test_Adachi_00322.jpg,1 392 229 478 335 8 345 323 528 407
test_Adachi_00083.jpg,2 330 197 428 563 8 0 226 208 513 8 242 176 333 307
test_Nagakute_00204.jpg,7 78 483 600 600
test_Numazu_00407.jpg,8 108 405 378 594 8 292 350 591 600 8 0 330 151 486
test_Adachi_00089.jpg,2 462 402 548 600 5 370 456 521 594 8 279 370 446 538 8 469 433 552 597
test_Numazu_00303.jpg,2 0 341 170 533 8 14 377 153 517
test_Chiba_00029.jpg,8 28 485 160 599
