test_Numazu_00321.jpg,7 62 334 600 538
test_Numazu_00126.jpg,2 206 405 262 599
test_Adachi_00249.jpg,8 149 355 478 592
test_Numazu_00119.jpg,2 269 361 528 597
test_Muroran_00176.jpg,5 175 421 600 600 8 360 427 513 600
test_Numazu_00373.jpg,7 77 328 593 472
test_Sumida_00209.jpg,2 407 452 518 551
test_Nagakute_00089.jpg,2 236 353 305 600 8 459 474 597 599 8 211 360 290 503
test_Muroran_00284.jpg,5 49 375 572 578
test_Ichihara_00022.jpg,5 354 431 561 599 8 152 383 497 600
test_Muroran_00385.jpg,5 348 392 600 599 5 54 381 377 595
test_Muroran_00389.jpg,1 455 388 599 579 1 373 318 592 579 2 368 309 600 584
test_Numazu_00157.jpg,2 0 183 272 517
test_Adachi_00134.jpg,2 1 283 120 550 8 345 374 599 573 8 325 347 545 507
test_Sumida_00086.jpg,2 0 183 272 517
test_Adachi_00199.jpg,1 127 206 276 438 1 336 204 479 379 8 2 296 137 436
test_Chiba_00046.jpg,8 315 409 481 570 8 3 420 187 587
test_Sumida_00102.jpg,2 316 403 394 556
test_Muroran_00024.jpg,1 470 506 600 599 2 359 495 444 599
test_Numazu_00379.jpg,2 246 287 323 426
test_Sumida_00051.jpg,8 374 422 567 559
test_Muroran_00402.jpg,5 148 393 577 483 5 68 381 600 548 8 456 357 600 484
test_Adachi_00150.jpg,2 0 183 272 517
test_Chiba_00006.jpg,1 413 450 572 562 8 133 488 285 589 8 414 444 584 573
test_Nagakute_00040.jpg,1 250 429 339 598 1 441 409 563 524
test_Sumida_00208.jpg,2 278 438 414 539 8 484 397 589 569
test_Adachi_00141.jpg,2 284 297 423 562
test_Chiba_00092.jpg,2 186 475 301 587 8 429 463 598 569
test_Numazu_00290.jpg,1 500 466 597 586 1 262 237 324 396 1 205 384 307 508 7 43 288 526 400
test_Ichihara_00001.jpg,2 5 397 261 586
test_Sumida_00180.jpg,8 433 444 600 548 8 122 469 223 565
test_Ichihara_00048.jpg,2 451 462 562 599
test_Numazu_00211.jpg,5 0 402 187 592
test_Nagakute_00013.jpg,8 164 346 272 519
test_Nagakute_00027.jpg,2 300 330 594 554 8 5 316 179 530 8 297 318 582 551
test_Chiba_00001.jpg,2 0 183 272 517
test_Chiba_00084.jpg,2 406 481 587 583
test_Adachi_00103.jpg,1 315 393 475 535
test_Numazu_00165.jpg,2 0 183 272 517
test_Nagakute_00112.jpg,1 49 380 181 569
test_Muroran_00069.jpg,5 354 488 522 600 8 143 402 202 599
test_Chiba_00049.jpg,8 336 397 520 575
test_Muroran_00103.jpg,1 440 444 522 597
test_Adachi_00040.jpg,1 6 277 203 538 1 0 263 436 470 3 140 307 569 424
test_Nagakute_00087.jpg,1 136 426 228 596 8 5 378 185 560
test_Numazu_00267.jpg,5 479 481 599 600 7 122 408 538 488
test_Ichihara_00034.jpg,1 433 453 595 596 1 213 441 587 596 1 71 418 272 600 5 86 414 277 598
test_Numazu_00087.jpg,2 326 351 519 597 5 72 337 291 600
test_Muroran_00041.jpg,2 1 381 167 557 5 164 369 600 597
test_Muroran_00346.jpg,8 0 298 209 555 8 407 438 546 600
test_Sumida_00169.jpg,2 55 401 276 525
test_Nagakute_00023.jpg,1 199 331 290 552 8 40 305 270 600
test_Sumida_00125.jpg,2 311 418 376 545
test_Numazu_00312.jpg,5 21 327 316 600
test_Adachi_00157.jpg,2 384 342 469 594
test_Muroran_00313.jpg,2 351 321 399 600
test_Muroran_00290.jpg,2 466 443 600 578 8 15 343 224 600
test_Numazu_00256.jpg,5 46 344 528 596
test_Adachi_00247.jpg,2 454 402 600 556 7 274 322 561 372
test_Muroran_00232.jpg,5 160 342 562 599
test_Adachi_00266.jpg,1 76 308 237 480 2 378 173 473 276 8 2 218 132 418
test_Chiba_00048.jpg,8 227 479 328 588 8 470 481 596 559
test_Nagakute_00132.jpg,8 0 351 186 600 8 308 326 600 583
test_Adachi_00031.jpg,2 291 457 400 581 2 162 263 430 458 8 450 346 598 453
test_Adachi_00046.jpg,2 0 206 256 497 8 369 217 502 562
test_Nagakute_00017.jpg,1 413 427 490 580
test_Adachi_00203.jpg,2 275 367 337 599
test_Chiba_00035.jpg,2 393 449 562 580
test_Nagakute_00092.jpg,5 43 351 600 594
test_Numazu_00344.jpg,5 18 417 439 552
test_Muroran_00305.jpg,1 56 403 244 590 5 431 442 584 599 8 458 467 588 600
test_Nagakute_00120.jpg,5 0 362 204 600 8 317 369 474 502
test_Muroran_00223.jpg,5 368 294 596 504 5 235 322 576 569
test_Adachi_00242.jpg,1 17 317 232 519 8 454 342 598 525
test_Sumida_00124.jpg,8 373 422 523 574
test_Numazu_00060.jpg,5 0 437 462 598
test_Numazu_00049.jpg,1 269 354 355 448 2 47 292 204 595 8 375 331 595 504
test_Sumida_00194.jpg,7 192 433 589 544
test_Numazu_00101.jpg,2 285 314 444 569 5 234 311 432 582
test_Nagakute_00170.jpg,8 0 352 572 600
test_Numazu_00080.jpg,1 399 461 590 589 8 299 412 474 600
test_Numazu_00311.jpg,5 31 404 552 596
test_Chiba_00018.jpg,2 146 472 332 591
test_Numazu_00309.jpg,5 316 392 424 505
test_Numazu_00386.jpg,1 129 354 209 578 2 361 371 580 574 8 355 359 590 579 8 0 325 135 531
test_Numazu_00359.jpg,2 108 387 259 600 5 143 391 579 599 5 135 408 294 600
test_Adachi_00090.jpg,3 426 410 600 467
test_Sumida_00143.jpg,7 43 439 517 561
test_Sumida_00047.jpg,2 358 385 539 518
test_Sumida_00078.jpg,2 242 406 305 560
test_Nagakute_00034.jpg,2 236 313 294 590 8 27 336 225 600
test_Muroran_00275.jpg,1 428 439 590 576 1 421 423 557 524 8 25 306 183 600 8 445 473 589 600
test_Numazu_00378.jpg,1 0 368 129 582 8 308 299 599 582 8 0 287 176 476
test_Nagakute_00152.jpg,1 483 429 597 541 1 134 487 255 600 8 1 399 121 546
test_Numazu_00380.jpg,7 50 381 600 600
test_Nagakute_00213.jpg,2 293 366 600 591 8 1 398 139 546
test_Numazu_00155.jpg,5 288 339 557 595 5 0 375 148 574 8 4 333 140 517 8 305 345 566 587
test_Chiba_00019.jpg,7 0 477 563 592
test_Sumida_00067.jpg,2 0 183 272 517
test_Numazu_00065.jpg,2 301 326 400 470
test_Sumida_00201.jpg,2 359 439 429 559
test_Numazu_00364.jpg,2 241 348 428 600
test_Numazu_00354.jpg,1 372 388 530 565 1 175 422 552 567 3 145 460 580 565 8 0 317 160 533 8 130 346 272 594
test_Numazu_00086.jpg,2 278 414 372 586 2 59 384 197 596 8 0 377 170 559 8 375 419 560 536
test_Chiba_00088.jpg,1 296 473 380 577 8 457 472 600 568
test_Chiba_00025.jpg,2 256 453 384 559
test_Chiba_00075.jpg,2 0 183 272 517
test_Nagakute_00163.jpg,1 56 268 162 412
test_Muroran_00195.jpg,1 204 400 275 600 1 153 323 388 587 5 3 394 169 600 5 0 359 432 600
test_Adachi_00106.jpg,2 371 281 558 600
test_Chiba_00070.jpg,2 453 496 543 582
test_Nagakute_00070.jpg,2 204 346 255 596
test_Adachi_00204.jpg,2 0 183 272 517
test_Muroran_00415.jpg,5 318 416 600 600
test_Adachi_00032.jpg,7 0 338 555 518
test_Adachi_00243.jpg,8 159 470 485 598 8 323 467 547 597
test_Sumida_00040.jpg,2 0 183 272 517
test_Nagakute_00162.jpg,1 103 435 247 600 8 313 368 600 594 8 0 365 149 563
test_Numazu_00403.jpg,8 3 278 185 470 8 332 313 600 557
test_Nagakute_00178.jpg,1 153 383 236 585 8 17 370 184 595
test_Muroran_00404.jpg,2 263 315 312 600
test_Numazu_00185.jpg,1 3 313 119 510 1 162 410 263 567 8 6 279 155 599 8 427 400 600 594
test_Numazu_00164.jpg,1 3 346 186 547 2 214 293 269 575 8 342 336 597 586
test_Muroran_00079.jpg,1 495 421 596 530 1 213 403 297 594 2 331 352 486 594
test_Nagakute_00012.jpg,2 108 400 274 597
test_Nagakute_00010.jpg,2 268 337 328 599
test_Adachi_00051.jpg,2 294 121 494 251 5 0 248 502 544
test_Muroran_00386.jpg,2 167 351 282 600 8 405 414 555 600
test_Nagakute_00083.jpg,5 61 338 490 596
test_Muroran_00029.jpg,2 340 377 445 548
test_Adachi_00190.jpg,8 253 428 366 598
test_Sumida_00058.jpg,2 29 418 212 518 8 374 454 562 560 8 336 451 488 547
test_Numazu_00033.jpg,5 158 334 311 583
test_Muroran_00125.jpg,2 334 385 522 587 6 55 353 483 581
test_Numazu_00356.jpg,5 154 437 600 598 5 5 509 125 600
test_Adachi_00005.jpg,3 108 487 600 582
test_Nagakute_00174.jpg,7 49 501 547 599
test_Chiba_00010.jpg,1 123 481 227 587 8 302 438 471 600 8 4 472 169 600
test_Nagakute_00062.jpg,1 268 382 435 600 2 217 374 448 600 5 286 387 437 599
test_Nagakute_00085.jpg,5 76 484 418 596 5 299 407 598 581 8 330 406 600 577
test_Nagakute_00058.jpg,1 277 416 367 582 8 6 330 159 462
test_Muroran_00055.jpg,5 461 393 591 502
test_Nagakute_00084.jpg,1 96 291 256 600 8 95 295 270 600
test_Sumida_00037.jpg,2 150 418 291 567
test_Nagakute_00240.jpg,1 204 325 300 419 8 265 289 596 537
test_Muroran_00141.jpg,5 76 444 492 600
test_Numazu_00204.jpg,3 176 472 558 587 5 0 367 522 592 8 4 276 184 480
test_Nagakute_00180.jpg,2 70 356 209 586
test_Adachi_00253.jpg,1 160 284 416 483 5 27 192 311 429
test_Adachi_00081.jpg,7 9 303 492 420
test_Numazu_00381.jpg,1 32 343 146 455 2 232 301 320 475
test_Muroran_00156.jpg,1 230 352 475 591 1 337 354 597 561 1 336 456 473 598 5 234 332 593 577 8 23 362 192 599
test_Sumida_00134.jpg,2 132 419 225 522
test_Numazu_00076.jpg,2 0 183 272 517
test_Ichihara_00049.jpg,8 0 475 121 580 8 476 465 599 581
test_Sumida_00190.jpg,2 0 183 272 517
test_Muroran_00201.jpg,1 322 378 501 600 1 39 387 191 599 2 315 313 510 543 5 289 313 494 595 8 2 364 181 588
test_Adachi_00286.jpg,1 17 371 303 551 1 45 312 492 542 3 74 397 551 521 8 145 288 451 533
test_Numazu_00092.jpg,2 169 370 245 552 5 91 411 244 600
test_Numazu_00218.jpg,5 255 417 533 561
test_Nagakute_00167.jpg,1 349 435 458 593 2 259 234 345 600 8 17 235 269 488
test_Numazu_00114.jpg,2 33 298 196 579 5 34 328 360 582
test_Adachi_00135.jpg,1 37 409 196 570 1 382 386 554 523
test_Chiba_00076.jpg,2 91 517 210 595 2 76 501 171 581
test_Muroran_00020.jpg,2 264 349 327 600 4 148 443 600 563
test_Muroran_00383.jpg,5 57 396 332 599
test_Numazu_00171.jpg,5 99 307 275 445 8 353 296 579 539
test_Numazu_00285.jpg,5 262 411 600 599 8 139 399 222 598
test_Sumida_00098.jpg,7 0 445 439 535
test_Muroran_00312.jpg,2 348 401 600 593 8 206 348 379 428
test_Nagakute_00146.jpg,5 192 404 600 600 5 349 421 600 589 8 54 418 571 597
test_Adachi_00308.jpg,2 0 183 272 517
test_Muroran_00014.jpg,2 298 357 455 599 5 353 352 599 545 5 300 357 509 598
test_Muroran_00333.jpg,2 0 183 272 517
test_Muroran_00174.jpg,1 154 391 281 596 2 161 386 292 598
test_Adachi_00014.jpg,2 199 376 331 597
test_Numazu_00230.jpg,2 282 413 481 583 8 84 305 216 472
test_Nagakute_00114.jpg,1 223 335 308 577 2 29 362 156 595 8 267 315 546 587
test_Muroran_00299.jpg,5 276 377 574 600
test_Nagakute_00196.jpg,1 209 351 328 519 1 41 341 170 464 8 3 320 170 458
test_Muroran_00240.jpg,1 166 419 269 595 8 436 384 598 557 8 69 388 260 599
test_Sumida_00033.jpg,2 326 404 424 517
test_Muroran_00112.jpg,2 348 352 546 589 5 55 407 357 600
test_Sumida_00105.jpg,2 0 183 272 517
test_Numazu_00338.jpg,5 411 469 600 583 8 254 422 372 544
test_Numazu_00202.jpg,8 445 478 571 600 8 4 271 218 477
test_Adachi_00069.jpg,2 0 183 272 517
test_Ichihara_00021.jpg,1 154 408 297 598 8 409 401 598 582 8 53 400 277 597
test_Numazu_00160.jpg,7 0 413 519 600 8 33 315 157 477
test_Adachi_00299.jpg,2 8 379 187 596
test_Muroran_00345.jpg,1 109 316 413 600 5 71 317 374 595 5 5 313 128 589
test_Muroran_00163.jpg,5 176 373 600 600 5 347 343 600 561 5 196 449 401 600
test_Numazu_00390.jpg,2 453 478 600 594 5 72 399 259 598 5 38 410 539 597 5 305 465 600 598
test_Adachi_00068.jpg,1 113 320 455 571 3 41 317 556 528 5 120 300 430 566
test_Chiba_00026.jpg,8 455 483 595 566 8 192 490 302 590
test_Adachi_00072.jpg,8 483 298 596 441
test_Nagakute_00125.jpg,3 9 387 462 515 3 205 400 600 527 3 10 417 306 568 5 373 387 600 534
test_Muroran_00260.jpg,1 392 483 588 600 1 301 448 387 597 2 299 437 382 596
test_Numazu_00176.jpg,2 294 348 596 596 2 230 309 340 594 3 2 406 144 506
test_Muroran_00005.jpg,2 95 367 215 578 5 139 420 600 596
test_Adachi_00329.jpg,2 381 363 586 595
test_Numazu_00333.jpg,7 32 426 600 600
test_Sumida_00081.jpg,7 10 457 565 569
test_Numazu_00310.jpg,2 285 356 413 592 5 427 361 589 526 8 441 359 598 500
test_Numazu_00284.jpg,2 242 329 299 600
test_Numazu_00357.jpg,2 320 386 562 592 8 297 382 539 585
test_Nagakute_00185.jpg,5 254 346 418 592
test_Muroran_00322.jpg,2 191 360 313 583
test_Nagakute_00091.jpg,5 39 285 202 525 5 337 250 496 361
test_Nagakute_00159.jpg,2 178 270 243 501 2 52 478 130 598
test_Adachi_00180.jpg,2 327 172 413 600
test_Adachi_00130.jpg,2 118 297 263 503 2 420 333 582 598 2 53 367 215 593 2 43 252 277 600 8 374 217 600 551
test_Numazu_00317.jpg,2 360 439 561 600
test_Numazu_00388.jpg,2 57 279 215 587 5 73 277 254 591
test_Numazu_00374.jpg,2 259 299 379 600 5 15 296 275 586 6 12 282 339 589
test_Nagakute_00029.jpg,2 364 274 423 438 7 0 424 515 597 8 103 291 308 436
test_Muroran_00006.jpg,2 397 367 567 559 8 430 387 556 524 8 10 331 288 600
test_Muroran_00397.jpg,7 286 293 560 353
test_Numazu_00396.jpg,2 297 450 383 597
test_Sumida_00060.jpg,2 54 479 176 568
test_Adachi_00164.jpg,5 39 310 354 567
test_Adachi_00236.jpg,8 401 269 598 496
test_Muroran_00131.jpg,1 408 451 494 597 1 196 461 279 596 8 62 376 276 600 8 137 369 280 531
test_Nagakute_00199.jpg,2 340 324 590 590 8 8 282 176 561
test_Muroran_00238.jpg,5 108 289 245 437
test_Sumida_00217.jpg,2 0 183 272 517
test_Muroran_00045.jpg,5 0 388 453 600 5 6 415 180 600
test_Nagakute_00254.jpg,8 1 322 200 522
test_Sumida_00226.jpg,8 207 427 310 576
test_Ichihara_00024.jpg,1 155 459 284 600 2 440 382 557 453
test_Adachi_00265.jpg,1 184 237 407 448
test_Adachi_00021.jpg,2 170 171 279 534
test_Muroran_00104.jpg,2 195 397 285 599 8 475 462 600 600 8 0 370 239 595
test_Sumida_00168.jpg,2 262 442 298 535
test_Nagakute_00099.jpg,5 131 350 481 597 5 354 405 598 600
test_Nagakute_00086.jpg,7 0 407 504 600
test_Nagakute_00121.jpg,1 76 430 186 599 1 214 422 290 593 8 0 393 139 580 8 316 419 515 600
test_Nagakute_00154.jpg,4 122 462 595 581 8 127 474 222 600
test_Numazu_00340.jpg,5 366 413 576 573 8 0 327 138 576
test_Numazu_00222.jpg,2 0 183 272 517
test_Muroran_00283.jpg,5 6 340 184 578 5 77 392 536 600
test_Sumida_00100.jpg,2 0 183 272 517
test_Numazu_00029.jpg,5 14 398 429 599 5 188 418 549 598
test_Numazu_00393.jpg,1 342 290 595 425 5 339 280 600 429
test_Adachi_00251.jpg,1 344 410 468 538
test_Nagakute_00216.jpg,5 14 464 139 595 5 220 477 526 597
test_Numazu_00405.jpg,5 180 331 338 564 8 341 267 600 539 8 4 253 166 445
test_Muroran_00071.jpg,5 352 391 451 559 5 0 410 594 600
test_Sumida_00227.jpg,2 353 411 458 552
test_Numazu_00131.jpg,5 32 361 285 587
test_Muroran_00198.jpg,5 0 369 510 595 5 31 364 405 500
test_Sumida_00042.jpg,1 381 425 442 473 8 247 403 340 454
test_Numazu_00348.jpg,5 97 448 432 591 5 432 452 595 594 5 190 444 600 600 8 439 460 600 593 8 3 422 83 550
test_Chiba_00020.jpg,2 0 183 272 517
test_Muroran_00261.jpg,1 135 386 217 589
test_Adachi_00224.jpg,2 192 181 315 567 2 184 359 277 579 2 263 148 322 313 2 450 307 593 480
test_Adachi_00195.jpg,1 349 497 510 600 3 94 434 339 501
test_Adachi_00124.jpg,2 406 378 600 587
test_Adachi_00131.jpg,5 324 355 487 495
test_Numazu_00254.jpg,1 43 381 256 599
test_Nagakute_00229.jpg,1 108 426 207 571 2 255 336 326 587 5 340 388 546 599
test_Nagakute_00144.jpg,1 12 383 240 568 2 54 380 241 539
test_Nagakute_00073.jpg,2 343 304 600 585 8 32 340 271 600
test_Nagakute_00021.jpg,2 89 256 224 600
test_Sumida_00029.jpg,2 364 439 453 549
test_Muroran_00365.jpg,1 457 410 596 559 8 0 376 215 579 8 401 423 554 599
test_Sumida_00030.jpg,8 357 416 530 559
test_Sumida_00165.jpg,2 0 417 214 553 2 56 436 165 519 8 417 451 576 563
test_Muroran_00023.jpg,5 84 317 552 600 5 288 359 600 600 5 23 308 330 600
test_Numazu_00361.jpg,2 0 183 272 517
test_Muroran_00295.jpg,5 234 471 394 580
test_Muroran_00179.jpg,2 368 440 484 596
test_Adachi_00219.jpg,5 327 395 464 503
test_Nagakute_00241.jpg,1 101 410 234 594 2 308 326 387 600 8 12 333 254 594 8 407 351 600 501
test_Numazu_00180.jpg,8 283 414 500 595
test_Ichihara_00046.jpg,2 142 411 306 572
test_Sumida_00123.jpg,2 0 389 217 546 8 6 418 172 520
test_Numazu_00108.jpg,5 451 410 596 560
test_Numazu_00288.jpg,2 302 421 437 588
test_Numazu_00258.jpg,2 0 183 272 517
test_Sumida_00096.jpg,2 2 407 169 521 2 225 425 312 547 8 426 435 590 577 8 475 495 586 583
test_Adachi_00262.jpg,7 58 399 577 562
test_Numazu_00372.jpg,2 119 301 255 600 5 178 296 578 597 6 225 276 503 576
test_Sumida_00118.jpg,2 0 183 272 517
test_Numazu_00385.jpg,5 11 351 205 590
test_Adachi_00327.jpg,8 441 377 600 536 8 17 399 253 557
test_Nagakute_00202.jpg,8 271 371 585 595
test_Numazu_00339.jpg,8 1 296 196 560 8 317 300 566 558
test_Nagakute_00217.jpg,1 162 389 275 600
test_Nagakute_00008.jpg,2 299 382 374 546 5 48 410 563 593
test_Chiba_00069.jpg,2 0 183 272 517
test_Numazu_00168.jpg,5 230 331 576 600 5 0 361 454 600 5 51 349 231 594 8 284 313 496 600 8 0 323 126 476
test_Chiba_00045.jpg,1 279 477 365 584 1 16 522 135 594 8 206 470 317 585 8 441 478 596 568
test_Sumida_00111.jpg,8 421 474 588 564
test_Numazu_00302.jpg,1 407 437 523 587 2 0 339 120 510
test_Muroran_00194.jpg,1 191 410 264 581 2 272 382 584 525 5 14 398 164 574
test_Numazu_00292.jpg,2 311 299 585 552
test_Numazu_00225.jpg,2 139 317 228 580 5 161 349 476 585
test_Sumida_00045.jpg,7 193 433 587 544
test_Sumida_00068.jpg,2 334 402 405 536
test_Muroran_00407.jpg,5 242 371 528 595
test_Muroran_00293.jpg,2 317 360 560 600 4 0 427 417 518
test_Muroran_00418.jpg,5 35 387 485 585
test_Ichihara_00030.jpg,5 71 395 310 600 5 126 393 590 598
test_Adachi_00117.jpg,2 0 183 272 517
test_Sumida_00106.jpg,8 424 417 600 521
test_Muroran_00153.jpg,1 105 435 261 594 1 449 342 595 445 8 0 338 253 578
test_Nagakute_00187.jpg,1 304 430 489 596 2 176 378 265 599 2 281 383 526 589
test_Adachi_00018.jpg,2 338 331 425 599
test_Muroran_00354.jpg,2 319 384 469 593
test_Numazu_00210.jpg,5 95 465 508 600 6 80 438 457 595
test_Ichihara_00026.jpg,8 440 483 559 600
test_Ichihara_00047.jpg,2 467 419 596 533
test_Adachi_00269.jpg,2 382 314 485 400 7 31 393 600 600
test_Adachi_00276.jpg,2 416 295 598 531
test_Nagakute_00190.jpg,1 34 345 218 568 2 306 285 593 600
test_Muroran_00425.jpg,8 279 313 342 600
test_Muroran_00074.jpg,2 0 183 272 517
test_Muroran_00130.jpg,1 49 390 217 600 5 140 378 453 597
test_Adachi_00153.jpg,1 266 440 366 596
test_Numazu_00395.jpg,2 50 377 224 595
test_Numazu_00366.jpg,2 290 365 436 584 2 2 391 105 576 7 94 270 389 337 8 413 376 599 575 8 246 437 320 578
test_Sumida_00166.jpg,2 328 387 393 539
test_Numazu_00259.jpg,1 336 447 420 600 1 463 429 571 529
test_Muroran_00315.jpg,5 83 345 591 600 5 332 370 600 594
test_Nagakute_00078.jpg,1 269 340 446 508 1 288 350 408 461 8 2 278 182 523 8 287 234 596 527
test_Numazu_00246.jpg,2 267 396 406 596 5 217 398 590 600 5 68 505 234 600 8 391 409 595 572
test_Chiba_00079.jpg,1 293 479 363 591
test_Numazu_00323.jpg,7 135 355 600 485
test_Numazu_00397.jpg,2 234 385 325 600
test_Numazu_00235.jpg,1 46 325 196 559 1 335 368 558 577 8 347 334 588 562
test_Numazu_00315.jpg,1 303 421 426 573 8 4 374 111 515 8 339 301 588 597
test_Chiba_00089.jpg,8 289 467 477 596
test_Adachi_00263.jpg,1 397 355 590 600
test_Adachi_00128.jpg,1 0 315 265 589 5 5 311 232 515
test_Muroran_00007.jpg,5 16 358 519 600
test_Numazu_00277.jpg,2 78 374 219 534 8 308 398 563 600 8 5 389 172 537
test_Nagakute_00109.jpg,2 236 294 415 541 2 297 378 465 600 3 79 432 332 492
test_Numazu_00281.jpg,5 11 344 242 583 8 389 325 598 449
test_Ichihara_00045.jpg,7 71 443 600 597
test_Muroran_00132.jpg,5 34 376 593 597
test_Muroran_00213.jpg,2 345 383 522 598 5 14 385 503 596
test_Muroran_00120.jpg,1 352 500 471 600 5 0 468 383 599
test_Numazu_00105.jpg,2 331 340 556 584
test_Nagakute_00201.jpg,5 207 397 385 597 8 23 404 185 600
test_Adachi_00096.jpg,2 294 311 411 587 8 278 332 469 404
test_Adachi_00270.jpg,2 189 336 252 600
test_Muroran_00419.jpg,5 29 342 571 597 5 277 331 548 551
test_Adachi_00289.jpg,8 0 300 252 600
test_Muroran_00298.jpg,2 378 391 584 597
test_Numazu_00036.jpg,2 7 274 205 600 5 55 327 319 580 8 355 400 550 588
test_Ichihara_00028.jpg,7 0 456 531 599
test_Numazu_00391.jpg,5 1 368 445 587
test_Nagakute_00244.jpg,1 304 407 412 536 8 1 318 192 505
test_Muroran_00294.jpg,5 143 417 347 590
test_Sumida_00193.jpg,2 188 406 287 543
test_Ichihara_00029.jpg,1 389 408 569 600
test_Muroran_00143.jpg,1 106 415 253 600 2 80 417 261 600 8 370 393 475 600
test_Sumida_00197.jpg,2 0 183 272 517
test_Sumida_00141.jpg,1 171 453 292 561 8 400 448 595 595 8 67 452 199 566 8 204 457 310 573
test_Muroran_00047.jpg,2 177 359 253 597 8 430 403 593 534
test_Muroran_00085.jpg,1 366 375 529 595 5 29 332 332 594 5 83 354 564 600 5 372 384 534 600
test_Muroran_00244.jpg,5 440 415 593 575 8 497 459 600 562 8 70 329 252 600
test_Muroran_00348.jpg,5 230 344 577 587
test_Nagakute_00250.jpg,7 6 382 600 600
test_Adachi_00154.jpg,1 399 402 566 587
test_Nagakute_00274.jpg,1 326 434 544 596 5 13 463 214 600 5 0 470 433 597 5 161 487 516 594 8 327 396 553 599
test_Adachi_00085.jpg,2 150 303 263 599 8 1 279 79 432
test_Adachi_00261.jpg,2 8 158 156 487
test_Sumida_00031.jpg,1 361 413 547 566 7 327 422 571 572
test_Muroran_00100.jpg,5 160 472 576 582
test_Nagakute_00198.jpg,1 249 411 313 590 2 251 404 311 600
test_Nagakute_00139.jpg,1 38 381 154 600 5 273 408 527 599 8 3 303 122 498
test_Numazu_00229.jpg,2 0 311 100 515
test_Adachi_00073.jpg,2 411 459 538 596 8 352 427 548 486
test_Muroran_00031.jpg,5 19 361 537 599
test_Muroran_00257.jpg,5 56 355 421 593 5 98 336 269 499
test_Muroran_00357.jpg,5 46 398 531 597
test_Numazu_00370.jpg,2 251 360 330 584
test_Nagakute_00168.jpg,4 12 458 472 565 8 362 370 499 516 8 11 329 177 468
test_Adachi_00165.jpg,7 24 192 581 393
test_Adachi_00208.jpg,2 115 398 213 511 5 357 329 574 597 5 173 383 600 600 8 415 389 573 600
test_Adachi_00086.jpg,1 151 323 256 515 1 313 297 423 413 1 8 323 151 420
test_Adachi_00273.jpg,2 140 246 291 600 8 220 284 394 422
test_Adachi_00225.jpg,8 26 236 235 533 8 57 150 387 399 8 138 189 483 495
test_Adachi_00030.jpg,7 0 174 552 374
test_Muroran_00204.jpg,1 396 389 544 600 5 110 326 507 578
test_Numazu_00240.jpg,2 257 373 412 595
test_Muroran_00328.jpg,1 310 398 373 599 1 168 431 282 600
test_Sumida_00043.jpg,2 332 460 384 554
test_Adachi_00228.jpg,7 45 335 600 599
test_Muroran_00008.jpg,5 152 339 564 592 5 3 434 160 598
test_Adachi_00029.jpg,2 302 231 360 546 8 418 222 595 354 8 2 204 198 359
test_Muroran_00384.jpg,2 387 350 582 600 5 372 367 591 600 5 434 494 566 594
test_Numazu_00250.jpg,2 107 326 249 584 2 296 313 569 599 2 378 399 545 594 8 422 375 587 529
test_Adachi_00240.jpg,2 0 183 272 517
test_Nagakute_00227.jpg,5 165 329 333 539
test_Ichihara_00038.jpg,1 406 382 506 574
test_Nagakute_00127.jpg,1 285 520 395 600
test_Adachi_00197.jpg,2 345 230 421 421 8 395 413 491 585
test_Muroran_00420.jpg,1 322 359 398 470 2 229 338 267 445 8 368 397 593 600 8 5 425 170 600
test_Adachi_00105.jpg,1 105 182 233 579 2 498 226 600 344 2 101 88 239 387
test_Numazu_00095.jpg,5 244 312 389 587 7 7 412 323 583 8 15 409 263 589
test_Muroran_00297.jpg,2 359 343 593 547 5 150 423 286 544
test_Nagakute_00226.jpg,1 90 356 176 472 8 273 338 523 592
test_Chiba_00052.jpg,2 0 183 272 517
test_Muroran_00115.jpg,2 297 347 364 600
test_Muroran_00058.jpg,1 329 520 512 598 8 0 505 104 600
test_Muroran_00381.jpg,2 118 346 194 584 8 270 336 354 383
test_Sumida_00151.jpg,2 372 388 506 544 2 414 432 500 532
test_Nagakute_00173.jpg,1 104 474 453 600 5 49 447 600 600 7 216 333 600 460 7 81 330 600 546
test_Chiba_00034.jpg,2 288 399 413 550
test_Muroran_00059.jpg,7 0 475 565 600
test_Numazu_00097.jpg,5 110 411 299 597
test_Numazu_00233.jpg,1 145 357 322 571 8 347 295 598 497
test_Chiba_00038.jpg,8 311 451 499 597
test_Adachi_00314.jpg,2 369 357 552 600
test_Sumida_00059.jpg,2 325 407 411 544
test_Sumida_00205.jpg,8 376 415 596 577
test_Muroran_00321.jpg,5 125 379 587 596 8 409 502 524 600
test_Nagakute_00016.jpg,5 62 367 581 598 5 342 405 599 597
test_Numazu_00268.jpg,8 128 362 301 600
test_Adachi_00246.jpg,7 0 141 480 327 7 97 145 591 280
test_Numazu_00384.jpg,7 44 300 585 465
test_Adachi_00087.jpg,2 342 430 417 595
test_Numazu_00170.jpg,7 128 347 520 509
test_Adachi_00127.jpg,1 135 466 214 597 8 364 307 600 568
test_Adachi_00172.jpg,1 130 218 283 473
test_Sumida_00041.jpg,2 0 183 272 517
test_Numazu_00193.jpg,1 48 417 156 567 8 345 284 596 530
test_Sumida_00028.jpg,2 358 417 482 555
test_Muroran_00376.jpg,5 61 353 413 509
test_Adachi_00237.jpg,8 266 310 595 512
test_Nagakute_00239.jpg,1 230 415 325 597 8 287 388 504 600
test_Ichihara_00042.jpg,1 393 401 516 475 8 2 478 156 598
test_Nagakute_00181.jpg,5 48 365 525 600
test_Sumida_00135.jpg,8 449 481 596 596
test_Numazu_00083.jpg,5 0 350 385 596 8 224 347 498 591
test_Muroran_00180.jpg,1 155 504 289 600 2 161 399 261 557
test_Muroran_00269.jpg,5 9 369 572 598
test_Numazu_00030.jpg,8 185 303 344 550 8 166 388 387 594
test_Chiba_00002.jpg,7 0 509 388 598
test_Numazu_00336.jpg,8 288 357 561 599 8 380 457 593 598 8 305 327 486 522 8 64 279 227 587
test_Adachi_00035.jpg,2 0 183 272 517
test_Nagakute_00030.jpg,1 353 445 584 596 2 266 353 359 600
test_Muroran_00035.jpg,1 65 406 221 594 8 443 381 596 540
test_Muroran_00424.jpg,5 49 416 600 598
test_Muroran_00186.jpg,1 272 335 331 543 1 132 367 248 600 8 2 343 219 566 8 355 358 472 506
test_Muroran_00326.jpg,5 53 367 288 600
test_Muroran_00417.jpg,2 389 338 598 597 8 188 384 337 549
test_Muroran_00398.jpg,5 361 419 594 592
test_Nagakute_00260.jpg,1 67 357 223 591 2 259 299 503 597 3 343 413 569 474
test_Muroran_00053.jpg,5 178 442 506 597
test_Sumida_00091.jpg,5 164 382 283 478
test_Sumida_00170.jpg,2 312 388 403 534
test_Muroran_00413.jpg,2 421 370 532 599 2 419 297 590 429 7 78 301 262 405 8 79 304 258 402
test_Muroran_00388.jpg,5 12 338 281 600 5 126 391 590 589 5 309 431 565 593
test_Adachi_00061.jpg,1 423 256 600 451 2 0 364 154 589
test_Nagakute_00074.jpg,5 113 340 286 600 8 456 364 597 478
test_Nagakute_00043.jpg,1 121 433 210 595 1 300 391 432 569 8 2 314 204 508
test_Adachi_00196.jpg,2 328 305 571 599
test_Muroran_00078.jpg,2 0 183 272 517
test_Adachi_00013.jpg,2 424 401 545 589 2 375 307 464 445
test_Numazu_00064.jpg,6 180 401 411 594
test_Muroran_00273.jpg,2 15 331 190 594
test_Nagakute_00041.jpg,1 234 493 386 600
test_Nagakute_00057.jpg,2 391 476 479 595
test_Ichihara_00002.jpg,1 377 423 531 591 8 23 451 200 598
test_Nagakute_00221.jpg,1 352 458 592 598 3 25 485 265 533
test_Muroran_00109.jpg,5 51 360 563 598
test_Numazu_00161.jpg,8 354 302 594 528 8 7 282 205 466
test_Adachi_00250.jpg,2 301 298 443 597
test_Muroran_00138.jpg,5 112 370 579 596
test_Muroran_00211.jpg,5 465 440 593 598
test_Nagakute_00061.jpg,7 0 443 529 599
test_Numazu_00006.jpg,2 0 183 272 517
test_Numazu_00353.jpg,2 308 353 470 599
test_Numazu_00201.jpg,2 318 464 388 594
test_Muroran_00391.jpg,2 338 375 437 600
test_Muroran_00219.jpg,2 343 350 600 566 2 274 358 357 600
test_Sumida_00018.jpg,8 439 487 599 578
test_Numazu_00147.jpg,5 0 421 417 597 5 201 404 459 597
test_Muroran_00344.jpg,5 37 362 579 597
test_Numazu_00013.jpg,5 137 307 224 405
test_Numazu_00261.jpg,2 82 264 226 594 2 140 267 221 474 2 85 369 182 586 5 36 371 209 576
test_Adachi_00098.jpg,1 392 408 486 521 2 162 369 261 589 7 196 302 600 389
test_Nagakute_00113.jpg,2 85 257 249 573
test_Numazu_00110.jpg,2 299 333 582 586 5 160 361 316 595 8 330 331 550 573 8 159 355 295 556
test_Adachi_00321.jpg,2 309 343 486 600
test_Chiba_00061.jpg,2 0 183 272 517
test_Adachi_00217.jpg,7 0 328 491 533
test_Nagakute_00116.jpg,1 320 387 505 598 1 300 380 426 511 1 166 435 248 573
test_Chiba_00011.jpg,2 369 443 595 576
test_Muroran_00310.jpg,1 470 426 598 538
test_Numazu_00178.jpg,5 153 495 328 598
test_Ichihara_00023.jpg,8 391 393 597 596
test_Adachi_00275.jpg,2 438 297 600 589 2 343 166 431 279
test_Numazu_00306.jpg,1 194 307 273 441 8 381 309 594 481
test_Nagakute_00140.jpg,2 236 395 420 600
test_Muroran_00098.jpg,2 381 408 597 593 8 9 470 129 596
test_Nagakute_00031.jpg,7 0 417 592 600
test_Numazu_00063.jpg,5 0 352 452 575 5 14 352 254 537 5 192 324 385 504
test_Muroran_00137.jpg,1 286 393 429 594 1 342 410 486 570
test_Nagakute_00038.jpg,5 137 459 256 556 8 5 403 187 599 8 398 349 589 555
test_Nagakute_00262.jpg,1 285 353 432 539 1 283 391 383 588 8 0 347 169 510
test_Adachi_00201.jpg,2 311 448 389 597 2 502 487 597 583 8 374 383 480 466
test_Muroran_00111.jpg,5 253 396 449 597 8 343 443 448 600
test_Muroran_00416.jpg,5 285 418 508 502 5 65 397 316 486
test_Chiba_00058.jpg,1 305 438 385 538
test_Nagakute_00149.jpg,2 373 407 525 509
test_Adachi_00318.jpg,7 122 142 584 262
test_Sumida_00056.jpg,7 41 459 555 554
test_Adachi_00161.jpg,8 144 343 450 596
test_Nagakute_00093.jpg,8 16 354 195 598 8 341 415 591 598
test_Nagakute_00147.jpg,1 52 422 182 600
test_Numazu_00093.jpg,2 0 183 272 517
test_Numazu_00192.jpg,2 19 290 194 600 2 117 277 211 432 5 334 328 596 581
test_Nagakute_00072.jpg,1 223 432 278 600
test_Adachi_00020.jpg,1 97 195 259 458 1 80 319 166 534 8 260 115 341 444 8 347 164 596 394
test_Sumida_00015.jpg,8 323 409 464 556
test_Muroran_00068.jpg,5 68 340 279 592 5 407 470 593 598 5 193 467 558 600 5 448 336 591 444 8 415 372 549 502
test_Numazu_00071.jpg,8 30 351 178 591
test_Adachi_00054.jpg,2 0 183 272 517
test_Sumida_00006.jpg,1 94 458 220 555 8 12 464 182 566
test_Numazu_00132.jpg,5 24 342 434 600
test_Muroran_00246.jpg,1 311 349 422 599
test_Numazu_00401.jpg,1 138 399 238 559 1 263 395 351 481 8 280 368 600 600
test_Numazu_00103.jpg,5 236 374 558 526
test_Sumida_00016.jpg,2 224 432 295 543
test_Muroran_00255.jpg,5 6 324 470 600 5 226 349 600 596
test_Numazu_00078.jpg,6 143 383 349 598
test_Muroran_00343.jpg,2 0 183 272 517
test_Nagakute_00066.jpg,2 277 337 325 596
test_Muroran_00060.jpg,1 129 449 219 579 1 426 446 598 582
test_Numazu_00350.jpg,2 308 326 361 584
test_Chiba_00021.jpg,1 425 471 583 563 5 306 467 396 577 5 334 459 600 581
test_Nagakute_00197.jpg,2 0 183 272 517
test_Adachi_00268.jpg,1 246 322 369 433
test_Muroran_00245.jpg,2 243 355 315 599
test_Numazu_00220.jpg,6 243 343 509 578
test_Muroran_00117.jpg,2 193 421 284 598 2 0 407 178 557
test_Adachi_00088.jpg,2 188 281 272 486
test_Numazu_00308.jpg,5 47 470 236 600 8 211 409 375 537
test_Muroran_00183.jpg,5 99 296 510 600
test_Sumida_00055.jpg,2 336 429 406 547 8 384 428 541 561
test_Nagakute_00265.jpg,2 351 427 591 600 2 147 321 270 532
test_Sumida_00195.jpg,8 414 442 600 584
test_Nagakute_00135.jpg,1 166 501 341 596 8 15 385 202 600 8 333 372 600 593
test_Sumida_00063.jpg,2 384 415 600 523 2 255 423 354 550 2 149 420 282 513
test_Adachi_00099.jpg,8 26 314 201 600
test_Adachi_00257.jpg,7 23 173 510 312
test_Numazu_00088.jpg,5 37 399 539 600 5 352 458 595 596 8 6 362 194 600 8 412 472 590 597
test_Chiba_00068.jpg,2 0 183 272 517
test_Muroran_00070.jpg,2 148 337 266 599
test_Sumida_00224.jpg,7 169 430 600 557
test_Nagakute_00007.jpg,2 48 328 245 600 5 156 328 600 591 5 198 365 412 594
test_Muroran_00286.jpg,5 60 375 509 600
test_Numazu_00090.jpg,2 285 347 411 600
test_Numazu_00251.jpg,8 328 414 449 536
test_Muroran_00012.jpg,5 343 394 593 591
test_Nagakute_00025.jpg,1 53 397 160 546 8 272 349 578 592 8 19 373 163 540
test_Muroran_00352.jpg,5 103 366 600 591 5 122 397 416 590
test_Muroran_00278.jpg,8 228 396 307 600
test_Muroran_00116.jpg,6 62 380 600 588
test_Numazu_00113.jpg,1 343 342 581 585 2 110 303 241 579 5 334 341 581 578 8 8 299 188 487
test_Muroran_00262.jpg,5 108 328 587 600
test_Muroran_00243.jpg,2 409 392 518 520 5 185 322 545 590 8 6 270 230 599
test_Sumida_00044.jpg,2 352 411 466 546
test_Sumida_00052.jpg,2 107 404 251 564 2 121 447 218 545
test_Sumida_00095.jpg,2 0 183 272 517
test_Muroran_00422.jpg,1 62 366 172 583
test_Adachi_00120.jpg,2 383 238 558 534
test_Muroran_00342.jpg,2 397 411 589 591 5 0 367 312 599 5 95 387 505 598
test_Nagakute_00004.jpg,1 430 452 577 599 1 275 444 572 596 1 111 441 423 597 5 75 455 265 600
test_Sumida_00035.jpg,2 325 405 410 540 8 473 442 594 516
test_Adachi_00287.jpg,2 430 334 578 519
test_Adachi_00139.jpg,1 451 421 590 597 8 432 207 600 354
test_Adachi_00070.jpg,2 346 369 511 599
test_Muroran_00022.jpg,5 37 447 288 600 5 34 422 539 593 8 320 383 381 543
test_Nagakute_00134.jpg,1 0 422 250 600 2 241 313 400 583
test_Sumida_00046.jpg,2 318 407 379 543
test_Sumida_00087.jpg,2 376 420 480 562 2 370 418 448 516
test_Numazu_00221.jpg,2 270 368 341 595 8 307 330 394 436
test_Nagakute_00096.jpg,1 339 373 474 542 1 192 490 336 594 2 13 282 141 393
test_Sumida_00027.jpg,1 341 420 408 554
test_Adachi_00296.jpg,2 372 315 597 561
test_Ichihara_00014.jpg,1 159 496 268 600 2 415 422 600 582
test_Muroran_00091.jpg,1 11 419 170 600 1 32 411 147 536 2 303 349 486 590 2 300 339 419 491 8 312 354 415 478
test_Adachi_00330.jpg,5 156 219 349 345 5 393 221 592 364 5 187 216 600 363 7 100 260 574 600
test_Adachi_00315.jpg,7 54 182 550 269
test_Sumida_00082.jpg,2 284 398 326 506
test_Muroran_00247.jpg,8 79 379 204 596
test_Nagakute_00032.jpg,2 129 355 226 600
test_Sumida_00053.jpg,8 337 422 432 539
test_Adachi_00277.jpg,2 15 346 106 469
test_Sumida_00128.jpg,8 70 391 172 542
test_Muroran_00172.jpg,5 0 403 469 600
test_Nagakute_00248.jpg,1 67 457 191 594 8 232 308 600 594
test_Numazu_00062.jpg,5 279 414 533 590 5 76 398 201 537 8 271 306 581 537 8 1 342 114 446
test_Muroran_00083.jpg,5 228 311 351 503 5 338 343 584 592
test_Nagakute_00259.jpg,1 312 385 499 596 8 0 314 215 600
test_Numazu_00239.jpg,6 229 422 375 520
test_Muroran_00335.jpg,5 359 412 600 598 5 34 350 222 597
test_Nagakute_00235.jpg,1 222 439 473 590 8 0 335 186 508
test_Numazu_00212.jpg,8 277 405 585 600
test_Numazu_00342.jpg,1 107 364 271 598
test_Nagakute_00176.jpg,1 400 353 519 442 1 399 450 507 592 2 395 440 507 598 8 0 348 521 599
test_Muroran_00003.jpg,5 130 364 450 595
test_Muroran_00409.jpg,5 0 377 473 593 5 143 367 600 600
test_Nagakute_00246.jpg,2 254 377 339 600
test_Numazu_00206.jpg,2 0 183 272 517
test_Sumida_00212.jpg,2 0 183 272 517
test_Numazu_00053.jpg,1 357 399 491 581 2 353 376 495 575 8 401 351 595 541
test_Sumida_00156.jpg,2 198 449 273 559
test_Muroran_00142.jpg,2 0 183 272 517
test_Nagakute_00130.jpg,1 178 434 246 599
test_Numazu_00389.jpg,5 0 353 599 597
test_Adachi_00185.jpg,1 238 363 402 599
test_Sumida_00007.jpg,5 153 432 335 526 8 5 412 94 555
test_Muroran_00052.jpg,1 76 398 319 584 1 405 376 594 503 3 72 405 339 579 5 69 406 349 594
test_Chiba_00041.jpg,2 0 183 272 517
test_Numazu_00072.jpg,8 320 323 492 459 8 368 357 527 469 8 176 269 252 386
test_Sumida_00076.jpg,2 340 423 411 557
test_Sumida_00186.jpg,8 421 456 595 597
test_Sumida_00088.jpg,2 0 183 272 517
test_Sumida_00080.jpg,8 329 397 427 537
test_Sumida_00019.jpg,7 109 463 600 569
test_Sumida_00131.jpg,2 269 432 310 541 8 141 431 259 561
test_Muroran_00206.jpg,5 0 362 339 594 8 84 524 177 599
test_Adachi_00238.jpg,2 225 198 286 495
test_Muroran_00263.jpg,1 277 396 469 600 5 0 389 71 597 5 289 393 473 600
test_Muroran_00128.jpg,2 427 378 585 522 8 28 414 192 600
test_Numazu_00272.jpg,5 212 319 357 597 8 300 313 395 439
test_Muroran_00300.jpg,3 331 528 525 587
test_Adachi_00220.jpg,1 375 444 513 565 3 224 346 507 410
test_Sumida_00137.jpg,2 0 417 193 543 2 328 425 412 539
test_Muroran_00318.jpg,2 302 369 356 600 5 5 433 224 600
test_Numazu_00343.jpg,7 0 398 538 597
test_Adachi_00198.jpg,2 345 300 591 545
test_Muroran_00252.jpg,2 299 305 370 550
test_Sumida_00145.jpg,8 384 431 549 566
test_Muroran_00224.jpg,5 6 372 225 571 8 323 401 410 593
test_Muroran_00334.jpg,2 278 355 513 544 2 249 328 449 494 2 301 391 600 598
test_Numazu_00360.jpg,1 171 302 246 568 8 307 283 582 584 8 1 282 165 478
test_Muroran_00401.jpg,3 95 448 509 569 8 314 435 413 594
test_Nagakute_00067.jpg,1 164 396 348 595
test_Nagakute_00019.jpg,2 391 303 591 475
test_Numazu_00197.jpg,2 0 183 272 517
test_Muroran_00113.jpg,5 112 363 323 600 5 405 354 595 559
test_Nagakute_00153.jpg,7 0 426 578 600
test_Sumida_00064.jpg,2 110 403 200 525
test_Muroran_00216.jpg,5 20 362 515 600 5 0 367 206 600
test_Numazu_00208.jpg,1 257 453 334 596 5 184 410 600 600 8 324 423 433 512
test_Sumida_00013.jpg,2 406 441 598 598
test_Nagakute_00183.jpg,1 0 364 118 493 1 163 433 309 600 8 1 357 125 509 8 172 363 292 448
test_Muroran_00379.jpg,5 136 427 313 599
test_Adachi_00223.jpg,5 356 363 506 409
test_Nagakute_00048.jpg,1 58 425 190 599 2 263 385 417 599 8 270 391 413 598
test_Muroran_00241.jpg,2 178 286 250 432 7 0 424 509 598 8 36 304 201 468
test_Adachi_00059.jpg,2 116 281 290 597
test_Sumida_00144.jpg,2 0 183 272 517
test_Adachi_00160.jpg,2 315 338 397 567
test_Muroran_00154.jpg,5 114 387 459 595
test_Adachi_00138.jpg,2 430 291 596 549
test_Numazu_00400.jpg,2 112 419 197 600 2 271 387 351 597 2 132 394 338 600
test_Muroran_00067.jpg,5 57 406 591 598 5 377 444 585 598 8 108 359 306 600
test_Muroran_00026.jpg,2 325 324 506 600 2 119 353 276 600
test_Adachi_00179.jpg,5 258 332 521 597 5 0 422 506 598 8 294 313 529 591
test_Chiba_00063.jpg,8 463 486 595 575
test_Sumida_00167.jpg,8 415 463 593 600
test_Adachi_00231.jpg,1 161 123 289 511 1 361 169 591 480
test_Adachi_00260.jpg,2 448 351 595 486
test_Sumida_00024.jpg,2 209 393 288 524 8 346 426 446 535
test_Nagakute_00122.jpg,2 235 317 357 524 3 109 377 284 430
test_Adachi_00320.jpg,1 142 261 233 431 2 347 169 468 541 2 310 125 422 426 2 303 120 380 305 8 300 170 384 367
test_Numazu_00159.jpg,1 5 408 177 599
test_Adachi_00074.jpg,1 423 415 566 600
test_Muroran_00405.jpg,2 267 323 428 594 2 373 358 600 551
test_Chiba_00039.jpg,5 137 470 531 571
test_Muroran_00066.jpg,5 0 370 496 595 6 233 417 525 580
test_Muroran_00148.jpg,2 313 387 367 527 8 498 470 596 591 8 82 390 275 600
test_Muroran_00144.jpg,5 76 446 484 596
test_Muroran_00013.jpg,2 0 183 272 517
test_Sumida_00036.jpg,2 26 437 206 566
test_Muroran_00228.jpg,5 199 435 529 597
test_Muroran_00349.jpg,2 134 330 210 599 8 312 380 417 481
test_Muroran_00364.jpg,8 127 396 271 597 8 382 342 595 505
test_Sumida_00202.jpg,2 261 422 314 562
test_Adachi_00302.jpg,2 0 183 272 517
test_Nagakute_00182.jpg,8 298 328 528 585
test_Nagakute_00242.jpg,2 3 376 185 600 2 293 356 428 598
test_Chiba_00082.jpg,8 312 471 587 599
test_Ichihara_00019.jpg,8 7 437 234 596
test_Numazu_00237.jpg,5 53 401 426 600 5 73 443 213 597
test_Muroran_00353.jpg,2 0 183 272 517
test_Sumida_00021.jpg,2 0 183 272 517
test_Numazu_00325.jpg,1 328 460 498 539 1 76 417 170 589 8 8 397 152 568
test_Numazu_00262.jpg,1 53 356 184 466 8 292 288 544 593 8 196 425 301 593
test_Numazu_00207.jpg,1 371 365 555 557 7 195 267 463 342
test_Adachi_00215.jpg,2 361 225 530 584
test_Muroran_00412.jpg,5 22 361 499 600
test_Adachi_00324.jpg,2 393 381 590 537 2 167 380 278 594
test_Numazu_00141.jpg,2 244 354 344 596 8 296 328 519 599
test_Sumida_00122.jpg,7 66 435 530 524
test_Sumida_00116.jpg,2 0 183 272 517
test_Nagakute_00258.jpg,5 353 448 491 563 7 105 368 539 456
test_Adachi_00002.jpg,2 76 190 297 600 2 148 196 292 492
test_Sumida_00200.jpg,5 248 442 346 546
test_Numazu_00198.jpg,1 242 303 382 533 5 130 348 600 582 5 242 324 381 585
test_Numazu_00059.jpg,7 0 375 514 583 7 147 381 600 600
test_Muroran_00258.jpg,1 247 378 383 600 1 8 365 154 600 1 227 343 335 570 5 3 328 179 600 8 359 413 537 598
test_Numazu_00016.jpg,2 309 330 446 528
test_Muroran_00044.jpg,5 39 370 600 600
test_Sumida_00104.jpg,2 247 409 382 532 2 365 405 413 502
test_Nagakute_00261.jpg,1 29 432 144 558 8 7 335 200 530
test_Sumida_00211.jpg,8 346 407 534 556
test_Adachi_00022.jpg,1 287 484 404 598 1 186 346 275 483
test_Adachi_00095.jpg,2 190 348 289 597
test_Muroran_00272.jpg,8 377 406 531 563
test_Adachi_00294.jpg,2 346 237 510 563 2 395 312 539 592 2 359 249 466 453 7 203 190 519 250
test_Adachi_00084.jpg,1 380 477 490 598
test_Muroran_00127.jpg,5 273 460 372 591 8 407 325 593 451
test_Adachi_00019.jpg,8 355 440 474 600 8 232 376 370 457
test_Adachi_00136.jpg,2 286 75 480 252 7 60 249 600 600
test_Sumida_00154.jpg,1 381 424 442 473 8 246 404 344 454
test_Numazu_00188.jpg,1 391 385 530 492
test_Nagakute_00141.jpg,3 143 366 308 437
test_Adachi_00091.jpg,1 138 381 313 599
test_Chiba_00044.jpg,8 320 452 432 590 8 175 462 272 600
test_Muroran_00082.jpg,5 0 319 546 600
test_Muroran_00050.jpg,5 218 365 600 593
test_Nagakute_00105.jpg,2 338 446 499 599 8 383 524 590 598
test_Muroran_00167.jpg,5 5 333 410 596
test_Sumida_00017.jpg,1 178 428 310 522
test_Adachi_00063.jpg,2 474 284 597 438
test_Numazu_00387.jpg,2 0 183 272 517
test_Numazu_00399.jpg,5 367 383 570 543 5 0 298 283 514 6 0 302 289 496
test_Sumida_00103.jpg,7 140 464 600 569
test_Muroran_00057.jpg,5 253 379 512 580 6 267 380 464 536
test_Muroran_00061.jpg,1 426 339 592 517 2 278 384 342 600 2 243 351 347 600
test_Muroran_00077.jpg,2 191 371 241 600 5 70 379 376 600
test_Nagakute_00028.jpg,2 115 451 190 596 5 277 421 454 545
test_Muroran_00331.jpg,5 0 332 86 543 7 104 357 590 520
test_Numazu_00040.jpg,8 23 277 209 600 8 337 298 600 479
test_Ichihara_00032.jpg,7 66 479 599 599
test_Muroran_00170.jpg,8 0 379 189 568
test_Muroran_00185.jpg,5 57 351 545 599
test_Nagakute_00110.jpg,2 329 228 594 497 8 10 266 235 572
test_Nagakute_00210.jpg,2 348 427 595 498 8 60 398 283 504
test_Muroran_00250.jpg,2 388 371 510 563 5 148 405 291 593 5 90 396 549 598 8 274 472 335 600
test_Chiba_00037.jpg,7 164 496 600 588
test_Sumida_00221.jpg,8 408 423 593 560
test_Numazu_00152.jpg,1 258 496 350 596
test_Muroran_00182.jpg,1 185 413 277 593
test_Sumida_00089.jpg,7 69 444 600 542
test_Muroran_00288.jpg,5 123 342 511 592
test_Muroran_00150.jpg,5 276 294 488 442 5 234 449 562 599
test_Chiba_00031.jpg,2 69 462 194 596
test_Sumida_00075.jpg,2 215 398 288 545
test_Numazu_00075.jpg,5 27 392 271 595
test_Numazu_00234.jpg,1 237 356 303 570
test_Numazu_00091.jpg,1 187 405 265 592 1 305 439 443 592 8 20 269 215 600 8 365 314 600 482
test_Chiba_00094.jpg,4 99 439 322 483
test_Adachi_00078.jpg,1 374 313 509 470 8 363 248 600 429
test_Sumida_00012.jpg,2 369 441 499 589
test_Muroran_00306.jpg,2 289 336 339 600
test_Sumida_00073.jpg,2 251 400 348 538 2 248 429 287 543
test_Muroran_00171.jpg,5 92 368 595 595
test_Muroran_00105.jpg,8 366 487 520 600
test_Nagakute_00263.jpg,1 291 348 484 547
test_Adachi_00062.jpg,7 73 360 548 494 8 0 419 211 589
test_Adachi_00122.jpg,1 142 256 367 566
test_Sumida_00121.jpg,8 5 439 224 567
test_Muroran_00380.jpg,1 128 455 247 596 8 395 415 597 600
test_Adachi_00016.jpg,1 363 336 476 518
test_Muroran_00187.jpg,5 45 370 438 594
test_Adachi_00221.jpg,1 388 417 483 538 2 392 380 535 542 8 399 380 554 550
test_Adachi_00317.jpg,2 0 340 155 494 2 457 359 596 473 8 454 362 595 482
test_Adachi_00207.jpg,1 421 218 592 449
test_Adachi_00218.jpg,1 441 187 557 543 2 448 212 557 532 7 0 222 350 524
test_Adachi_00015.jpg,1 116 107 253 512 8 467 236 600 375
test_Adachi_00209.jpg,1 403 275 529 465 1 385 273 582 543 2 4 201 153 512
test_Numazu_00186.jpg,5 249 341 537 513 5 263 338 435 471
test_Numazu_00304.jpg,2 277 255 572 572 8 298 270 600 587
test_Sumida_00222.jpg,2 0 183 272 517
test_Numazu_00153.jpg,6 186 396 392 591 8 403 400 600 600 8 158 396 384 590 8 108 372 275 600
test_Nagakute_00273.jpg,1 66 467 158 597 2 242 227 327 600 5 299 301 573 563 8 21 246 212 563
test_Muroran_00032.jpg,5 72 347 546 596 5 311 371 600 579 8 374 368 600 573 8 391 373 540 482
test_Numazu_00377.jpg,2 73 338 255 589
test_Adachi_00234.jpg,2 0 183 272 517
test_Nagakute_00272.jpg,1 456 426 590 532
test_Chiba_00060.jpg,8 214 465 327 590 8 414 458 599 572
test_Numazu_00182.jpg,1 62 508 157 599 1 290 441 423 593 2 287 433 423 600 5 286 439 428 600
test_Adachi_00293.jpg,2 0 183 272 517
test_Ichihara_00005.jpg,2 471 428 600 567
test_Nagakute_00118.jpg,8 304 335 574 599
test_Sumida_00054.jpg,2 0 183 272 517
test_Numazu_00054.jpg,2 250 376 344 599 8 356 439 569 600
test_Nagakute_00188.jpg,8 290 379 508 598
test_Numazu_00058.jpg,5 94 418 271 597
test_Adachi_00082.jpg,2 93 266 263 446
test_Muroran_00307.jpg,5 77 411 573 600 5 0 471 69 595
test_Adachi_00003.jpg,2 0 320 178 470
test_Muroran_00010.jpg,2 144 377 272 599
test_Numazu_00404.jpg,5 224 350 527 577 6 216 359 502 581
test_Numazu_00227.jpg,2 378 431 585 592 5 81 407 599 599 5 308 434 589 591 8 42 361 216 594
test_Nagakute_00011.jpg,5 104 323 553 546 7 64 326 533 565 8 190 314 537 555
test_Muroran_00254.jpg,1 370 380 587 582 1 345 349 536 518 1 101 366 196 471 1 29 382 188 567 8 340 387 435 521
test_Nagakute_00033.jpg,1 73 485 156 600 1 87 434 214 597 2 219 355 492 600
test_Muroran_00175.jpg,5 75 397 567 595
test_Sumida_00057.jpg,7 194 434 585 543
test_Numazu_00122.jpg,1 0 388 135 580
test_Sumida_00127.jpg,7 4 483 591 568
test_Sumida_00149.jpg,2 0 183 272 517
test_Numazu_00024.jpg,2 184 382 247 589 3 230 432 473 483 8 371 341 600 561 8 2 332 158 519
test_Nagakute_00005.jpg,5 44 417 311 599
test_Chiba_00093.jpg,5 300 460 370 592 8 445 468 596 555
test_Muroran_00358.jpg,2 0 183 272 517
test_Sumida_00092.jpg,2 0 183 272 517
test_Adachi_00093.jpg,2 218 329 274 600 2 229 284 289 530 8 193 338 600 579 8 156 339 539 467
test_Numazu_00106.jpg,5 82 409 573 581
test_Muroran_00051.jpg,1 7 439 163 596 5 4 373 153 526 5 263 339 539 600
test_Muroran_00209.jpg,5 92 352 600 595
test_Nagakute_00024.jpg,5 0 458 355 598
test_Sumida_00183.jpg,2 0 183 272 517
test_Numazu_00079.jpg,1 215 413 277 580 8 300 409 575 600
test_Adachi_00056.jpg,2 345 235 510 563 2 403 334 540 591 2 360 247 467 461 7 203 192 520 251
test_Numazu_00158.jpg,2 309 277 477 583
test_Nagakute_00269.jpg,5 70 344 355 579
test_Sumida_00177.jpg,8 427 422 593 556
test_Numazu_00050.jpg,7 0 393 518 591
test_Nagakute_00223.jpg,8 85 356 600 588
test_Numazu_00236.jpg,5 0 354 487 600
test_Muroran_00362.jpg,5 189 365 466 600 8 475 465 600 585
test_Muroran_00316.jpg,5 83 348 291 597
test_Numazu_00167.jpg,7 4 385 563 600
test_Nagakute_00207.jpg,2 265 237 491 578 2 308 254 600 515 3 359 410 544 477
test_Numazu_00253.jpg,2 292 303 532 586
test_Chiba_00003.jpg,2 400 448 569 576
test_Muroran_00118.jpg,2 299 369 355 600 5 339 405 600 598
test_Nagakute_00082.jpg,1 400 354 524 477 2 114 333 285 593
test_Adachi_00202.jpg,2 119 384 289 522
test_Muroran_00411.jpg,5 0 368 484 597
test_Adachi_00076.jpg,8 175 283 522 553 8 61 248 325 514
test_Muroran_00369.jpg,7 0 435 542 599
test_Muroran_00400.jpg,2 429 448 577 596 6 0 433 257 593
test_Adachi_00316.jpg,1 176 403 230 585
test_Ichihara_00016.jpg,2 0 183 272 517
test_Nagakute_00271.jpg,1 413 421 570 598 1 308 367 583 595 2 318 460 407 594 8 83 262 222 600
test_Muroran_00166.jpg,1 134 414 278 597 5 91 406 318 597
test_Nagakute_00107.jpg,2 138 375 224 600 8 259 316 594 582
test_Chiba_00032.jpg,1 392 449 579 585 5 393 456 588 585
test_Muroran_00191.jpg,1 0 447 359 592 5 76 457 600 596
test_Adachi_00278.jpg,8 365 309 600 533
test_Numazu_00392.jpg,2 274 323 345 563
test_Numazu_00314.jpg,2 265 393 330 600
test_Numazu_00015.jpg,5 28 294 372 581
test_Adachi_00310.jpg,2 307 96 417 535 2 331 185 448 600
test_Nagakute_00018.jpg,1 6 376 122 494
test_Chiba_00009.jpg,2 15 470 83 593
test_Sumida_00178.jpg,2 0 183 272 517
test_Nagakute_00050.jpg,8 258 398 377 600
test_Numazu_00026.jpg,1 257 311 391 506
test_Muroran_00393.jpg,5 26 400 509 600
test_Numazu_00044.jpg,2 127 286 229 583 8 375 305 596 492
test_Muroran_00291.jpg,1 232 343 295 596 8 83 407 216 600
test_Muroran_00363.jpg,1 168 479 265 599 2 412 390 581 558 5 352 528 554 596 8 0 373 222 534 8 398 377 580 558
test_Adachi_00169.jpg,1 197 311 302 565
test_Adachi_00267.jpg,2 389 287 472 530
test_Chiba_00028.jpg,8 460 487 593 566
test_Sumida_00214.jpg,8 69 467 195 566
test_Adachi_00044.jpg,2 4 152 150 277 2 85 150 222 439 2 53 196 191 523
test_Muroran_00203.jpg,5 127 360 600 572 5 201 353 519 518
test_Numazu_00305.jpg,1 19 460 204 598 1 0 422 301 586 8 0 420 376 533
test_Muroran_00168.jpg,5 229 368 600 594
test_Numazu_00140.jpg,8 164 515 600 596
test_Numazu_00008.jpg,2 0 183 272 517
test_Chiba_00062.jpg,8 289 461 456 600
test_Nagakute_00165.jpg,2 6 377 189 591 4 18 367 588 459 4 167 478 600 583
test_Sumida_00155.jpg,2 139 435 256 552
test_Muroran_00129.jpg,2 111 432 205 600 2 357 351 577 598 2 120 359 247 600
test_Sumida_00129.jpg,2 184 444 306 564 2 429 469 558 580
test_Chiba_00024.jpg,2 0 183 272 517
test_Sumida_00189.jpg,1 293 419 371 534
test_Muroran_00114.jpg,2 378 494 479 597 5 168 391 312 547
test_Sumida_00163.jpg,2 0 183 272 517
test_Numazu_00156.jpg,2 298 301 458 470 3 239 393 439 452 8 353 325 593 544
test_Numazu_00334.jpg,1 221 463 297 582
test_Muroran_00139.jpg,2 0 183 272 517
test_Sumida_00113.jpg,2 0 183 272 517
test_Ichihara_00018.jpg,1 329 436 488 592 8 430 407 600 556
test_Adachi_00011.jpg,2 221 320 477 580 8 3 253 95 424
test_Sumida_00011.jpg,5 247 447 414 557 8 382 427 515 579
test_Nagakute_00129.jpg,2 233 338 456 596 2 308 412 466 600 5 274 407 546 596
test_Adachi_00170.jpg,1 421 350 597 527 5 147 392 566 600
test_Adachi_00239.jpg,1 481 379 596 542
test_Numazu_00300.jpg,2 281 409 365 517
test_Sumida_00107.jpg,2 0 183 272 517
test_Numazu_00166.jpg,1 64 402 187 591 8 4 292 183 552
test_Numazu_00319.jpg,2 0 183 272 517
test_Muroran_00146.jpg,5 280 453 600 600
test_Nagakute_00169.jpg,2 229 314 368 581 2 237 309 329 483 3 50 451 325 507
test_Nagakute_00264.jpg,5 72 317 436 588
test_Sumida_00174.jpg,8 406 384 600 558
test_Numazu_00135.jpg,1 173 352 257 588 1 277 342 436 474 2 2 332 143 495
test_Numazu_00345.jpg,2 0 183 272 517
test_Muroran_00327.jpg,2 271 316 332 600 8 459 488 577 598
test_Nagakute_00189.jpg,1 277 429 380 541 8 332 389 590 600
test_Chiba_00071.jpg,8 300 431 455 592
test_Muroran_00096.jpg,5 272 458 371 591 8 408 326 593 451
test_Sumida_00153.jpg,8 341 408 424 553
test_Nagakute_00088.jpg,1 7 357 251 568 1 72 324 274 501 8 315 346 535 600
test_Numazu_00002.jpg,6 12 448 215 596
test_Numazu_00124.jpg,1 126 420 229 594 2 284 301 492 590 8 432 365 597 502
test_Muroran_00027.jpg,5 205 487 313 600
test_Nagakute_00205.jpg,2 301 386 434 600
test_Numazu_00341.jpg,2 161 286 429 584 2 242 388 459 591 8 364 378 537 525
test_Adachi_00175.jpg,2 369 319 439 588 3 165 371 326 439
test_Muroran_00157.jpg,2 202 311 282 568
test_Adachi_00057.jpg,2 0 183 272 517
test_Adachi_00306.jpg,2 257 277 421 578
test_Muroran_00087.jpg,5 198 397 497 598
test_Adachi_00119.jpg,7 85 324 600 559
test_Muroran_00225.jpg,1 215 392 355 591 6 449 381 596 512 8 16 377 274 577
test_Adachi_00144.jpg,7 0 310 438 398 8 306 376 560 581
test_Muroran_00237.jpg,1 181 373 315 586 1 445 378 600 538 1 410 406 564 588 8 373 417 535 586
test_Adachi_00254.jpg,2 318 145 460 544 8 11 152 178 364
test_Nagakute_00060.jpg,8 46 463 508 563
test_Adachi_00325.jpg,2 10 330 192 470
test_Numazu_00121.jpg,2 0 183 272 517
test_Sumida_00179.jpg,2 354 423 472 535
test_Muroran_00094.jpg,2 311 494 353 600
test_Adachi_00300.jpg,1 254 494 355 598
test_Muroran_00043.jpg,5 24 321 504 597
test_Adachi_00188.jpg,1 333 321 381 567
test_Nagakute_00131.jpg,1 45 348 210 493 1 283 357 385 514 8 0 345 186 512
test_Chiba_00087.jpg,1 350 502 446 583 2 484 473 598 570 8 193 473 339 558
test_Adachi_00042.jpg,8 390 220 596 551
test_Nagakute_00270.jpg,1 44 346 213 520 1 244 359 328 517 8 0 294 218 469 8 283 311 573 541
test_Muroran_00320.jpg,5 252 374 578 599
test_Adachi_00210.jpg,8 95 361 407 599
test_Muroran_00124.jpg,1 237 392 301 559 3 29 484 316 538 5 326 351 487 594 8 364 392 456 593
test_Nagakute_00179.jpg,7 315 397 600 600
test_Numazu_00270.jpg,7 303 417 600 542
test_Chiba_00091.jpg,2 0 183 272 517
test_Muroran_00165.jpg,1 110 446 223 577 1 153 368 276 546 5 304 318 600 588 8 410 397 566 566
test_Numazu_00074.jpg,2 268 283 472 577 8 270 283 464 556
test_Ichihara_00039.jpg,7 169 449 600 597
test_Adachi_00229.jpg,1 423 460 574 598 2 431 456 574 596
test_Sumida_00187.jpg,2 335 394 512 549 2 386 440 485 528
test_Nagakute_00006.jpg,5 0 410 299 600
test_Adachi_00118.jpg,3 58 439 495 561
test_Sumida_00039.jpg,7 0 435 501 531
test_Adachi_00272.jpg,2 355 207 532 548 8 4 178 264 588 8 265 173 346 212 8 379 212 568 346
test_Adachi_00235.jpg,7 22 155 585 285
test_Sumida_00065.jpg,8 360 414 567 562
test_Numazu_00287.jpg,1 6 443 149 589
test_Sumida_00219.jpg,2 234 389 310 529 2 338 391 433 535 2 222 441 292 533 8 366 395 600 572
test_Sumida_00132.jpg,2 389 442 504 558
test_Nagakute_00119.jpg,5 295 390 460 567
test_Adachi_00280.jpg,2 0 183 272 517
test_Nagakute_00231.jpg,1 173 348 275 468 2 300 306 348 472 8 131 315 267 471
test_Muroran_00280.jpg,2 262 358 333 550 5 208 414 600 600 8 421 507 538 600
test_Sumida_00220.jpg,2 209 394 288 542
test_Numazu_00329.jpg,1 266 332 362 448 8 37 257 228 581 8 388 326 600 496
test_Muroran_00215.jpg,5 205 414 600 600
test_Adachi_00186.jpg,2 32 232 193 502 2 160 234 226 514 2 110 220 229 569 3 119 231 571 339
test_Numazu_00245.jpg,6 172 284 323 593
test_Chiba_00059.jpg,8 485 496 600 570
test_Nagakute_00069.jpg,8 243 313 552 597
test_Numazu_00362.jpg,2 232 352 313 572 5 445 444 598 591
test_Sumida_00066.jpg,5 156 437 293 558
test_Sumida_00157.jpg,2 229 425 409 546 8 140 415 269 548 8 333 424 454 546
test_Numazu_00162.jpg,1 290 339 426 502 1 207 394 301 561 8 0 302 191 593 8 415 337 599 486
test_Muroran_00325.jpg,1 234 382 288 590 1 54 371 185 555 2 59 363 185 551
test_Sumida_00218.jpg,2 242 392 300 531
test_Muroran_00274.jpg,8 309 357 395 429
test_Numazu_00085.jpg,5 218 362 461 597
test_Nagakute_00195.jpg,8 99 401 600 591
test_Sumida_00172.jpg,7 116 451 582 551
test_Nagakute_00253.jpg,8 345 479 503 600
test_Numazu_00145.jpg,2 312 341 488 586 8 336 318 515 408 8 517 432 598 589
test_Ichihara_00036.jpg,7 80 429 600 597
test_Ichihara_00015.jpg,1 66 435 364 586 5 86 433 392 586
test_Numazu_00367.jpg,5 105 427 221 576 5 290 453 462 580
test_Numazu_00031.jpg,1 325 335 526 561 2 196 311 249 571 5 319 338 520 559 8 4 237 223 580
test_Numazu_00402.jpg,2 0 183 272 517
test_Nagakute_00211.jpg,2 383 453 596 600 8 0 402 573 599
test_Adachi_00023.jpg,2 80 295 235 561 8 281 239 486 295
test_Muroran_00081.jpg,2 391 397 552 572
test_Nagakute_00098.jpg,5 324 414 517 555 8 286 312 600 569
test_Adachi_00047.jpg,1 134 290 242 510
test_Numazu_00019.jpg,5 273 402 531 598 5 109 464 476 598 8 282 406 509 599 8 1 442 124 568
test_Adachi_00097.jpg,1 6 317 170 542
test_Nagakute_00200.jpg,2 299 392 571 599
test_Numazu_00012.jpg,1 22 285 192 453 5 433 353 592 518 8 9 283 189 469
test_Adachi_00071.jpg,2 329 297 406 427
test_Numazu_00200.jpg,5 213 346 525 600
test_Sumida_00090.jpg,8 259 432 345 581
test_Numazu_00322.jpg,2 357 340 600 594
test_Muroran_00097.jpg,5 135 458 427 541 8 398 425 557 599 8 346 357 509 558
test_Muroran_00372.jpg,1 369 386 589 597
test_Adachi_00037.jpg,2 414 208 571 386
test_Muroran_00301.jpg,2 0 183 272 517
test_Muroran_00355.jpg,2 192 349 315 598 5 344 320 560 600 5 182 342 324 531
test_Sumida_00158.jpg,2 136 395 254 529
test_Numazu_00043.jpg,2 300 457 385 598 8 364 438 590 600
test_Nagakute_00037.jpg,7 7 374 579 566
test_Numazu_00213.jpg,1 113 370 548 572 3 120 400 515 559 8 3 267 277 476 8 469 301 593 544
test_Numazu_00195.jpg,5 0 404 320 596
test_Sumida_00032.jpg,7 147 503 600 592
test_Muroran_00267.jpg,5 54 330 560 584 5 307 317 597 600 5 74 334 323 558
test_Numazu_00289.jpg,5 201 416 600 597
test_Numazu_00199.jpg,8 344 314 597 551
test_Nagakute_00051.jpg,1 96 398 226 600 1 37 337 203 573 8 286 323 596 600 8 8 319 178 528
test_Nagakute_00106.jpg,7 110 373 380 426
test_Numazu_00283.jpg,2 116 422 198 579 5 126 420 259 581 5 82 307 600 579 8 68 266 189 373
test_Numazu_00109.jpg,1 123 310 377 585 1 151 334 325 501 1 215 375 365 579
test_Muroran_00064.jpg,5 98 373 600 592 5 0 445 368 594 5 0 421 545 540
test_Muroran_00330.jpg,5 179 327 350 415
test_Nagakute_00063.jpg,2 1 319 183 493 2 226 297 303 600 5 164 409 290 600
test_Adachi_00304.jpg,2 0 183 272 517
test_Muroran_00049.jpg,5 27 347 296 597
test_Numazu_00150.jpg,5 119 363 600 541 5 360 366 600 520
test_Nagakute_00251.jpg,8 338 312 594 560
test_Adachi_00156.jpg,7 0 231 528 441 8 422 322 592 467
test_Ichihara_00010.jpg,8 285 414 335 594
test_Numazu_00242.jpg,5 288 376 591 585 8 94 270 258 600
test_Adachi_00038.jpg,2 373 382 592 555
test_Muroran_00259.jpg,2 0 183 272 517
test_Numazu_00068.jpg,1 401 435 575 597 5 140 401 362 592
test_Muroran_00266.jpg,5 74 364 588 600 5 84 338 338 593
test_Adachi_00171.jpg,2 336 303 598 548 8 435 394 599 559
test_Chiba_00077.jpg,2 387 471 561 598 3 71 482 475 576 3 214 480 449 553
test_Muroran_00220.jpg,5 197 390 600 598 6 365 444 531 587
test_Numazu_00264.jpg,1 56 377 213 568 2 330 375 466 571 5 51 375 211 576 8 201 326 355 482
test_Sumida_00139.jpg,2 181 437 256 533
test_Sumida_00083.jpg,2 390 416 578 533 2 55 442 215 557 8 66 439 215 554
test_Adachi_00184.jpg,1 189 194 267 439 8 18 191 160 390
test_Nagakute_00237.jpg,1 207 405 286 531 1 70 393 188 579
test_Adachi_00028.jpg,2 318 178 546 600 2 298 150 464 490 2 312 183 418 393
test_Numazu_00005.jpg,1 397 483 594 595 5 145 483 352 595 5 72 479 520 596
test_Adachi_00212.jpg,1 73 374 243 536
test_Ichihara_00040.jpg,1 191 440 306 597 8 480 446 600 544
test_Sumida_00112.jpg,7 113 453 600 558
test_Nagakute_00056.jpg,2 14 244 250 539
test_Numazu_00142.jpg,3 17 469 516 579 3 182 445 600 566 5 423 370 591 545 8 5 276 202 518
test_Nagakute_00143.jpg,5 241 301 561 598 8 257 250 600 575 8 6 292 162 499
test_Ichihara_00008.jpg,1 187 443 310 600 8 467 447 597 561
test_Numazu_00351.jpg,2 287 499 407 592 3 210 393 600 496
test_Adachi_00108.jpg,2 13 86 177 352
test_Numazu_00111.jpg,8 8 413 181 576 8 286 323 374 600
test_Chiba_00042.jpg,1 311 441 405 540 2 81 444 193 529 8 374 396 556 555
test_Nagakute_00148.jpg,1 406 413 579 588
test_Numazu_00382.jpg,7 133 326 559 449
test_Muroran_00072.jpg,1 0 375 178 578 5 169 323 478 556 5 0 379 175 571 5 0 349 552 591
test_Numazu_00179.jpg,2 320 294 600 576 2 410 390 598 580 2 220 287 373 584 6 206 489 355 590
test_Muroran_00428.jpg,5 93 329 570 595
test_Numazu_00037.jpg,2 34 408 116 600 5 4 434 146 600
test_Muroran_00230.jpg,2 0 183 272 517
test_Chiba_00005.jpg,8 433 462 596 569 8 193 472 309 583
test_Muroran_00177.jpg,5 124 350 584 598 5 282 367 564 541 6 340 393 522 487 8 353 386 504 537
test_Sumida_00130.jpg,2 352 408 425 547
test_Nagakute_00222.jpg,2 300 385 600 534 8 11 264 56 481
test_Chiba_00047.jpg,2 471 469 589 552
test_Adachi_00101.jpg,7 0 396 523 591
test_Muroran_00173.jpg,2 0 183 272 517
test_Muroran_00042.jpg,2 406 371 592 600
test_Numazu_00276.jpg,7 115 382 600 563
test_Sumida_00097.jpg,7 4 421 460 550
test_Ichihara_00007.jpg,1 117 418 292 595 8 408 400 596 574 8 29 405 278 595
test_Numazu_00295.jpg,2 319 398 405 579 8 337 359 528 557 8 292 302 467 550 8 2 302 153 451
test_Numazu_00209.jpg,2 326 414 433 597 3 42 406 348 463
test_Nagakute_00145.jpg,8 48 400 179 599
test_Adachi_00125.jpg,7 126 336 557 426 8 415 434 585 599 8 1 379 161 578
test_Numazu_00252.jpg,1 8 470 171 583 1 240 464 398 556 5 6 472 165 588
test_Muroran_00065.jpg,5 181 362 598 599
test_Adachi_00100.jpg,7 0 414 452 600 7 68 448 571 600
test_Sumida_00148.jpg,2 0 183 272 517
test_Muroran_00218.jpg,2 37 358 162 524 2 203 313 257 577 8 408 351 600 521 8 7 332 144 479
test_Nagakute_00249.jpg,2 179 330 250 581
test_Chiba_00072.jpg,2 177 504 317 592
test_Numazu_00104.jpg,5 23 297 284 596 5 275 383 543 578 5 67 340 565 583 8 410 278 600 393
test_Numazu_00298.jpg,1 70 439 287 595 8 3 298 218 488 8 359 358 551 600
test_Sumida_00207.jpg,2 0 183 272 517
test_Sumida_00191.jpg,2 346 443 384 549
test_Adachi_00281.jpg,2 0 318 185 595 8 440 309 599 451
test_Ichihara_00027.jpg,1 156 381 293 579 8 0 402 239 594 8 393 377 600 528
test_Numazu_00066.jpg,2 285 290 465 539 5 304 322 510 575
test_Sumida_00215.jpg,8 401 451 597 594
test_Sumida_00114.jpg,8 426 468 594 598
test_Numazu_00073.jpg,7 0 428 461 599 7 126 395 600 600
test_Nagakute_00151.jpg,5 0 344 126 547 8 283 350 591 595
test_Numazu_00129.jpg,5 329 424 527 582 6 243 280 417 383
test_Numazu_00102.jpg,5 188 353 562 600 5 150 350 374 592
test_Muroran_00169.jpg,1 443 490 538 599 5 0 379 300 531
test_Numazu_00035.jpg,2 249 324 326 588 8 54 324 196 600
test_Chiba_00040.jpg,2 304 470 381 596 8 302 468 380 596
test_Adachi_00147.jpg,2 314 322 391 600
test_Muroran_00395.jpg,2 281 306 350 457 8 383 370 499 454 8 120 338 225 463
test_Nagakute_00215.jpg,1 37 385 157 589 1 302 374 505 561 8 0 326 113 507
test_Chiba_00012.jpg,2 0 183 272 517
test_Muroran_00192.jpg,1 266 356 339 576 8 364 366 589 592 8 5 369 179 575
test_Numazu_00279.jpg,2 293 414 369 600 2 72 428 193 594 8 340 424 490 597 8 6 441 169 588
test_Numazu_00018.jpg,7 0 379 536 600
test_Muroran_00019.jpg,5 60 371 584 596 5 214 391 448 600 5 448 367 595 547
test_Muroran_00317.jpg,1 124 380 295 600
test_Adachi_00148.jpg,1 447 454 596 595
test_Muroran_00396.jpg,5 91 347 565 599
test_Ichihara_00006.jpg,5 0 392 430 598
test_Adachi_00232.jpg,8 392 441 521 600
test_Muroran_00403.jpg,5 157 370 496 600
test_Sumida_00049.jpg,2 333 421 402 543 8 379 424 535 555
test_Muroran_00123.jpg,2 102 378 231 469
test_Adachi_00279.jpg,1 333 303 538 592 1 319 300 466 488 2 4 301 203 486
test_Nagakute_00232.jpg,5 94 403 552 600
test_Adachi_00189.jpg,2 0 233 130 363 2 482 367 598 529 2 122 188 269 547
test_Chiba_00083.jpg,8 476 495 594 583 8 210 468 327 588
test_Muroran_00202.jpg,5 240 361 506 492
test_Numazu_00098.jpg,6 146 413 378 600
test_Adachi_00055.jpg,2 0 241 291 535 7 17 204 344 397 8 0 202 321 528
test_Muroran_00264.jpg,2 103 351 225 599
test_Numazu_00371.jpg,5 59 345 512 584 5 0 387 269 596
test_Chiba_00066.jpg,2 0 183 272 517
test_Numazu_00320.jpg,2 363 373 586 585 2 76 352 189 591 8 0 317 144 472
test_Muroran_00145.jpg,8 0 306 141 436
test_Muroran_00152.jpg,5 65 409 500 600
test_Chiba_00014.jpg,8 8 523 190 596
test_Sumida_00223.jpg,2 316 392 383 537 8 343 396 518 550
test_Numazu_00001.jpg,5 41 456 222 596
test_Numazu_00022.jpg,5 434 333 598 591
test_Muroran_00265.jpg,5 203 349 430 586 8 443 357 556 454
test_Numazu_00358.jpg,1 219 425 287 590 8 274 388 512 594 8 163 384 273 453
test_Numazu_00025.jpg,2 313 291 470 537 5 248 326 528 573
test_Muroran_00308.jpg,2 0 183 272 517
test_Ichihara_00011.jpg,3 254 538 420 599
test_Numazu_00247.jpg,5 20 485 481 600
test_Adachi_00048.jpg,7 121 156 531 264 8 482 249 600 376
test_Adachi_00233.jpg,1 312 167 419 347 8 1 182 150 444
test_Nagakute_00193.jpg,1 114 370 276 599 2 317 314 544 591 5 153 374 271 528 8 6 330 255 600 8 107 366 269 574
test_Sumida_00099.jpg,2 143 428 271 545
test_Adachi_00194.jpg,2 408 361 593 567
test_Chiba_00043.jpg,1 437 475 591 578 8 232 476 328 591 8 421 462 600 565
test_Muroran_00392.jpg,5 90 375 600 599
test_Nagakute_00166.jpg,2 203 360 262 600
test_Nagakute_00101.jpg,3 131 458 544 574 5 229 299 600 581 8 210 229 261 553
test_Nagakute_00077.jpg,2 334 328 449 592 2 331 317 412 507 8 42 355 262 600
test_Sumida_00119.jpg,7 6 440 567 559
test_Numazu_00089.jpg,5 228 380 497 585
test_Nagakute_00177.jpg,5 70 344 505 597
test_Muroran_00188.jpg,2 0 183 272 517
test_Numazu_00130.jpg,5 0 408 243 572 5 96 405 420 599
test_Muroran_00034.jpg,2 388 348 597 592 5 46 360 590 600 5 322 332 600 585 5 36 352 308 593
test_Chiba_00054.jpg,8 72 439 202 597 8 283 446 509 595
test_Adachi_00193.jpg,2 390 366 536 590
test_Ichihara_00012.jpg,5 304 442 594 593
test_Muroran_00161.jpg,5 331 385 600 596
test_Muroran_00281.jpg,5 253 325 595 593 8 223 304 275 574 8 426 360 544 435
test_Muroran_00106.jpg,2 0 396 134 568 5 256 372 502 501
test_Numazu_00194.jpg,1 108 383 247 588 8 334 343 475 495 8 1 322 146 486
test_Muroran_00337.jpg,1 453 390 600 580 1 197 440 504 583
test_Muroran_00196.jpg,5 23 360 564 600
test_Sumida_00162.jpg,2 132 409 270 550
test_Numazu_00330.jpg,5 19 352 200 596 5 0 330 421 593 5 209 343 451 584
test_Nagakute_00002.jpg,2 269 376 401 594
test_Muroran_00285.jpg,2 323 338 518 600 5 84 360 522 594
test_Sumida_00084.jpg,8 421 445 576 525
test_Nagakute_00094.jpg,7 0 467 446 595 7 141 474 600 595
test_Numazu_00318.jpg,2 310 389 522 598 2 216 367 266 600 8 80 367 232 597
test_Chiba_00085.jpg,2 0 183 272 517
test_Sumida_00133.jpg,2 188 377 289 501
test_Adachi_00146.jpg,2 350 365 448 547 8 404 426 543 596
test_Numazu_00291.jpg,5 63 433 303 598 6 121 432 299 589
test_Muroran_00208.jpg,3 124 390 292 453 8 273 323 592 574
test_Nagakute_00042.jpg,1 289 424 407 600 8 359 376 594 533
test_Nagakute_00045.jpg,5 192 333 600 597
test_Nagakute_00103.jpg,5 145 466 353 600 8 250 376 383 600
test_Muroran_00121.jpg,5 1 400 502 600 5 152 465 586 597
test_Adachi_00043.jpg,2 391 204 594 490 2 232 183 308 429 8 425 253 596 533
test_Numazu_00205.jpg,2 0 183 272 517
test_Sumida_00146.jpg,2 212 412 277 543 8 99 428 235 553 8 399 435 589 564
test_Muroran_00017.jpg,5 80 366 537 570 5 380 375 595 596
test_Muroran_00231.jpg,1 15 412 185 597 5 193 290 558 567 5 232 505 426 596
test_Muroran_00427.jpg,2 0 183 272 517
test_Muroran_00324.jpg,2 306 483 410 599 5 326 499 498 595
test_Sumida_00109.jpg,7 461 467 583 562 7 81 465 600 568
test_Numazu_00266.jpg,1 226 465 289 597
test_Muroran_00048.jpg,5 0 430 574 600 5 11 429 143 591 5 293 446 579 600
test_Muroran_00134.jpg,1 182 417 268 600 2 184 415 272 599 8 0 381 175 579 8 360 361 537 598
test_Adachi_00116.jpg,2 206 238 285 511
test_Sumida_00069.jpg,8 436 458 600 597
test_Muroran_00076.jpg,1 253 429 372 600
test_Adachi_00230.jpg,7 0 269 508 579 7 0 205 538 445
test_Adachi_00205.jpg,2 235 235 299 565
test_Nagakute_00230.jpg,2 282 314 410 600 5 105 418 262 577
test_Numazu_00112.jpg,5 313 456 491 600
test_Nagakute_00053.jpg,2 189 338 239 586
test_Numazu_00100.jpg,2 328 482 457 598 5 278 450 437 596
test_Adachi_00041.jpg,2 373 260 541 552 2 77 407 170 575 2 140 243 242 428 2 119 193 259 509
test_Adachi_00143.jpg,1 348 326 496 536
test_Numazu_00084.jpg,5 17 444 402 596
test_Muroran_00314.jpg,5 27 389 575 600 5 310 393 600 600 8 347 399 434 509
test_Muroran_00302.jpg,1 226 497 326 600 8 78 516 233 598
test_Chiba_00073.jpg,1 306 475 391 584 5 309 477 391 582
test_Muroran_00002.jpg,5 0 426 447 600
test_Muroran_00311.jpg,2 0 183 272 517
test_Muroran_00004.jpg,1 423 460 584 591 2 279 388 338 596 5 32 391 229 591
test_Muroran_00276.jpg,5 107 396 483 596 5 231 425 600 589
test_Nagakute_00137.jpg,1 181 428 271 594
test_Muroran_00054.jpg,5 268 280 440 414
test_Sumida_00185.jpg,8 218 393 297 529
test_Muroran_00181.jpg,2 361 406 474 535
test_Adachi_00007.jpg,5 0 229 384 545
test_Nagakute_00219.jpg,1 94 489 174 600 8 233 330 592 581
test_Adachi_00027.jpg,2 0 183 272 517
test_Sumida_00126.jpg,2 342 415 435 506
test_Chiba_00067.jpg,2 3 450 102 548 2 375 422 456 562
test_Nagakute_00035.jpg,1 86 350 205 568 1 333 437 436 559
test_Nagakute_00079.jpg,1 35 382 175 595
test_Adachi_00214.jpg,1 27 411 145 553 2 379 355 598 597 8 358 335 585 590
test_Muroran_00360.jpg,5 118 377 594 599
test_Adachi_00065.jpg,8 459 420 599 597
test_Sumida_00010.jpg,2 0 183 272 517
test_Muroran_00390.jpg,2 369 372 494 598
test_Adachi_00126.jpg,2 437 251 596 485
test_Adachi_00050.jpg,2 387 374 591 600
test_Adachi_00152.jpg,2 205 357 264 548
test_Nagakute_00234.jpg,2 247 319 301 594
test_Numazu_00219.jpg,5 35 364 600 587
test_Muroran_00368.jpg,5 47 398 557 600 8 514 439 599 543
test_Nagakute_00156.jpg,5 59 415 250 588 8 4 373 206 579
test_Sumida_00014.jpg,7 50 449 587 554
test_Adachi_00009.jpg,2 364 339 564 600 8 366 344 552 600
test_Muroran_00233.jpg,2 164 343 224 596
test_Nagakute_00245.jpg,2 165 323 237 589 8 222 316 566 590 8 0 300 131 466
test_Adachi_00133.jpg,2 415 269 595 522 2 328 264 381 565
test_Muroran_00239.jpg,5 20 418 549 598
test_Adachi_00192.jpg,2 237 120 341 526 8 467 348 600 536
test_Numazu_00038.jpg,5 253 440 580 596
test_Adachi_00297.jpg,2 0 121 167 459
test_Muroran_00253.jpg,5 96 383 577 599
test_Sumida_00175.jpg,4 325 435 569 484
test_Numazu_00257.jpg,5 78 296 422 410
test_Muroran_00140.jpg,5 124 330 563 598
test_Numazu_00004.jpg,1 186 439 260 567 3 175 507 600 596 3 387 543 600 597
test_Muroran_00001.jpg,8 53 402 225 600
test_Numazu_00307.jpg,1 224 406 391 594 8 0 267 196 557
test_Numazu_00327.jpg,2 101 423 184 558 7 273 430 600 565
test_Adachi_00012.jpg,2 395 389 577 596
test_Numazu_00127.jpg,2 120 405 187 600 5 147 462 444 600
test_Numazu_00394.jpg,5 84 382 536 589
test_Adachi_00301.jpg,2 399 305 546 584 2 334 172 424 347
test_Chiba_00017.jpg,8 95 501 273 595
test_Sumida_00160.jpg,2 394 429 546 580
test_Sumida_00008.jpg,2 0 183 272 517
test_Muroran_00236.jpg,5 87 356 413 599
test_Muroran_00329.jpg,2 0 183 272 517
test_Muroran_00200.jpg,2 54 373 222 599 5 164 366 576 596 8 228 395 274 595
test_Muroran_00242.jpg,5 157 430 600 598 5 395 434 600 598
test_Ichihara_00033.jpg,1 198 471 308 595 8 5 484 174 598 8 442 416 598 578
test_Sumida_00025.jpg,2 327 397 419 520
test_Muroran_00184.jpg,2 0 183 272 517
test_Sumida_00026.jpg,2 0 183 272 517
test_Adachi_00159.jpg,8 223 314 278 573
test_Muroran_00102.jpg,1 464 415 591 580 8 0 367 245 591 8 65 337 267 522 8 437 452 585 595
test_Muroran_00268.jpg,1 383 361 505 488
test_Nagakute_00138.jpg,8 348 310 582 595
test_Numazu_00316.jpg,3 339 419 577 480 3 159 391 549 482 5 5 295 212 511
test_Nagakute_00064.jpg,1 303 500 408 598 8 284 387 545 600
test_Ichihara_00044.jpg,2 0 183 272 517
test_Muroran_00347.jpg,5 326 393 600 595
test_Muroran_00338.jpg,5 110 346 372 592
test_Sumida_00204.jpg,8 446 432 600 557
test_Numazu_00269.jpg,5 64 300 516 574
test_Numazu_00143.jpg,1 310 364 479 584 8 1 315 170 505
test_Muroran_00339.jpg,1 140 462 309 600 5 123 373 598 598
test_Adachi_00006.jpg,2 36 357 128 524
test_Muroran_00377.jpg,5 150 376 600 598
test_Nagakute_00095.jpg,5 23 406 247 599 8 462 429 597 571
test_Sumida_00171.jpg,2 0 183 272 517
test_Chiba_00056.jpg,5 434 499 571 575
test_Muroran_00210.jpg,5 100 378 489 600
test_Muroran_00046.jpg,5 91 400 505 599
test_Sumida_00188.jpg,2 102 406 222 541
test_Muroran_00040.jpg,5 4 391 145 593 5 158 373 313 593
test_Numazu_00191.jpg,5 289 378 442 586
test_Chiba_00030.jpg,2 449 475 596 577 8 224 483 333 591
test_Nagakute_00136.jpg,5 129 339 293 600
test_Nagakute_00046.jpg,2 234 314 315 590 8 291 332 600 542
test_Sumida_00050.jpg,2 338 408 403 544
test_Nagakute_00268.jpg,3 355 403 600 464 5 86 282 344 600 8 85 244 235 588
test_Chiba_00022.jpg,1 475 486 590 573
test_Muroran_00394.jpg,5 43 386 557 600
test_Numazu_00331.jpg,2 0 183 272 517
test_Adachi_00049.jpg,3 154 278 370 400 5 175 281 369 396
test_Ichihara_00050.jpg,7 94 420 600 552
test_Numazu_00046.jpg,2 256 296 372 590
test_Muroran_00164.jpg,5 23 350 251 564
test_Chiba_00081.jpg,7 0 495 508 598
test_Ichihara_00009.jpg,1 249 424 350 600 1 23 435 249 589 2 25 432 263 583 5 213 427 600 591 8 401 382 597 521
test_Chiba_00013.jpg,2 0 183 272 517
test_Numazu_00369.jpg,2 244 314 321 572 5 15 338 527 583 5 264 328 506 575 8 381 364 562 551
test_Numazu_00014.jpg,6 52 395 482 590
test_Adachi_00137.jpg,1 420 289 600 445
test_Muroran_00018.jpg,5 243 422 367 588
test_Nagakute_00203.jpg,5 5 416 177 599 8 283 324 587 593
test_Numazu_00363.jpg,1 121 316 184 446 2 192 274 262 522 3 226 438 449 506
test_Adachi_00222.jpg,1 461 286 595 474 5 185 441 463 585
test_Muroran_00359.jpg,5 229 347 559 534 5 364 367 600 577 5 169 336 420 509 8 480 399 599 530
test_Sumida_00077.jpg,2 0 183 272 517
test_Adachi_00311.jpg,2 388 347 464 536
test_Adachi_00255.jpg,2 351 378 422 600 8 138 373 290 512
test_Numazu_00041.jpg,2 0 284 198 530 2 305 359 393 582
test_Muroran_00249.jpg,5 4 338 279 502
test_Sumida_00070.jpg,7 73 435 562 522
test_Numazu_00133.jpg,2 351 466 433 591
test_Adachi_00158.jpg,5 150 372 582 600 5 139 423 406 598 5 356 370 600 577
test_Adachi_00114.jpg,3 263 441 435 527
test_Adachi_00284.jpg,2 251 386 358 600
test_Muroran_00361.jpg,1 298 515 537 600 5 34 375 336 600 8 269 393 567 537
test_Muroran_00199.jpg,8 402 385 575 598
test_Adachi_00174.jpg,2 0 183 272 517
test_Adachi_00173.jpg,2 347 351 555 600
test_Numazu_00139.jpg,1 29 399 216 572 2 33 406 211 576
test_Adachi_00187.jpg,1 111 347 241 513 2 426 270 582 537
test_Sumida_00003.jpg,1 175 408 313 526
test_Muroran_00101.jpg,5 19 330 467 592
test_Muroran_00323.jpg,5 38 365 565 600 8 13 401 193 585
test_Chiba_00015.jpg,1 38 511 167 596 7 3 510 489 599
test_Muroran_00367.jpg,5 358 310 600 592
test_Nagakute_00052.jpg,1 326 433 534 600 2 29 352 181 598
test_Muroran_00351.jpg,2 117 371 209 541
test_Adachi_00282.jpg,1 352 216 500 468 1 70 215 280 468 1 153 206 278 356 1 32 266 218 509
test_Adachi_00045.jpg,2 352 221 507 551 8 185 282 392 541
test_Ichihara_00020.jpg,7 68 427 600 589
test_Muroran_00038.jpg,5 8 385 543 600 8 403 482 501 594
test_Numazu_00177.jpg,1 125 406 219 580
test_Nagakute_00218.jpg,2 172 287 307 592
test_Adachi_00111.jpg,1 307 242 488 493 2 298 238 484 503 7 77 151 416 289
test_Sumida_00199.jpg,2 174 410 288 557 8 377 432 587 580
test_Numazu_00196.jpg,1 300 307 536 577 5 13 325 168 502 8 268 259 590 600
test_Adachi_00034.jpg,7 0 399 546 597 8 1 300 124 443
test_Numazu_00057.jpg,5 45 404 549 597 8 15 381 190 598 8 432 471 600 596
test_Numazu_00123.jpg,5 229 393 435 599 8 17 323 190 596
test_Adachi_00182.jpg,2 353 178 563 600
test_Nagakute_00115.jpg,7 0 398 406 489
test_Muroran_00039.jpg,5 502 445 600 598
test_Sumida_00210.jpg,7 128 474 553 571
test_Adachi_00010.jpg,2 422 211 585 406 2 243 256 330 600
test_Muroran_00099.jpg,5 0 364 441 596 5 3 367 206 597
test_Muroran_00056.jpg,5 62 358 326 600
test_Muroran_00350.jpg,5 14 333 315 590 5 447 433 600 595
test_Ichihara_00004.jpg,2 0 183 272 517
test_Adachi_00181.jpg,2 356 198 445 335
test_Adachi_00323.jpg,2 0 183 272 517
test_Numazu_00032.jpg,1 134 382 210 492 8 316 299 589 553 8 4 282 173 439
test_Nagakute_00075.jpg,2 367 313 600 568 5 113 355 281 598 8 267 324 321 590
test_Sumida_00071.jpg,2 353 434 388 536 8 109 418 283 555
test_Numazu_00007.jpg,2 336 370 600 572
test_Numazu_00172.jpg,1 177 317 252 448 8 334 283 593 525
test_Muroran_00235.jpg,2 328 393 482 573 2 310 397 385 594
test_Adachi_00112.jpg,2 0 183 272 517
test_Nagakute_00212.jpg,1 297 368 426 476
test_Muroran_00095.jpg,5 135 389 570 599
test_Muroran_00062.jpg,5 377 345 600 594
test_Numazu_00238.jpg,2 308 327 482 575 8 445 398 600 572
test_Adachi_00026.jpg,1 203 438 414 600
test_Numazu_00151.jpg,2 271 297 399 581 8 374 389 600 598
test_Chiba_00080.jpg,1 423 481 506 583
test_Numazu_00116.jpg,1 189 362 283 563
test_Numazu_00398.jpg,5 119 351 309 451 5 90 341 457 459 8 11 269 200 462 8 340 339 486 522
test_Sumida_00120.jpg,2 0 183 272 517
test_Adachi_00177.jpg,8 426 295 565 591
test_Sumida_00136.jpg,7 74 457 563 563
test_Adachi_00298.jpg,2 363 344 485 600
test_Nagakute_00255.jpg,5 41 376 286 598 5 0 376 548 596 5 270 347 569 553 5 294 365 476 514
test_Chiba_00023.jpg,2 0 183 272 517
test_Numazu_00224.jpg,5 62 424 501 600 5 44 432 263 599
test_Sumida_00093.jpg,8 139 439 274 552
test_Muroran_00147.jpg,5 292 373 512 599
test_Numazu_00278.jpg,2 0 183 272 517
test_Nagakute_00065.jpg,2 172 344 243 566 2 160 419 231 600
test_Numazu_00027.jpg,2 0 183 272 517
test_Muroran_00382.jpg,2 2 322 194 517 2 276 280 342 435 5 276 414 442 496
test_Sumida_00184.jpg,2 322 416 383 546
test_Numazu_00335.jpg,2 2 300 207 530 2 212 410 265 594 5 326 319 596 592 6 316 326 600 600
test_Sumida_00085.jpg,8 444 448 600 542
test_Numazu_00299.jpg,1 308 319 552 565 1 96 446 193 587 2 9 346 186 557 5 301 313 470 482 8 327 331 571 563
test_Muroran_00303.jpg,2 0 183 272 517
test_Numazu_00265.jpg,2 258 375 483 600 8 5 386 187 600
test_Nagakute_00164.jpg,2 233 241 337 600 5 339 323 581 589
test_Numazu_00214.jpg,5 0 354 464 600 5 172 465 564 599 5 0 332 231 587
test_Adachi_00211.jpg,1 91 215 260 496 1 351 203 517 457
test_Muroran_00197.jpg,2 422 344 593 513 8 50 400 226 592
test_Muroran_00159.jpg,2 107 379 221 591 8 371 395 478 490
test_Sumida_00159.jpg,2 188 432 313 556
test_Numazu_00217.jpg,5 279 401 590 597
test_Ichihara_00041.jpg,1 165 423 294 597 8 375 368 600 591 8 6 413 262 600
test_Ichihara_00031.jpg,2 464 427 600 554
test_Nagakute_00071.jpg,1 413 411 589 598 5 145 401 600 587
test_Muroran_00189.jpg,5 0 360 243 600
test_Adachi_00066.jpg,7 71 406 600 600
test_Muroran_00178.jpg,1 95 439 270 597 8 0 363 200 528
test_Numazu_00042.jpg,2 0 183 272 517
test_Nagakute_00020.jpg,5 0 324 506 592 8 0 247 201 435
test_Adachi_00244.jpg,8 378 489 469 600
test_Numazu_00061.jpg,1 475 465 592 588 1 297 443 428 570
test_Adachi_00274.jpg,1 214 310 476 600 2 148 261 422 559
test_Numazu_00337.jpg,2 251 411 375 600 8 23 378 197 596 8 357 471 599 600
test_Chiba_00053.jpg,2 266 486 417 573
test_Sumida_00062.jpg,8 395 421 597 561
test_Numazu_00271.jpg,2 300 323 536 561 8 295 301 595 555 8 77 301 543 514
test_Nagakute_00160.jpg,8 57 324 230 596
test_Adachi_00053.jpg,2 87 346 297 584 2 153 329 308 512 8 395 298 530 531
test_Nagakute_00247.jpg,2 267 332 335 586 8 352 317 594 596 8 2 311 266 559
test_Muroran_00021.jpg,5 322 508 472 599
test_Muroran_00374.jpg,2 364 394 482 554 2 324 429 407 595
test_Nagakute_00068.jpg,7 15 356 578 545
test_Sumida_00101.jpg,2 0 183 272 517
test_Adachi_00295.jpg,2 352 308 579 592
test_Numazu_00181.jpg,2 252 281 405 592 2 366 341 596 543
test_Numazu_00406.jpg,5 276 345 560 588 8 24 309 220 595
test_Numazu_00203.jpg,5 139 303 492 575 5 265 386 564 567
test_Sumida_00142.jpg,8 313 385 419 540
test_Numazu_00346.jpg,5 206 435 348 506
test_Muroran_00229.jpg,1 248 409 384 592 5 340 351 541 595
test_Numazu_00332.jpg,2 313 324 385 451
test_Muroran_00414.jpg,5 46 358 538 598
test_Numazu_00047.jpg,2 309 307 531 573
test_Nagakute_00172.jpg,2 257 332 312 593
test_Muroran_00073.jpg,1 425 491 550 599
test_Muroran_00287.jpg,1 202 441 357 600
test_Adachi_00162.jpg,2 408 242 597 533
test_Chiba_00057.jpg,2 197 495 292 588 8 433 459 599 569
test_Numazu_00146.jpg,1 305 342 498 585 2 310 327 496 578
test_Nagakute_00238.jpg,1 399 354 572 504 5 122 378 600 582
test_Numazu_00376.jpg,5 80 398 477 600 5 39 397 244 600 8 155 425 444 598
test_Numazu_00216.jpg,5 72 333 232 595
test_Adachi_00140.jpg,2 419 381 593 600 8 420 374 600 600
test_Adachi_00058.jpg,1 305 123 543 409 1 372 147 597 493
test_Numazu_00297.jpg,5 287 450 488 598
test_Muroran_00084.jpg,2 231 363 333 595
test_Sumida_00147.jpg,2 0 183 272 517
test_Muroran_00217.jpg,5 112 415 280 599
test_Nagakute_00158.jpg,2 280 326 558 588 8 317 309 589 539
test_Adachi_00080.jpg,1 84 319 229 537 1 308 314 507 584 2 328 341 536 598 2 81 321 226 540 8 332 323 560 585
test_Adachi_00256.jpg,1 174 448 318 595 8 487 348 600 486
test_Numazu_00011.jpg,5 0 331 496 600 5 218 329 586 592 5 3 323 249 586
test_Sumida_00182.jpg,1 360 462 448 570
test_Muroran_00119.jpg,1 177 379 440 597 5 0 370 257 600 5 48 375 481 595
test_Nagakute_00206.jpg,1 289 419 382 523 8 0 308 201 513
test_Adachi_00252.jpg,1 292 331 395 440 1 327 414 564 588 8 319 305 600 458
test_Nagakute_00184.jpg,1 147 464 206 598 2 348 435 535 599 8 54 330 175 591
test_Numazu_00365.jpg,8 115 411 528 562
test_Nagakute_00142.jpg,1 334 335 506 515 5 336 320 518 510 8 334 303 596 524 8 32 285 396 564
test_Muroran_00075.jpg,8 78 382 241 597
test_Adachi_00305.jpg,8 72 162 142 440 8 35 244 121 600
test_Nagakute_00257.jpg,5 321 317 532 600 8 142 278 278 600
test_Muroran_00093.jpg,2 187 367 257 597 2 11 399 173 590 5 128 393 557 598 5 176 372 380 594
test_Numazu_00048.jpg,7 0 337 475 523
test_Adachi_00145.jpg,3 25 464 522 576 5 95 401 600 586
test_Sumida_00048.jpg,2 265 437 306 541
test_Nagakute_00133.jpg,5 16 470 536 600
test_Muroran_00356.jpg,1 492 341 598 492 1 174 375 350 562 1 516 374 587 464 5 168 373 353 572 8 364 349 441 593
test_Muroran_00289.jpg,5 208 361 600 600 8 429 441 524 595
test_Muroran_00336.jpg,1 373 400 441 559 8 488 435 600 600
test_Numazu_00056.jpg,7 50 425 600 597
test_Muroran_00009.jpg,5 51 401 515 599 5 324 433 600 585
test_Numazu_00137.jpg,1 176 374 274 574 1 364 351 592 587
test_Muroran_00089.jpg,5 256 462 425 594 5 1 405 102 528
test_Numazu_00301.jpg,2 292 274 497 557 5 0 335 399 577
test_Muroran_00271.jpg,2 300 357 445 599 5 351 360 598 551 5 308 358 502 599
test_Muroran_00133.jpg,6 232 332 392 600
test_Nagakute_00100.jpg,2 0 183 272 517
test_Sumida_00020.jpg,2 208 384 284 526
test_Nagakute_00243.jpg,2 349 448 495 595
test_Nagakute_00111.jpg,5 107 394 522 597
test_Muroran_00227.jpg,2 348 302 587 600
test_Sumida_00203.jpg,8 244 479 475 535
test_Sumida_00022.jpg,7 192 433 588 544
test_Chiba_00055.jpg,2 412 461 595 567 8 208 490 312 594
test_Sumida_00038.jpg,2 270 434 346 540
test_Adachi_00163.jpg,2 378 324 564 543
test_Sumida_00061.jpg,2 368 439 441 554 8 43 464 190 560 8 406 398 596 531
test_Muroran_00037.jpg,5 200 353 600 597
test_Sumida_00034.jpg,1 343 402 393 457 7 148 442 563 538
test_Adachi_00178.jpg,2 29 281 250 600 7 2 273 409 422
test_Numazu_00051.jpg,5 0 366 600 558
test_Nagakute_00001.jpg,2 13 333 251 598 8 400 352 598 546
test_Numazu_00232.jpg,2 276 320 419 600
test_Nagakute_00267.jpg,2 56 334 235 598 5 423 362 600 579 5 256 309 370 401 8 8 310 233 598
test_Sumida_00152.jpg,2 364 423 503 551
test_Adachi_00001.jpg,2 2 214 246 599
test_Numazu_00052.jpg,2 128 368 223 570 2 67 341 213 600
test_Adachi_00102.jpg,5 29 178 198 464
test_Adachi_00309.jpg,3 53 302 498 389 3 17 311 224 396
test_Sumida_00181.jpg,7 83 500 600 594
test_Nagakute_00186.jpg,1 219 464 297 597 1 214 447 372 596 2 345 443 519 600
test_Numazu_00260.jpg,2 0 183 272 517
test_Numazu_00248.jpg,2 232 311 301 577 5 125 410 267 506
test_Adachi_00052.jpg,3 139 309 600 413
test_Adachi_00092.jpg,2 206 337 315 600
test_Numazu_00286.jpg,5 38 377 256 600
test_Nagakute_00097.jpg,8 1 356 151 471
test_Sumida_00074.jpg,7 86 452 548 578
test_Adachi_00303.jpg,2 0 337 173 600
test_Nagakute_00104.jpg,2 323 333 600 558 8 298 323 600 572
test_Adachi_00115.jpg,2 296 323 345 600 8 517 422 600 534
test_Muroran_00426.jpg,5 68 417 579 600
test_Muroran_00370.jpg,1 0 369 234 592 1 159 466 288 600 2 354 445 418 595 8 419 489 514 600
test_Numazu_00187.jpg,1 357 429 507 592
test_Nagakute_00090.jpg,7 90 380 600 596
test_Adachi_00142.jpg,2 334 356 405 487 8 370 343 593 598
test_Numazu_00328.jpg,5 82 499 235 598 6 54 501 227 600 8 300 306 536 588 8 1 318 158 522
test_Muroran_00162.jpg,5 0 404 525 599 6 249 425 600 596
test_Chiba_00033.jpg,8 314 409 488 573 8 3 431 176 581
test_Numazu_00280.jpg,2 253 313 340 555
test_Muroran_00304.jpg,1 53 479 178 595 5 184 365 567 582
test_Muroran_00086.jpg,2 0 183 272 517
test_Muroran_00025.jpg,2 3 372 200 592 5 285 430 407 600 8 318 467 394 596
test_Numazu_00148.jpg,1 70 305 203 600 1 76 290 139 564 3 174 417 452 476
test_Numazu_00263.jpg,5 195 376 415 584 8 157 311 240 430
test_Adachi_00033.jpg,2 0 183 272 517
test_Nagakute_00039.jpg,1 70 403 208 600 8 287 346 564 589 8 6 308 187 524
test_Numazu_00020.jpg,1 18 440 185 600 2 166 407 222 598 5 23 418 222 598
test_Muroran_00378.jpg,1 144 413 233 593 5 141 372 600 558
test_Nagakute_00150.jpg,2 216 362 268 593 4 13 452 404 559
test_Nagakute_00102.jpg,2 372 269 423 565 8 27 352 282 600
test_Nagakute_00171.jpg,1 59 356 206 519 8 12 359 187 545
test_Chiba_00027.jpg,2 0 183 272 517
test_Numazu_00293.jpg,1 405 398 597 584 5 210 346 424 586 8 216 348 406 589
test_Numazu_00296.jpg,5 86 384 246 600 6 89 381 255 600
test_Adachi_00285.jpg,8 450 325 590 464
test_Muroran_00190.jpg,1 70 462 188 600 1 41 381 215 594 8 353 380 579 600 8 8 350 217 596
test_Muroran_00193.jpg,1 453 505 543 597
test_Numazu_00215.jpg,5 84 323 532 566 5 100 373 354 575 5 327 301 600 553 8 0 251 206 486 8 295 290 600 531
test_Ichihara_00035.jpg,1 391 450 497 600
test_Adachi_00259.jpg,5 38 280 574 525 5 128 227 600 468
test_Adachi_00064.jpg,2 0 183 272 517
test_Nagakute_00009.jpg,8 303 291 600 578 8 0 342 78 594
test_Adachi_00288.jpg,2 369 254 555 592 2 361 226 502 481 8 107 284 233 571
test_Nagakute_00224.jpg,2 82 341 181 433 2 256 431 323 592 2 462 409 597 508
test_Adachi_00206.jpg,8 437 290 598 505
test_Numazu_00347.jpg,2 135 402 205 553
test_Sumida_00004.jpg,2 0 183 272 517
test_Sumida_00023.jpg,2 314 394 400 527
test_Muroran_00277.jpg,5 138 350 557 600 5 167 381 391 587 5 448 483 599 600 8 440 483 587 600
test_Muroran_00155.jpg,5 0 432 539 596 5 210 509 396 598 5 444 531 600 599
test_Adachi_00200.jpg,2 432 344 598 502 8 439 352 599 511
test_Adachi_00166.jpg,2 146 291 207 598
test_Nagakute_00055.jpg,5 28 381 519 597
test_Numazu_00077.jpg,1 271 409 365 588 1 420 375 505 537
test_Adachi_00104.jpg,7 0 190 497 546 7 115 151 600 458
test_Adachi_00226.jpg,2 280 304 583 519 2 265 294 485 453
test_Nagakute_00124.jpg,1 104 387 271 572 1 323 378 583 600 8 4 359 166 572 8 297 316 600 556
test_Nagakute_00076.jpg,2 248 318 418 590
test_Muroran_00136.jpg,5 108 349 556 598
test_Numazu_00082.jpg,1 277 433 397 597 8 16 386 201 600
test_Muroran_00011.jpg,2 0 183 272 517
test_Muroran_00030.jpg,2 377 361 510 600 5 3 350 316 590
test_Sumida_00002.jpg,2 316 436 392 550
test_Adachi_00039.jpg,2 235 190 348 527 8 321 332 563 532 8 12 196 184 389 8 365 211 596 390
test_Adachi_00132.jpg,2 4 420 184 547 2 329 319 385 600 8 169 304 320 430
test_Sumida_00005.jpg,7 135 455 596 539
test_Nagakute_00026.jpg,5 139 407 268 587 8 4 347 137 444
test_Numazu_00282.jpg,5 0 515 150 600 6 12 432 463 600
test_Numazu_00349.jpg,8 123 311 312 389
test_Sumida_00108.jpg,2 0 183 272 517
test_Numazu_00173.jpg,2 166 264 254 476
test_Adachi_00079.jpg,8 156 303 231 584
test_Sumida_00161.jpg,1 159 430 256 521 8 331 393 588 556
test_Chiba_00086.jpg,2 0 183 272 517
test_Muroran_00406.jpg,7 81 384 584 522
test_Sumida_00173.jpg,1 5 460 150 564 2 155 419 258 554
test_Numazu_00255.jpg,8 304 363 439 595
test_Sumida_00115.jpg,2 201 402 320 557 2 210 447 287 545 8 464 425 595 539
test_Muroran_00256.jpg,5 25 390 187 599 5 49 359 418 580
test_Muroran_00429.jpg,5 53 362 276 597
test_Numazu_00125.jpg,7 56 432 600 598
test_Numazu_00069.jpg,2 165 374 249 478 5 469 464 594 598
test_Adachi_00067.jpg,2 189 389 253 600 8 345 312 566 599 8 339 322 497 507
test_Chiba_00090.jpg,7 55 510 600 600
test_Numazu_00223.jpg,1 307 418 406 597
test_Sumida_00206.jpg,8 164 439 265 549
test_Muroran_00248.jpg,5 277 381 600 598
test_Sumida_00140.jpg,2 0 183 272 517
test_Nagakute_00014.jpg,5 312 397 524 599 5 0 404 461 600 8 25 465 223 590
test_Nagakute_00059.jpg,8 320 395 598 600 8 1 341 174 525
test_Numazu_00094.jpg,2 291 302 408 408 2 142 289 209 402 5 220 333 396 414
test_Muroran_00296.jpg,5 83 388 572 600
test_Adachi_00283.jpg,1 380 317 516 447 1 385 289 589 475
test_Numazu_00045.jpg,1 270 422 403 591 2 104 390 206 581 5 269 428 405 593
test_Numazu_00055.jpg,2 265 368 444 600
test_Chiba_00050.jpg,2 399 454 600 567
test_Muroran_00340.jpg,3 414 382 585 444
test_Numazu_00375.jpg,3 0 488 458 591 5 252 452 415 600
test_Numazu_00021.jpg,1 201 340 345 557 2 34 302 185 548 8 247 319 357 447
test_Numazu_00149.jpg,5 0 392 517 598 5 230 416 578 600
test_Numazu_00190.jpg,1 81 357 195 474 2 335 367 556 600 2 246 316 320 484
test_Numazu_00099.jpg,1 171 498 297 598 5 172 494 300 598
test_Nagakute_00054.jpg,1 73 383 210 513
test_Muroran_00158.jpg,3 281 530 541 596 5 0 525 141 598
test_Numazu_00067.jpg,5 290 339 600 595 8 0 300 185 583
test_Adachi_00008.jpg,2 423 351 600 494
test_Muroran_00222.jpg,7 134 354 600 454 8 95 490 212 599
test_Muroran_00319.jpg,1 223 452 340 585 2 318 291 401 459 2 225 433 347 590 2 215 321 373 588 4 236 449 600 543
test_Adachi_00149.jpg,2 232 316 285 600
test_Muroran_00088.jpg,1 333 316 429 600
test_Nagakute_00209.jpg,5 121 482 464 600
test_Chiba_00064.jpg,8 349 409 561 575
test_Numazu_00120.jpg,5 232 323 453 592
test_Adachi_00241.jpg,2 114 449 212 595
test_Nagakute_00117.jpg,2 219 361 468 600 3 163 485 381 537
test_Adachi_00245.jpg,1 443 331 558 516
test_Numazu_00244.jpg,2 290 390 336 600
test_Nagakute_00081.jpg,1 89 401 197 531
test_Muroran_00309.jpg,5 286 432 600 593
test_Sumida_00216.jpg,7 81 436 600 529
test_Muroran_00036.jpg,2 33 402 203 591
test_Adachi_00307.jpg,5 5 423 327 550 8 373 340 597 543
test_Adachi_00248.jpg,5 189 287 580 562 5 417 287 594 473 5 249 247 600 483 8 443 286 600 450
test_Adachi_00191.jpg,1 473 240 598 441
test_Sumida_00228.jpg,2 0 183 272 517
test_Adachi_00167.jpg,2 371 333 445 544
test_Adachi_00258.jpg,2 380 367 566 600
test_Numazu_00243.jpg,5 157 315 287 408 8 2 312 165 518
test_Numazu_00115.jpg,2 0 183 272 517
test_Muroran_00270.jpg,3 0 491 459 589 5 37 360 505 596 5 227 346 369 460 8 314 331 474 554
test_Muroran_00092.jpg,5 111 370 306 599
test_Nagakute_00044.jpg,1 352 457 435 566 8 268 364 410 470
test_Ichihara_00017.jpg,7 146 419 600 520
test_Ichihara_00043.jpg,5 181 403 600 600 5 146 402 369 600
test_Numazu_00324.jpg,1 253 372 557 515 8 99 371 292 495
test_Sumida_00138.jpg,2 269 448 314 546
test_Adachi_00183.jpg,1 453 295 598 467
test_Muroran_00399.jpg,5 91 327 339 597
test_Muroran_00214.jpg,1 271 342 409 591 1 522 435 596 557 8 11 350 311 600 8 120 326 352 519
test_Numazu_00189.jpg,5 143 332 600 598
test_Adachi_00312.jpg,1 60 128 214 310 1 2 165 186 372
test_Muroran_00063.jpg,1 366 375 597 547 1 295 366 414 498
test_Muroran_00375.jpg,1 204 352 268 569 2 268 339 352 574
test_Muroran_00341.jpg,8 1 347 251 531 8 370 454 438 595
test_Numazu_00326.jpg,5 241 305 574 594 5 336 275 596 510 8 343 278 600 487
test_Numazu_00274.jpg,2 403 377 584 580
test_Adachi_00017.jpg,2 239 274 313 570
test_Adachi_00227.jpg,2 8 213 219 371 8 94 215 212 311
test_Nagakute_00108.jpg,2 191 413 293 599
test_Adachi_00024.jpg,2 41 208 269 600
test_Adachi_00326.jpg,2 362 173 600 451 8 4 128 172 426
test_Chiba_00051.jpg,2 0 183 272 517
test_Numazu_00169.jpg,5 79 284 216 583
test_Muroran_00332.jpg,5 352 358 600 598
test_Adachi_00168.jpg,1 355 454 433 600 2 353 445 435 597 8 11 283 258 485
test_Muroran_00033.jpg,1 259 420 363 600 8 417 446 512 600
test_Numazu_00096.jpg,5 4 418 151 581 8 7 323 186 563
test_Muroran_00234.jpg,5 185 380 447 597
test_Adachi_00271.jpg,7 69 325 542 594
test_Muroran_00279.jpg,1 324 451 444 600 2 50 389 185 591 2 282 367 345 598 8 331 460 438 597 8 3 386 114 493
test_Numazu_00231.jpg,5 57 376 505 588 5 6 412 298 595
test_Nagakute_00157.jpg,1 381 425 567 597
test_Adachi_00129.jpg,2 423 247 587 417
test_Nagakute_00266.jpg,1 236 325 299 488 1 11 373 166 491
test_Numazu_00228.jpg,8 272 415 350 550
test_Muroran_00387.jpg,1 254 391 339 578 2 31 362 172 598 2 273 409 353 592
test_Numazu_00070.jpg,1 201 385 417 596 3 18 443 394 581 5 22 415 432 577 8 219 394 417 594
test_Nagakute_00175.jpg,5 198 366 463 560
test_Nagakute_00192.jpg,2 307 328 576 592 8 338 337 600 596
test_Muroran_00282.jpg,2 300 348 348 574 5 277 420 552 560
test_Muroran_00080.jpg,2 222 359 343 599 2 380 343 458 571 2 400 403 483 598
test_Chiba_00008.jpg,1 280 475 369 575 2 433 428 558 585
test_Numazu_00226.jpg,5 61 356 497 596
test_Nagakute_00080.jpg,2 11 356 177 503 5 189 404 357 596
test_Numazu_00355.jpg,2 243 388 315 593 5 289 450 600 593
test_Muroran_00421.jpg,1 218 389 294 600 1 205 340 276 561
test_Numazu_00009.jpg,5 49 365 542 590
test_Chiba_00065.jpg,1 194 483 285 597
test_Sumida_00192.jpg,1 327 423 426 534 2 246 425 289 538
test_Adachi_00077.jpg,2 406 404 456 594
test_Nagakute_00236.jpg,1 267 396 363 584 1 287 473 376 597 8 236 338 480 597 8 242 364 387 540
test_Numazu_00081.jpg,1 292 368 449 582 1 273 331 400 536 8 37 257 222 585 8 358 299 600 489
test_Adachi_00176.jpg,2 402 305 503 462
test_Chiba_00007.jpg,8 355 416 503 566
test_Numazu_00383.jpg,2 418 332 542 584 2 293 303 368 581
test_Sumida_00150.jpg,8 390 429 562 569
test_Numazu_00275.jpg,2 321 294 413 586
test_Chiba_00016.jpg,1 323 470 405 573
test_Nagakute_00194.jpg,2 184 321 291 598
test_Numazu_00313.jpg,2 107 314 174 469 8 3 271 118 425
test_Nagakute_00126.jpg,1 241 378 416 598 2 232 340 595 589
test_Numazu_00136.jpg,2 125 381 213 569
test_Muroran_00107.jpg,5 74 372 493 597
test_Adachi_00319.jpg,2 490 336 599 494 2 370 188 478 340
test_Numazu_00138.jpg,5 75 434 596 595 5 0 378 196 508 5 0 482 425 595
test_Muroran_00151.jpg,1 436 445 596 600 1 192 415 249 600 1 322 440 423 597 5 438 449 600 600
test_Sumida_00117.jpg,8 117 443 240 563 8 445 437 595 521
test_Adachi_00328.jpg,1 389 231 581 557 1 149 273 257 398
test_Muroran_00016.jpg,1 477 429 569 597
test_Numazu_00175.jpg,1 171 433 247 600 8 290 416 537 599 8 1 403 182 566
test_Muroran_00110.jpg,1 227 373 500 594
test_Adachi_00025.jpg,2 299 264 396 462 2 297 293 363 562
test_Nagakute_00252.jpg,8 263 311 528 600
test_Numazu_00010.jpg,8 39 318 198 597
test_Numazu_00023.jpg,2 278 317 333 446 8 94 327 207 454
test_Adachi_00094.jpg,2 418 305 598 495 8 411 291 600 495
test_Adachi_00264.jpg,1 300 357 476 506 5 294 359 463 517
test_Adachi_00292.jpg,2 284 238 335 508
test_Sumida_00110.jpg,8 417 450 597 590
test_Nagakute_00220.jpg,2 236 295 454 600 3 165 465 350 520
test_Muroran_00135.jpg,5 301 356 600 599 5 158 359 507 594
test_Numazu_00183.jpg,5 202 343 480 595 5 39 368 372 511
test_Numazu_00294.jpg,5 142 384 255 583 8 0 293 163 479
test_Numazu_00163.jpg,1 249 395 555 589
test_Nagakute_00155.jpg,1 338 433 558 599 5 322 419 566 599
test_Numazu_00154.jpg,7 99 413 590 535 7 0 406 368 579 8 133 418 600 589 8 0 397 396 563
test_Muroran_00408.jpg,5 189 361 600 600 8 457 386 597 563
test_Numazu_00273.jpg,2 213 274 341 585
test_Nagakute_00214.jpg,2 16 293 190 573
test_Nagakute_00161.jpg,2 282 333 569 596 8 283 308 573 536
test_Numazu_00003.jpg,1 304 328 398 413 7 34 388 600 600
test_Muroran_00015.jpg,5 128 405 520 600 5 159 426 354 596
test_Muroran_00126.jpg,2 354 388 425 589
test_Adachi_00113.jpg,2 0 183 272 517
test_Nagakute_00123.jpg,5 72 359 465 600 5 281 366 478 592
test_Sumida_00001.jpg,2 0 183 272 517
test_Numazu_00174.jpg,1 296 349 488 546 8 8 245 213 566
test_Muroran_00423.jpg,1 350 438 508 596 5 171 373 484 593
test_Ichihara_00051.jpg,1 442 408 597 600 1 92 404 282 592 8 20 386 295 595
test_Adachi_00123.jpg,2 0 183 272 517
test_Adachi_00109.jpg,2 478 427 600 560
test_Nagakute_00208.jpg,1 38 411 164 591 8 303 489 412 600
test_Numazu_00017.jpg,2 0 183 272 517
test_Numazu_00039.jpg,2 263 350 498 587 2 394 506 487 599 2 258 347 386 493
test_Adachi_00036.jpg,2 433 246 600 442
test_Sumida_00213.jpg,2 327 404 435 525 8 321 398 431 525
test_Sumida_00225.jpg,8 407 437 574 570
test_Nagakute_00228.jpg,5 2 338 338 595 5 1 368 138 598
test_Muroran_00371.jpg,2 287 397 442 600 2 130 389 207 600
test_Nagakute_00015.jpg,7 0 417 520 600
test_Nagakute_00225.jpg,7 104 342 593 441 8 1 424 128 567 8 475 422 595 556
test_Muroran_00221.jpg,5 110 322 583 599
test_Adachi_00290.jpg,2 317 313 471 591 2 327 315 429 497 8 369 339 471 454
test_Numazu_00352.jpg,5 86 425 569 598 5 303 417 527 576
test_Chiba_00004.jpg,7 31 511 500 600
test_Muroran_00108.jpg,2 448 427 594 589 5 119 361 419 600
test_Numazu_00118.jpg,1 82 347 189 508 2 215 278 270 590 8 326 294 568 580
test_Sumida_00079.jpg,2 271 403 404 551 8 63 414 206 563
test_Adachi_00107.jpg,2 362 181 569 510 2 455 343 597 570 8 36 161 272 587 8 392 201 596 353 8 270 165 355 211
test_Adachi_00291.jpg,1 388 359 593 581 8 10 303 207 479 8 384 362 593 586
test_Numazu_00128.jpg,5 234 408 478 595
test_Sumida_00009.jpg,7 23 452 242 560 8 310 423 513 557 8 27 456 236 573
test_Numazu_00134.jpg,1 211 358 294 494 8 4 295 200 598 8 343 302 600 481
test_Nagakute_00047.jpg,5 103 370 573 597
test_Muroran_00212.jpg,5 140 354 423 597
test_Adachi_00060.jpg,2 0 183 272 517
test_Numazu_00249.jpg,2 264 367 536 599
test_Nagakute_00022.jpg,1 109 357 230 481 3 209 410 519 470
test_Adachi_00121.jpg,2 0 183 272 517
test_Numazu_00241.jpg,2 267 272 366 574 2 265 262 337 472
test_Adachi_00004.jpg,2 139 224 240 531 8 134 260 234 566
test_Numazu_00144.jpg,5 0 323 445 594 5 211 307 505 596 5 3 300 246 585 8 292 315 459 595
test_Chiba_00078.jpg,2 0 183 272 517
test_Muroran_00028.jpg,5 87 325 549 585
test_Nagakute_00191.jpg,1 28 427 151 585 5 204 510 356 600
test_Adachi_00155.jpg,2 373 301 600 528
test_Muroran_00410.jpg,1 402 437 538 595 5 394 419 539 595
test_Numazu_00028.jpg,1 244 354 403 509 2 148 305 257 593 2 446 488 555 595
test_Numazu_00034.jpg,3 1 456 313 514 5 241 354 441 587
test_Sumida_00094.jpg,2 147 417 256 543
test_Nagakute_00036.jpg,2 0 183 272 517
test_Ichihara_00013.jpg,2 0 183 272 517
test_Muroran_00373.jpg,5 199 426 540 600 8 60 329 274 600 8 110 339 277 500
test_Adachi_00216.jpg,1 457 351 600 461 1 154 331 245 450
test_Adachi_00110.jpg,1 274 416 356 598
test_Chiba_00074.jpg,7 159 495 600 591 7 0 493 469 599
test_Sumida_00198.jpg,2 367 411 515 553
test_Ichihara_00025.jpg,8 198 460 463 600 8 396 378 600 591
test_Muroran_00207.jpg,5 0 381 439 600
test_Sumida_00164.jpg,7 153 418 600 504
test_Adachi_00213.jpg,2 372 364 584 576
test_Ichihara_00037.jpg,1 377 424 494 588 8 399 384 597 587 8 1 425 224 596
test_Numazu_00117.jpg,2 233 303 282 587
test_Numazu_00107.jpg,5 221 314 469 551 8 434 403 598 558 8 123 285 269 501
test_Nagakute_00003.jpg,1 210 396 273 568
test_Sumida_00176.jpg,2 0 183 272 517
test_Muroran_00090.jpg,5 171 394 553 600
test_Chiba_00036.jpg,8 316 407 500 570 8 17 444 172 584
test_Sumida_00196.jpg,2 178 431 221 531
test_Adachi_00075.jpg,2 0 183 272 517
test_Adachi_00151.jpg,1 201 397 364 553 1 313 271 595 541
test_Numazu_00184.jpg,5 160 454 600 600
test_Muroran_00226.jpg,2 0 183 272 517
test_Ichihara_00003.jpg,1 326 415 475 595 1 372 405 585 571 2 364 396 599 558
test_Muroran_00160.jpg,2 16 379 248 600 2 352 323 405 595
test_Muroran_00149.jpg,5 61 385 484 600
test_Muroran_00251.jpg,8 2 348 217 587
test_Muroran_00122.jpg,2 0 183 272 517
test_Nagakute_00128.jpg,5 84 322 537 595 5 9 265 366 576
test_Nagakute_00049.jpg,2 281 337 463 598 5 57 408 461 595
test_Muroran_00292.jpg,5 143 343 565 585
test_Nagakute_00256.jpg,2 0 183 272 517
test_Sumida_00072.jpg,7 191 427 600 521
test_Muroran_00205.jpg,5 236 397 566 598
test_Muroran_00366.jpg,5 251 351 406 600
test_Numazu_00368.jpg,1 352 408 489 591 8 0 388 364 593 8 287 348 498 559 8 19 329 249 547
test_Adachi_00313.jpg,2 0 183 272 517
test_Nagakute_00233.jpg,1 347 384 537 600 2 173 331 284 582 2 345 349 582 600
test_Adachi_00322.jpg,1 391 229 478 336 8 352 327 528 409
test_Adachi_00083.jpg,2 331 200 428 562 8 0 227 206 508 8 244 175 333 306
test_Nagakute_00204.jpg,7 68 482 600 600
test_Numazu_00407.jpg,8 106 404 384 594 8 297 353 591 598 8 0 329 151 487
test_Adachi_00089.jpg,2 462 401 548 600 5 368 456 520 594 8 281 367 446 542 8 470 432 553 598
test_Numazu_00303.jpg,2 0 339 171 529 8 13 375 153 516
test_Chiba_00029.jpg,8 27 484 162 600
